# it M_loc cnt_up cnt_dn dmin_up dmin_dn  (KS output per iteration; a resumed run appends)
1 0.499394 13 13 +0.00135 +0.00250
2 0.489904 8 9 +0.00602 +0.01628
3 0.493331 7 8 +0.00622 +0.01677
4 0.503659 8 9 +0.00595 +0.01699
5 0.509782 9 9 +0.00556 +0.01688
6 0.520833 8 9 +0.00515 +0.01700
7 0.546986 8 9 +0.00430 +0.01745
8 0.560135 8 9 +0.00375 +0.01755
9 0.569735 8 8 +0.00356 +0.01785
10 0.581369 8 8 +0.00312 +0.01797
11 0.592824 8 8 +0.00274 +0.01815
12 0.613761 9 8 +0.00209 +0.01851
13 0.625916 8 8 +0.00171 +0.01871
14 0.640346 8 8 +0.00126 +0.01894
15 0.640996 8 8 +0.00126 +0.01895
16 0.644032 8 8 +0.00118 +0.01899
17 0.644953 8 8 +0.00118 +0.01900
18 0.647418 8 8 +0.00110 +0.01903
19 0.648108 8 8 +0.00108 +0.01904
20 0.648640 8 8 +0.00107 +0.01904
21 0.649013 8 8 +0.00106 +0.01905
22 0.649306 8 8 +0.00106 +0.01905
23 0.649397 8 8 +0.00106 +0.01905
24 0.649288 8 8 +0.00106 +0.01905
25 0.649225 8 8 +0.00107 +0.01904
26 0.649160 8 8 +0.00107 +0.01904
27 0.649175 8 8 +0.00107 +0.01904
28 0.649203 8 8 +0.00107 +0.01904
