# it M_loc cnt_up cnt_dn dmin_up dmin_dn  (KS output per iteration; a resumed run appends)
1 0.656276 17 16 +0.00146 +0.00982
2 0.656482 17 16 +0.00150 +0.00987
3 0.657046 17 16 +0.00149 +0.00989
4 0.658959 17 16 +0.00142 +0.00994
5 0.659085 17 16 +0.00140 +0.00996
6 0.659044 17 16 +0.00139 -0.00996
7 0.658949 17 16 +0.00138 -0.00996
8 0.658913 17 16 +0.00136 -0.00996
9 0.659031 17 16 +0.00135 -0.00996
10 0.659295 17 16 +0.00135 -0.00996
11 0.659419 17 16 +0.00134 -0.00996
12 0.659562 17 16 +0.00134 -0.00996
13 0.659682 17 16 +0.00134 -0.00996
14 0.659757 17 16 +0.00133 -0.00996
15 0.659798 17 16 +0.00133 -0.00996
16 0.659871 17 16 +0.00133 -0.00996
17 0.659922 17 16 +0.00133 -0.00996
18 0.659993 17 16 +0.00133 -0.00996
19 0.660047 17 16 +0.00133 -0.00996
20 0.660081 17 16 +0.00133 -0.00996
21 0.660104 17 16 +0.00133 -0.00996
22 0.660117 17 16 +0.00133 -0.00996
