Hartree: kernel W (263, 35, 35) built in 0.91 s
leads (interacting): mu = 8.95648 meV (1.4 s)
results/qpc_wx1.0_unpol.npz exists and is converged; loading (use --force to recompute)
large-seed B = 0: wx = 1.0, model A, sigma = 60.0 nm, s = 0.3798, initial M = 1.0000, Pulay, maxiter = 200
SCF: spin-polarised, mu = 8.9565 meV, B = 0.0 T, kT = 0.05 meV, method = dense, interp = exchange
  it   residual    mu(meV)          N          M    nb    t(s)
   1  3.886e-01    8.95648   137.4442    0.83681   160    4.30
   2  3.361e-01    8.95648   137.7198    0.76593   160    4.36
   3  2.841e-01    8.95648   137.5343    0.78774   160    5.31
   4  3.648e-01    8.95648   137.7562    0.73640   160    5.31
   5  3.413e-01    8.95648   137.3820    0.70546   160    6.80
   6  2.707e-01    8.95648   137.6357    0.68775   160    4.84
   7  2.642e-01    8.95648   137.4770    0.69025   160    4.43
   8  2.279e-01    8.95648   137.6183    0.70335   160    4.40
   9  2.407e-01    8.95648   137.4841    0.72412   160    4.24
  10  2.648e-01    8.95648   137.6408    0.75713   160    4.37
  11  1.899e-01    8.95648   137.5052    0.78133   160    4.71
  12  1.675e-01    8.95648   137.5995    0.79265   160    5.05
  13  1.504e-01    8.95648   137.5198    0.80524   160    4.37
  14  1.238e-01    8.95648   137.5908    0.82580   160    4.39
  15  1.306e-01    8.95648   137.5229    0.83975   160    3.99
  16  1.161e-01    8.95648   137.5910    0.85893   160    4.25
  17  1.003e-01    8.95648   137.5394    0.87572   160    4.56
  18  9.919e-02    8.95648   137.5767    0.88864   160    4.16
  19  1.158e-01    8.95648   137.5285    0.90884   160    4.62
  20  1.266e-01    8.95648   137.5805    0.98081   160    4.10
  21  1.459e-01    8.95648   137.5021    1.02593   160    4.45
  22  1.211e-01    8.95648   137.5968    1.03291   160    4.14
  23  1.031e-01    8.95648   137.5134    1.04793   160    4.64
  24  9.370e-02    8.95648   137.5961    1.04943   160    3.88
  25  6.630e-02    8.95648   137.5325    1.05122   160    5.07
  26  5.341e-02    8.95648   137.5776    1.06522   160    4.09
  27  5.087e-02    8.95648   137.5239    1.06666   160    4.13
  28  2.724e-02    8.95648   137.5608    1.06701   160    4.43
  29  1.260e-02    8.95648   137.5477    1.06813   160    4.29
  30  1.333e-02    8.95648   137.5510    1.06886   160    4.29
  31  1.565e-02    8.95648   137.5464    1.07001   160    3.82
  32  1.277e-02    8.95648   137.5537    1.07161   160    4.68
  33  1.036e-02    8.95648   137.5452    1.07220   160    4.81
  34  9.807e-03    8.95648   137.5547    1.07248   160    4.37
  35  7.644e-03    8.95648   137.5469    1.07254   160    3.78
  36  6.380e-03    8.95648   137.5522    1.07276   160    3.81
  37  6.524e-03    8.95648   137.5472    1.07284   160    3.95
  38  5.951e-03    8.95648   137.5517    1.07283   160    4.35
  39  3.884e-03    8.95648   137.5495    1.07280   160    4.67
  40  3.042e-03    8.95648   137.5504    1.07279   160    3.75
  41  2.208e-03    8.95648   137.5495    1.07279   160    4.11
  42  2.216e-03    8.95648   137.5508    1.07284   160    4.20
  43  2.602e-03    8.95648   137.5485    1.07293   160    4.35
  44  2.225e-03    8.95648   137.5512    1.07298   160    3.78
  45  1.332e-03    8.95648   137.5496    1.07305   160    5.02
  46  1.181e-03    8.95648   137.5505    1.07310   160    4.04
  47  1.025e-03    8.95648   137.5497    1.07315   160    4.28
  48  7.256e-04    8.95648   137.5501    1.07319   160    4.36
  49  5.407e-04    8.95648   137.5499    1.07321   160    3.85
  50  4.319e-04    8.95648   137.5501    1.07322   160    4.01
  51  4.143e-04    8.95648   137.5499    1.07323   160    4.07
  52  4.115e-04    8.95648   137.5502    1.07323   160    4.40
  53  4.151e-04    8.95648   137.5498    1.07324   160    4.26
  54  3.871e-04    8.95648   137.5502    1.07324   160    4.19
  55  3.646e-04    8.95648   137.5499    1.07324   160    4.62
  56  3.038e-04    8.95648   137.5501    1.07323   160    4.15
  57  2.146e-04    8.95648   137.5500    1.07323   160    4.08
  58  1.678e-04    8.95648   137.5500    1.07323   160    4.02
  59  1.663e-04    8.95648   137.5500    1.07322   160    4.78
  60  1.481e-04    8.95648   137.5500    1.07321   160    3.76
  61  1.173e-04    8.95648   137.5499    1.07321   160    4.46
  62  1.034e-04    8.95648   137.5500    1.07321   160    4.35
  63  9.093e-05    8.95648   137.5500    1.07320   160    4.25
SCF converged after 63 iterations, 276.0 s

 B[T]    M_loc M_win300         M   M_wire   it    t[s]         N   nup_far   ndn_far  top_up  top_dn mu-top_up mu-top_dn  conv
    0   1.0732   1.0964    1.0732  -0.0000   63   276.0  137.5500  0.014000  0.014000  0.4156  1.2199   +0.5140   -0.2903  True
  M = 1.0732, M_loc = 1.0732   # HMW: ~0.85, M_win300 = 1.0964
  [up] peaks: x=-85.7 nm h=0.4156, x=+85.7 nm h=0.4156   # HMW: two peaks at x ~ +-80 nm, ~0.6 meV (nearly flat top over ~160 nm)
  [up] e_0(0)-e_0(far) = -0.0294 meV   # HMW: ~0.45 meV (shallow dip ~0.15 meV);  mu - e_0(far) = 0.9296 meV   # HMW: ~1.1 meV
  [dn] peaks: x=-123.8 nm h=0.1159, x=+0.0 nm h=1.2199, x=+123.8 nm h=0.1159   # HMW: one peak ~1.2 meV (just above mu)
  [dn] e_0(0)-e_0(far) = 1.2199 meV;  mu - e_0(far) = 0.9296 meV   # HMW: ~1.1 meV
  n_1D(0) = 0.012979 nm^-1 (up 0.012347, dn 0.000632)   # HMW: ~1.5e-2 nm^-1 total
