# results/qpc_wx1.0_A_B0_largeseed.npz: LDOS at x = 0, 1/(meV nm), Lorentzian; M_loc = 1.0732
# e-mu[meV] rho_up(eta=0.05) rho_dn(eta=0.05) rho_up(eta=0.1) rho_dn(eta=0.1)
-1.229621e+00 8.717222e-04 6.816811e-05 1.683846e-03 1.358298e-04
-1.227621e+00 8.791448e-04 6.834939e-05 1.697623e-03 1.361887e-04
-1.225621e+00 8.866665e-04 6.853148e-05 1.711574e-03 1.365491e-04
-1.223621e+00 8.942892e-04 6.871440e-05 1.725702e-03 1.369112e-04
-1.221621e+00 9.020146e-04 6.889816e-05 1.740010e-03 1.372749e-04
-1.219621e+00 9.098448e-04 6.908275e-05 1.754501e-03 1.376402e-04
-1.217621e+00 9.177816e-04 6.926819e-05 1.769179e-03 1.380071e-04
-1.215621e+00 9.258269e-04 6.945448e-05 1.784046e-03 1.383757e-04
-1.213621e+00 9.339829e-04 6.964162e-05 1.799106e-03 1.387459e-04
-1.211621e+00 9.422516e-04 6.982963e-05 1.814361e-03 1.391179e-04
-1.209621e+00 9.506351e-04 7.001851e-05 1.829816e-03 1.394915e-04
-1.207621e+00 9.591357e-04 7.020827e-05 1.845474e-03 1.398668e-04
-1.205621e+00 9.677554e-04 7.039892e-05 1.861339e-03 1.402439e-04
-1.203621e+00 9.764966e-04 7.059045e-05 1.877414e-03 1.406226e-04
-1.201621e+00 9.853617e-04 7.078288e-05 1.893702e-03 1.410031e-04
-1.199621e+00 9.943530e-04 7.097622e-05 1.910209e-03 1.413854e-04
-1.197621e+00 1.003473e-03 7.117047e-05 1.926937e-03 1.417694e-04
-1.195621e+00 1.012724e-03 7.136564e-05 1.943890e-03 1.421552e-04
-1.193621e+00 1.022109e-03 7.156173e-05 1.961073e-03 1.425428e-04
-1.191621e+00 1.031630e-03 7.175876e-05 1.978490e-03 1.429322e-04
-1.189621e+00 1.041291e-03 7.195674e-05 1.996144e-03 1.433234e-04
-1.187621e+00 1.051093e-03 7.215566e-05 2.014041e-03 1.437164e-04
-1.185621e+00 1.061040e-03 7.235554e-05 2.032185e-03 1.441113e-04
-1.183621e+00 1.071135e-03 7.255639e-05 2.050580e-03 1.445080e-04
-1.181621e+00 1.081380e-03 7.275821e-05 2.069231e-03 1.449067e-04
-1.179621e+00 1.091779e-03 7.296101e-05 2.088142e-03 1.453072e-04
-1.177621e+00 1.102335e-03 7.316480e-05 2.107319e-03 1.457096e-04
-1.175621e+00 1.113051e-03 7.336960e-05 2.126767e-03 1.461139e-04
-1.173621e+00 1.123930e-03 7.357539e-05 2.146490e-03 1.465202e-04
-1.171621e+00 1.134976e-03 7.378221e-05 2.166493e-03 1.469284e-04
-1.169621e+00 1.146192e-03 7.399005e-05 2.186783e-03 1.473386e-04
-1.167621e+00 1.157582e-03 7.419892e-05 2.207364e-03 1.477508e-04
-1.165621e+00 1.169150e-03 7.440884e-05 2.228243e-03 1.481650e-04
-1.163621e+00 1.180899e-03 7.461981e-05 2.249424e-03 1.485812e-04
-1.161621e+00 1.192833e-03 7.483184e-05 2.270913e-03 1.489994e-04
-1.159621e+00 1.204956e-03 7.504494e-05 2.292717e-03 1.494196e-04
-1.157621e+00 1.217272e-03 7.525912e-05 2.314842e-03 1.498420e-04
-1.155621e+00 1.229786e-03 7.547439e-05 2.337294e-03 1.502664e-04
-1.153621e+00 1.242501e-03 7.569076e-05 2.360078e-03 1.506929e-04
-1.151621e+00 1.255423e-03 7.590825e-05 2.383203e-03 1.511215e-04
-1.149621e+00 1.268556e-03 7.612685e-05 2.406675e-03 1.515522e-04
-1.147621e+00 1.281903e-03 7.634659e-05 2.430499e-03 1.519851e-04
-1.145621e+00 1.295472e-03 7.656747e-05 2.454684e-03 1.524202e-04
-1.143621e+00 1.309265e-03 7.678951e-05 2.479237e-03 1.528575e-04
-1.141621e+00 1.323289e-03 7.701271e-05 2.504165e-03 1.532969e-04
-1.139621e+00 1.337548e-03 7.723708e-05 2.529476e-03 1.537386e-04
-1.137621e+00 1.352048e-03 7.746265e-05 2.555177e-03 1.541826e-04
-1.135621e+00 1.366795e-03 7.768941e-05 2.581276e-03 1.546288e-04
-1.133621e+00 1.381794e-03 7.791739e-05 2.607782e-03 1.550773e-04
-1.131621e+00 1.397051e-03 7.814659e-05 2.634703e-03 1.555281e-04
-1.129621e+00 1.412572e-03 7.837703e-05 2.662047e-03 1.559812e-04
-1.127621e+00 1.428364e-03 7.860872e-05 2.689823e-03 1.564367e-04
-1.125621e+00 1.444433e-03 7.884167e-05 2.718040e-03 1.568945e-04
-1.123621e+00 1.460785e-03 7.907590e-05 2.746708e-03 1.573547e-04
-1.121621e+00 1.477428e-03 7.931142e-05 2.775835e-03 1.578173e-04
-1.119621e+00 1.494368e-03 7.954824e-05 2.805432e-03 1.582824e-04
-1.117621e+00 1.511613e-03 7.978639e-05 2.835509e-03 1.587499e-04
-1.115621e+00 1.529170e-03 8.002586e-05 2.866075e-03 1.592199e-04
-1.113621e+00 1.547047e-03 8.026668e-05 2.897141e-03 1.596924e-04
-1.111621e+00 1.565252e-03 8.050887e-05 2.928718e-03 1.601675e-04
-1.109621e+00 1.583792e-03 8.075243e-05 2.960817e-03 1.606451e-04
-1.107621e+00 1.602678e-03 8.099739e-05 2.993449e-03 1.611252e-04
-1.105621e+00 1.621916e-03 8.124377e-05 3.026625e-03 1.616080e-04
-1.103621e+00 1.641518e-03 8.149156e-05 3.060358e-03 1.620933e-04
-1.101621e+00 1.661490e-03 8.174081e-05 3.094660e-03 1.625813e-04
-1.099621e+00 1.681844e-03 8.199152e-05 3.129542e-03 1.630720e-04
-1.097621e+00 1.702590e-03 8.224370e-05 3.165019e-03 1.635654e-04
-1.095621e+00 1.723737e-03 8.249739e-05 3.201103e-03 1.640616e-04
-1.093621e+00 1.745296e-03 8.275260e-05 3.237808e-03 1.645604e-04
-1.091621e+00 1.767278e-03 8.300934e-05 3.275147e-03 1.650621e-04
-1.089621e+00 1.789696e-03 8.326764e-05 3.313135e-03 1.655666e-04
-1.087621e+00 1.812559e-03 8.352752e-05 3.351786e-03 1.660739e-04
-1.085621e+00 1.835881e-03 8.378900e-05 3.391115e-03 1.665840e-04
-1.083621e+00 1.859674e-03 8.405211e-05 3.431139e-03 1.670971e-04
-1.081621e+00 1.883951e-03 8.431685e-05 3.471871e-03 1.676131e-04
-1.079621e+00 1.908726e-03 8.458327e-05 3.513330e-03 1.681320e-04
-1.077621e+00 1.934012e-03 8.485137e-05 3.555531e-03 1.686540e-04
-1.075621e+00 1.959825e-03 8.512119e-05 3.598491e-03 1.691789e-04
-1.073621e+00 1.986178e-03 8.539275e-05 3.642229e-03 1.697069e-04
-1.071621e+00 2.013089e-03 8.566608e-05 3.686761e-03 1.702380e-04
-1.069621e+00 2.040572e-03 8.594120e-05 3.732107e-03 1.707722e-04
-1.067621e+00 2.068644e-03 8.621814e-05 3.778286e-03 1.713096e-04
-1.065621e+00 2.097323e-03 8.649693e-05 3.825316e-03 1.718501e-04
-1.063621e+00 2.126627e-03 8.677760e-05 3.873219e-03 1.723939e-04
-1.061621e+00 2.156575e-03 8.706018e-05 3.922015e-03 1.729408e-04
-1.059621e+00 2.187185e-03 8.734471e-05 3.971724e-03 1.734911e-04
-1.057621e+00 2.218478e-03 8.763120e-05 4.022369e-03 1.740447e-04
-1.055621e+00 2.250475e-03 8.791971e-05 4.073972e-03 1.746017e-04
-1.053621e+00 2.283198e-03 8.821026e-05 4.126555e-03 1.751621e-04
-1.051621e+00 2.316668e-03 8.850289e-05 4.180142e-03 1.757259e-04
-1.049621e+00 2.350911e-03 8.879764e-05 4.234758e-03 1.762931e-04
-1.047621e+00 2.385949e-03 8.909455e-05 4.290426e-03 1.768639e-04
-1.045621e+00 2.421808e-03 8.939365e-05 4.347173e-03 1.774383e-04
-1.043621e+00 2.458516e-03 8.969500e-05 4.405024e-03 1.780162e-04
-1.041621e+00 2.496098e-03 8.999862e-05 4.464007e-03 1.785977e-04
-1.039621e+00 2.534585e-03 9.030458e-05 4.524148e-03 1.791829e-04
-1.037621e+00 2.574005e-03 9.061292e-05 4.585476e-03 1.797719e-04
-1.035621e+00 2.614390e-03 9.092369e-05 4.648019e-03 1.803646e-04
-1.033621e+00 2.655772e-03 9.123693e-05 4.711808e-03 1.809610e-04
-1.031621e+00 2.698185e-03 9.155271e-05 4.776873e-03 1.815614e-04
-1.029621e+00 2.741663e-03 9.187108e-05 4.843245e-03 1.821656e-04
-1.027621e+00 2.786245e-03 9.219209e-05 4.910956e-03 1.827737e-04
-1.025621e+00 2.831968e-03 9.251581e-05 4.980039e-03 1.833858e-04
-1.023621e+00 2.878871e-03 9.284231e-05 5.050527e-03 1.840019e-04
-1.021621e+00 2.926997e-03 9.317164e-05 5.122455e-03 1.846220e-04
-1.019621e+00 2.976389e-03 9.350388e-05 5.195859e-03 1.852463e-04
-1.017621e+00 3.027093e-03 9.383910e-05 5.270774e-03 1.858747e-04
-1.015621e+00 3.079155e-03 9.417737e-05 5.347237e-03 1.865073e-04
-1.013621e+00 3.132626e-03 9.451878e-05 5.425287e-03 1.871441e-04
-1.011621e+00 3.187557e-03 9.486340e-05 5.504963e-03 1.877852e-04
-1.009621e+00 3.244003e-03 9.521133e-05 5.586304e-03 1.884307e-04
-1.007621e+00 3.302019e-03 9.556264e-05 5.669351e-03 1.890805e-04
-1.005621e+00 3.361665e-03 9.591743e-05 5.754145e-03 1.897347e-04
-1.003621e+00 3.423002e-03 9.627581e-05 5.840730e-03 1.903934e-04
-1.001621e+00 3.486095e-03 9.663786e-05 5.929148e-03 1.910566e-04
-9.996208e-01 3.551011e-03 9.700369e-05 6.019444e-03 1.917243e-04
-9.976208e-01 3.617819e-03 9.737341e-05 6.111664e-03 1.923966e-04
-9.956208e-01 3.686594e-03 9.774713e-05 6.205854e-03 1.930736e-04
-9.936208e-01 3.757411e-03 9.812497e-05 6.302061e-03 1.937552e-04
-9.916208e-01 3.830351e-03 9.850704e-05 6.400334e-03 1.944416e-04
-9.896208e-01 3.905495e-03 9.889345e-05 6.500722e-03 1.951327e-04
-9.876208e-01 3.982930e-03 9.928434e-05 6.603276e-03 1.958286e-04
-9.856208e-01 4.062746e-03 9.967983e-05 6.708045e-03 1.965294e-04
-9.836208e-01 4.145036e-03 1.000800e-04 6.815084e-03 1.972351e-04
-9.816208e-01 4.229897e-03 1.004851e-04 6.924444e-03 1.979456e-04
-9.796208e-01 4.317428e-03 1.008951e-04 7.036180e-03 1.986612e-04
-9.776208e-01 4.407733e-03 1.013102e-04 7.150347e-03 1.993817e-04
-9.756208e-01 4.500918e-03 1.017305e-04 7.267001e-03 2.001072e-04
-9.736208e-01 4.597094e-03 1.021561e-04 7.386199e-03 2.008378e-04
-9.716208e-01 4.696373e-03 1.025872e-04 7.507999e-03 2.015735e-04
-9.696208e-01 4.798870e-03 1.030237e-04 7.632458e-03 2.023143e-04
-9.676208e-01 4.904704e-03 1.034658e-04 7.759638e-03 2.030603e-04
-9.656208e-01 5.013995e-03 1.039135e-04 7.889598e-03 2.038115e-04
-9.636208e-01 5.126864e-03 1.043669e-04 8.022399e-03 2.045678e-04
-9.616208e-01 5.243436e-03 1.048260e-04 8.158105e-03 2.053294e-04
-9.596208e-01 5.363834e-03 1.052907e-04 8.296777e-03 2.060963e-04
-9.576208e-01 5.488186e-03 1.057610e-04 8.438479e-03 2.068684e-04
-9.556208e-01 5.616616e-03 1.062368e-04 8.583276e-03 2.076459e-04
-9.536208e-01 5.749253e-03 1.067181e-04 8.731233e-03 2.084287e-04
-9.516208e-01 5.886223e-03 1.072046e-04 8.882415e-03 2.092169e-04
-9.496208e-01 6.027655e-03 1.076961e-04 9.036890e-03 2.100104e-04
-9.476208e-01 6.173679e-03 1.081924e-04 9.194723e-03 2.108094e-04
-9.456208e-01 6.324427e-03 1.086933e-04 9.355983e-03 2.116137e-04
-9.436208e-01 6.480035e-03 1.091984e-04 9.520736e-03 2.124236e-04
-9.416208e-01 6.640641e-03 1.097074e-04 9.689051e-03 2.132389e-04
-9.396208e-01 6.806393e-03 1.102200e-04 9.860996e-03 2.140597e-04
-9.376208e-01 6.977445e-03 1.107357e-04 1.003664e-02 2.148860e-04
-9.356208e-01 7.153962e-03 1.112543e-04 1.021605e-02 2.157179e-04
-9.336208e-01 7.336122e-03 1.117753e-04 1.039929e-02 2.165554e-04
-9.316208e-01 7.524119e-03 1.122986e-04 1.058644e-02 2.173985e-04
-9.296208e-01 7.718163e-03 1.128237e-04 1.077755e-02 2.182473e-04
-9.276208e-01 7.918485e-03 1.133504e-04 1.097270e-02 2.191017e-04
-9.256208e-01 8.125336e-03 1.138785e-04 1.117195e-02 2.199619e-04
-9.236208e-01 8.338992e-03 1.144080e-04 1.137536e-02 2.208278e-04
-9.216208e-01 8.559750e-03 1.149387e-04 1.158300e-02 2.216996e-04
-9.196208e-01 8.787935e-03 1.154705e-04 1.179492e-02 2.225772e-04
-9.176208e-01 9.023893e-03 1.160036e-04 1.201118e-02 2.234607e-04
-9.156208e-01 9.267998e-03 1.165380e-04 1.223184e-02 2.243502e-04
-9.136208e-01 9.520647e-03 1.170739e-04 1.245695e-02 2.252457e-04
-9.116208e-01 9.782262e-03 1.176114e-04 1.268655e-02 2.261472e-04
-9.096208e-01 1.005329e-02 1.181507e-04 1.292070e-02 2.270549e-04
-9.076208e-01 1.033419e-02 1.186921e-04 1.315941e-02 2.279688e-04
-9.056208e-01 1.062547e-02 1.192358e-04 1.340274e-02 2.288889e-04
-9.036208e-01 1.092762e-02 1.197822e-04 1.365071e-02 2.298154e-04
-9.016208e-01 1.124119e-02 1.203314e-04 1.390333e-02 2.307483e-04
-8.996208e-01 1.156674e-02 1.208838e-04 1.416062e-02 2.316876e-04
-8.976208e-01 1.190483e-02 1.214397e-04 1.442258e-02 2.326335e-04
-8.956208e-01 1.225607e-02 1.219993e-04 1.468921e-02 2.335861e-04
-8.936208e-01 1.262107e-02 1.225628e-04 1.496050e-02 2.345454e-04
-8.916208e-01 1.300047e-02 1.231306e-04 1.523641e-02 2.355114e-04
-8.896208e-01 1.339492e-02 1.237029e-04 1.551691e-02 2.364844e-04
-8.876208e-01 1.380511e-02 1.242800e-04 1.580194e-02 2.374643e-04
-8.856208e-01 1.423172e-02 1.248619e-04 1.609146e-02 2.384514e-04
-8.836208e-01 1.467546e-02 1.254491e-04 1.638536e-02 2.394455e-04
-8.816208e-01 1.513706e-02 1.260416e-04 1.668356e-02 2.404470e-04
-8.796208e-01 1.561725e-02 1.266396e-04 1.698596e-02 2.414557e-04
-8.776208e-01 1.611678e-02 1.272434e-04 1.729240e-02 2.424720e-04
-8.756208e-01 1.663640e-02 1.278531e-04 1.760276e-02 2.434957e-04
-8.736208e-01 1.717688e-02 1.284689e-04 1.791685e-02 2.445271e-04
-8.716208e-01 1.773895e-02 1.290909e-04 1.823448e-02 2.455663e-04
-8.696208e-01 1.832337e-02 1.297193e-04 1.855545e-02 2.466133e-04
-8.676208e-01 1.893087e-02 1.303543e-04 1.887951e-02 2.476682e-04
-8.656208e-01 1.956214e-02 1.309959e-04 1.920640e-02 2.487311e-04
-8.636208e-01 2.021786e-02 1.316443e-04 1.953584e-02 2.498022e-04
-8.616208e-01 2.089864e-02 1.322996e-04 1.986751e-02 2.508816e-04
-8.596208e-01 2.160507e-02 1.329621e-04 2.020107e-02 2.519693e-04
-8.576208e-01 2.233761e-02 1.336317e-04 2.053616e-02 2.530654e-04
-8.556208e-01 2.309667e-02 1.343086e-04 2.087237e-02 2.541701e-04
-8.536208e-01 2.388254e-02 1.349930e-04 2.120930e-02 2.552835e-04
-8.516208e-01 2.469536e-02 1.356849e-04 2.154647e-02 2.564056e-04
-8.496208e-01 2.553513e-02 1.363845e-04 2.188343e-02 2.575366e-04
-8.476208e-01 2.640166e-02 1.370919e-04 2.221964e-02 2.586766e-04
-8.456208e-01 2.729455e-02 1.378072e-04 2.255459e-02 2.598256e-04
-8.436208e-01 2.821314e-02 1.385305e-04 2.288771e-02 2.609838e-04
-8.416208e-01 2.915653e-02 1.392619e-04 2.321841e-02 2.621514e-04
-8.396208e-01 3.012346e-02 1.400016e-04 2.354608e-02 2.633283e-04
-8.376208e-01 3.111236e-02 1.407497e-04 2.387009e-02 2.645147e-04
-8.356208e-01 3.212127e-02 1.415062e-04 2.418977e-02 2.657107e-04
-8.336208e-01 3.314782e-02 1.422712e-04 2.450446e-02 2.669165e-04
-8.316208e-01 3.418919e-02 1.430450e-04 2.481347e-02 2.681320e-04
-8.296208e-01 3.524208e-02 1.438276e-04 2.511610e-02 2.693575e-04
-8.276208e-01 3.630273e-02 1.446191e-04 2.541164e-02 2.705931e-04
-8.256208e-01 3.736683e-02 1.454197e-04 2.569936e-02 2.718388e-04
-8.236208e-01 3.842959e-02 1.462294e-04 2.597856e-02 2.730947e-04
-8.216208e-01 3.948570e-02 1.470484e-04 2.624851e-02 2.743610e-04
-8.196208e-01 4.052937e-02 1.478767e-04 2.650851e-02 2.756378e-04
-8.176208e-01 4.155437e-02 1.487146e-04 2.675785e-02 2.769252e-04
-8.156208e-01 4.255408e-02 1.495620e-04 2.699586e-02 2.782233e-04
-8.136208e-01 4.352155e-02 1.504192e-04 2.722186e-02 2.795322e-04
-8.116208e-01 4.444962e-02 1.512863e-04 2.743523e-02 2.808520e-04
-8.096208e-01 4.533102e-02 1.521633e-04 2.763535e-02 2.821828e-04
-8.076208e-01 4.615847e-02 1.530504e-04 2.782165e-02 2.835248e-04
-8.056208e-01 4.692484e-02 1.539477e-04 2.799359e-02 2.848780e-04
-8.036208e-01 4.762331e-02 1.548553e-04 2.815069e-02 2.862426e-04
-8.016208e-01 4.824749e-02 1.557734e-04 2.829248e-02 2.876186e-04
-7.996208e-01 4.879158e-02 1.567020e-04 2.841859e-02 2.890063e-04
-7.976208e-01 4.925053e-02 1.576414e-04 2.852866e-02 2.904056e-04
-7.956208e-01 4.962017e-02 1.585916e-04 2.862242e-02 2.918168e-04
-7.936208e-01 4.989729e-02 1.595527e-04 2.869964e-02 2.932399e-04
-7.916208e-01 5.007976e-02 1.605249e-04 2.876014e-02 2.946750e-04
-7.896208e-01 5.016654e-02 1.615083e-04 2.880384e-02 2.961223e-04
-7.876208e-01 5.015775e-02 1.625030e-04 2.883068e-02 2.975819e-04
-7.856208e-01 5.005458e-02 1.635091e-04 2.884068e-02 2.990538e-04
-7.836208e-01 4.985933e-02 1.645268e-04 2.883394e-02 3.005383e-04
-7.816208e-01 4.957527e-02 1.655561e-04 2.881059e-02 3.020354e-04
-7.796208e-01 4.920656e-02 1.665973e-04 2.877084e-02 3.035452e-04
-7.776208e-01 4.875814e-02 1.676505e-04 2.871495e-02 3.050679e-04
-7.756208e-01 4.823560e-02 1.687158e-04 2.864324e-02 3.066036e-04
-7.736208e-01 4.764503e-02 1.697933e-04 2.855606e-02 3.081524e-04
-7.716208e-01 4.699288e-02 1.708833e-04 2.845383e-02 3.097144e-04
-7.696208e-01 4.628582e-02 1.719858e-04 2.833702e-02 3.112897e-04
-7.676208e-01 4.553061e-02 1.731008e-04 2.820612e-02 3.128785e-04
-7.656208e-01 4.473398e-02 1.742287e-04 2.806167e-02 3.144808e-04
-7.636208e-01 4.390249e-02 1.753693e-04 2.790422e-02 3.160969e-04
-7.616208e-01 4.304248e-02 1.765230e-04 2.773439e-02 3.177268e-04
-7.596208e-01 4.215995e-02 1.776897e-04 2.755278e-02 3.193706e-04
-7.576208e-01 4.126056e-02 1.788697e-04 2.736002e-02 3.210285e-04
-7.556208e-01 4.034955e-02 1.800632e-04 2.715677e-02 3.227005e-04
-7.536208e-01 3.943173e-02 1.812702e-04 2.694368e-02 3.243869e-04
-7.516208e-01 3.851148e-02 1.824910e-04 2.672142e-02 3.260877e-04
-7.496208e-01 3.759276e-02 1.837257e-04 2.649066e-02 3.278031e-04
-7.476208e-01 3.667907e-02 1.849746e-04 2.625205e-02 3.295331e-04
-7.456208e-01 3.577351e-02 1.862377e-04 2.600626e-02 3.312780e-04
-7.436208e-01 3.487880e-02 1.875151e-04 2.575393e-02 3.330378e-04
-7.416208e-01 3.399723e-02 1.888070e-04 2.549571e-02 3.348126e-04
-7.396208e-01 3.313077e-02 1.901134e-04 2.523221e-02 3.366026e-04
-7.376208e-01 3.228103e-02 1.914344e-04 2.496405e-02 3.384080e-04
-7.356208e-01 3.144933e-02 1.927702e-04 2.469182e-02 3.402287e-04
-7.336208e-01 3.063669e-02 1.941208e-04 2.441609e-02 3.420651e-04
-7.316208e-01 2.984389e-02 1.954864e-04 2.413740e-02 3.439171e-04
-7.296208e-01 2.907152e-02 1.968673e-04 2.385629e-02 3.457850e-04
-7.276208e-01 2.831997e-02 1.982635e-04 2.357326e-02 3.476688e-04
-7.256208e-01 2.758946e-02 1.996754e-04 2.328878e-02 3.495687e-04
-7.236208e-01 2.688011e-02 2.011033e-04 2.300332e-02 3.514847e-04
-7.216208e-01 2.619190e-02 2.025472e-04 2.271731e-02 3.534172e-04
-7.196208e-01 2.552474e-02 2.040074e-04 2.243115e-02 3.553661e-04
-7.176208e-01 2.487844e-02 2.054841e-04 2.214522e-02 3.573316e-04
-7.156208e-01 2.425271e-02 2.069773e-04 2.185988e-02 3.593138e-04
-7.136208e-01 2.364724e-02 2.084870e-04 2.157547e-02 3.613129e-04
-7.116208e-01 2.306161e-02 2.100132e-04 2.129229e-02 3.633290e-04
-7.096208e-01 2.249538e-02 2.115561e-04 2.101064e-02 3.653622e-04
-7.076208e-01 2.194805e-02 2.131156e-04 2.073078e-02 3.674127e-04
-7.056208e-01 2.141908e-02 2.146918e-04 2.045295e-02 3.694805e-04
-7.036208e-01 2.090795e-02 2.162850e-04 2.017738e-02 3.715659e-04
-7.016208e-01 2.041408e-02 2.178953e-04 1.990427e-02 3.736689e-04
-6.996208e-01 1.993694e-02 2.195230e-04 1.963380e-02 3.757898e-04
-6.976208e-01 1.947598e-02 2.211686e-04 1.936615e-02 3.779285e-04
-6.956208e-01 1.903067e-02 2.228322e-04 1.910146e-02 3.800853e-04
-6.936208e-01 1.860051e-02 2.245144e-04 1.883987e-02 3.822603e-04
-6.916208e-01 1.818500e-02 2.262152e-04 1.858150e-02 3.844536e-04
-6.896208e-01 1.778366e-02 2.279350e-04 1.832644e-02 3.866654e-04
-6.876208e-01 1.739603e-02 2.296738e-04 1.807479e-02 3.888958e-04
-6.856208e-01 1.702163e-02 2.314316e-04 1.782663e-02 3.911449e-04
-6.836208e-01 1.665998e-02 2.332083e-04 1.758202e-02 3.934129e-04
-6.816208e-01 1.631063e-02 2.350037e-04 1.734101e-02 3.956999e-04
-6.796208e-01 1.597309e-02 2.368179e-04 1.710366e-02 3.980060e-04
-6.776208e-01 1.564691e-02 2.386507e-04 1.686998e-02 4.003314e-04
-6.756208e-01 1.533161e-02 2.405022e-04 1.664002e-02 4.026762e-04
-6.736208e-01 1.502675e-02 2.423725e-04 1.641378e-02 4.050406e-04
-6.716208e-01 1.473190e-02 2.442619e-04 1.619128e-02 4.074246e-04
-6.696208e-01 1.444666e-02 2.461709e-04 1.597251e-02 4.098285e-04
-6.676208e-01 1.417066e-02 2.480999e-04 1.575748e-02 4.122523e-04
-6.656208e-01 1.390355e-02 2.500496e-04 1.554617e-02 4.146962e-04
-6.636208e-01 1.364501e-02 2.520204e-04 1.533857e-02 4.171604e-04
-6.616208e-01 1.339476e-02 2.540129e-04 1.513466e-02 4.196449e-04
-6.596208e-01 1.315252e-02 2.560273e-04 1.493442e-02 4.221499e-04
-6.576208e-01 1.291802e-02 2.580638e-04 1.473780e-02 4.246755e-04
-6.556208e-01 1.269101e-02 2.601223e-04 1.454480e-02 4.272220e-04
-6.536208e-01 1.247122e-02 2.622025e-04 1.435536e-02 4.297893e-04
-6.516208e-01 1.225840e-02 2.643043e-04 1.416944e-02 4.323777e-04
-6.496208e-01 1.205227e-02 2.664270e-04 1.398702e-02 4.349873e-04
-6.476208e-01 1.185256e-02 2.685705e-04 1.380805e-02 4.376183e-04
-6.456208e-01 1.165899e-02 2.707344e-04 1.363248e-02 4.402707e-04
-6.436208e-01 1.147129e-02 2.729186e-04 1.346026e-02 4.429447e-04
-6.416208e-01 1.128920e-02 2.751234e-04 1.329135e-02 4.456404e-04
-6.396208e-01 1.111248e-02 2.773491e-04 1.312570e-02 4.483580e-04
-6.376208e-01 1.094090e-02 2.795965e-04 1.296326e-02 4.510976e-04
-6.356208e-01 1.077427e-02 2.818663e-04 1.280398e-02 4.538594e-04
-6.336208e-01 1.061243e-02 2.841594e-04 1.264780e-02 4.566435e-04
-6.316208e-01 1.045521e-02 2.864769e-04 1.249468e-02 4.594500e-04
-6.296208e-01 1.030251e-02 2.888194e-04 1.234456e-02 4.622791e-04
-6.276208e-01 1.015420e-02 2.911875e-04 1.219739e-02 4.651308e-04
-6.256208e-01 1.001017e-02 2.935815e-04 1.205312e-02 4.680054e-04
-6.236208e-01 9.870326e-03 2.960013e-04 1.191169e-02 4.709030e-04
-6.216208e-01 9.734548e-03 2.984464e-04 1.177305e-02 4.738237e-04
-6.196208e-01 9.602711e-03 3.009162e-04 1.163716e-02 4.767676e-04
-6.176208e-01 9.474676e-03 3.034098e-04 1.150395e-02 4.797349e-04
-6.156208e-01 9.350292e-03 3.059263e-04 1.137338e-02 4.827257e-04
-6.136208e-01 9.229397e-03 3.084650e-04 1.124539e-02 4.857402e-04
-6.116208e-01 9.111824e-03 3.110252e-04 1.111993e-02 4.887785e-04
-6.096208e-01 8.997409e-03 3.136069e-04 1.099697e-02 4.918407e-04
-6.076208e-01 8.885994e-03 3.162101e-04 1.087643e-02 4.949269e-04
-6.056208e-01 8.777436e-03 3.188357e-04 1.075828e-02 4.980373e-04
-6.036208e-01 8.671616e-03 3.214848e-04 1.064247e-02 5.011721e-04
-6.016208e-01 8.568434e-03 3.241586e-04 1.052895e-02 5.043313e-04
-5.996208e-01 8.467816e-03 3.268589e-04 1.041767e-02 5.075151e-04
-5.976208e-01 8.369709e-03 3.295871e-04 1.030858e-02 5.107237e-04
-5.956208e-01 8.274081e-03 3.323445e-04 1.020165e-02 5.139571e-04
-5.936208e-01 8.180906e-03 3.351322e-04 1.009682e-02 5.172155e-04
-5.916208e-01 8.090167e-03 3.379505e-04 9.994057e-03 5.204990e-04
-5.896208e-01 8.001840e-03 3.407994e-04 9.893311e-03 5.238078e-04
-5.876208e-01 7.915894e-03 3.436781e-04 9.794541e-03 5.271420e-04
-5.856208e-01 7.832279e-03 3.465854e-04 9.697705e-03 5.305017e-04
-5.836208e-01 7.750930e-03 3.495198e-04 9.602764e-03 5.338871e-04
-5.816208e-01 7.671761e-03 3.524795e-04 9.509676e-03 5.372982e-04
-5.796208e-01 7.594668e-03 3.554627e-04 9.418403e-03 5.407353e-04
-5.776208e-01 7.519538e-03 3.584682e-04 9.328906e-03 5.441984e-04
-5.756208e-01 7.446249e-03 3.614951e-04 9.241147e-03 5.476877e-04
-5.736208e-01 7.374683e-03 3.645430e-04 9.155090e-03 5.512033e-04
-5.716208e-01 7.304729e-03 3.676127e-04 9.070697e-03 5.547453e-04
-5.696208e-01 7.236293e-03 3.707052e-04 8.987935e-03 5.583139e-04
-5.676208e-01 7.169303e-03 3.738227e-04 8.906767e-03 5.619092e-04
-5.656208e-01 7.103711e-03 3.769675e-04 8.827161e-03 5.655313e-04
-5.636208e-01 7.039492e-03 3.801422e-04 8.749083e-03 5.691804e-04
-5.616208e-01 6.976645e-03 3.833493e-04 8.672501e-03 5.728566e-04
-5.596208e-01 6.915188e-03 3.865912e-04 8.597383e-03 5.765599e-04
-5.576208e-01 6.855148e-03 3.898693e-04 8.523697e-03 5.802906e-04
-5.556208e-01 6.796555e-03 3.931843e-04 8.451414e-03 5.840487e-04
-5.536208e-01 6.739435e-03 3.965361e-04 8.380504e-03 5.878345e-04
-5.516208e-01 6.683802e-03 3.999235e-04 8.310939e-03 5.916479e-04
-5.496208e-01 6.629651e-03 4.033443e-04 8.242688e-03 5.954892e-04
-5.476208e-01 6.576954e-03 4.067959e-04 8.175726e-03 5.993584e-04
-5.456208e-01 6.525663e-03 4.102751e-04 8.110025e-03 6.032557e-04
-5.436208e-01 6.475704e-03 4.137789e-04 8.045558e-03 6.071812e-04
-5.416208e-01 6.426987e-03 4.173046e-04 7.982300e-03 6.111350e-04
-5.396208e-01 6.379410e-03 4.208500e-04 7.920225e-03 6.151173e-04
-5.376208e-01 6.332866e-03 4.244141e-04 7.859309e-03 6.191282e-04
-5.356208e-01 6.287254e-03 4.279970e-04 7.799527e-03 6.231677e-04
-5.336208e-01 6.242481e-03 4.316002e-04 7.740857e-03 6.272361e-04
-5.316208e-01 6.198479e-03 4.352261e-04 7.683274e-03 6.313334e-04
-5.296208e-01 6.155200e-03 4.388782e-04 7.626758e-03 6.354598e-04
-5.276208e-01 6.112623e-03 4.425607e-04 7.571285e-03 6.396153e-04
-5.256208e-01 6.070757e-03 4.462780e-04 7.516835e-03 6.438002e-04
-5.236208e-01 6.029631e-03 4.500340e-04 7.463386e-03 6.480145e-04
-5.216208e-01 5.989296e-03 4.538323e-04 7.410918e-03 6.522583e-04
-5.196208e-01 5.949810e-03 4.576751e-04 7.359411e-03 6.565318e-04
-5.176208e-01 5.911238e-03 4.615636e-04 7.308847e-03 6.608351e-04
-5.156208e-01 5.873637e-03 4.654970e-04 7.259204e-03 6.651683e-04
-5.136208e-01 5.837048e-03 4.694733e-04 7.210467e-03 6.695315e-04
-5.116208e-01 5.801494e-03 4.734891e-04 7.162615e-03 6.739248e-04
-5.096208e-01 5.766972e-03 4.775397e-04 7.115631e-03 6.783484e-04
-5.076208e-01 5.733451e-03 4.816201e-04 7.069499e-03 6.828023e-04
-5.056208e-01 5.700874e-03 4.857248e-04 7.024201e-03 6.872868e-04
-5.036208e-01 5.669162e-03 4.898491e-04 6.979720e-03 6.918018e-04
-5.016208e-01 5.638217e-03 4.939891e-04 6.936041e-03 6.963475e-04
-4.996208e-01 5.607933e-03 4.981425e-04 6.893147e-03 7.009240e-04
-4.976208e-01 5.578204e-03 5.023087e-04 6.851023e-03 7.055315e-04
-4.956208e-01 5.548930e-03 5.064890e-04 6.809655e-03 7.101701e-04
-4.936208e-01 5.520031e-03 5.106868e-04 6.769027e-03 7.148398e-04
-4.916208e-01 5.491450e-03 5.149069e-04 6.729125e-03 7.195408e-04
-4.896208e-01 5.463156e-03 5.191556e-04 6.689935e-03 7.242732e-04
-4.876208e-01 5.435152e-03 5.234399e-04 6.651444e-03 7.290372e-04
-4.856208e-01 5.407468e-03 5.277664e-04 6.613638e-03 7.338328e-04
-4.836208e-01 5.380160e-03 5.321416e-04 6.576504e-03 7.386602e-04
-4.816208e-01 5.353303e-03 5.365704e-04 6.540029e-03 7.435194e-04
-4.796208e-01 5.326983e-03 5.410559e-04 6.504201e-03 7.484106e-04
-4.776208e-01 5.301289e-03 5.455990e-04 6.469008e-03 7.533339e-04
-4.756208e-01 5.276299e-03 5.501983e-04 6.434438e-03 7.582894e-04
-4.736208e-01 5.252079e-03 5.548498e-04 6.400479e-03 7.632773e-04
-4.716208e-01 5.228668e-03 5.595478e-04 6.367120e-03 7.682975e-04
-4.696208e-01 5.206077e-03 5.642847e-04 6.334350e-03 7.733503e-04
-4.676208e-01 5.184289e-03 5.690521e-04 6.302157e-03 7.784357e-04
-4.656208e-01 5.163252e-03 5.738415e-04 6.270532e-03 7.835539e-04
-4.636208e-01 5.142889e-03 5.786451e-04 6.239464e-03 7.887049e-04
-4.616208e-01 5.123101e-03 5.834564e-04 6.208942e-03 7.938889e-04
-4.596208e-01 5.103776e-03 5.882713e-04 6.178957e-03 7.991060e-04
-4.576208e-01 5.084795e-03 5.930882e-04 6.149499e-03 8.043562e-04
-4.556208e-01 5.066045e-03 5.979086e-04 6.120558e-03 8.096398e-04
-4.536208e-01 5.047430e-03 6.027369e-04 6.092126e-03 8.149569e-04
-4.516208e-01 5.028875e-03 6.075801e-04 6.064192e-03 8.203075e-04
-4.496208e-01 5.010333e-03 6.124473e-04 6.036748e-03 8.256917e-04
-4.476208e-01 4.991795e-03 6.173492e-04 6.009786e-03 8.311097e-04
-4.456208e-01 4.973281e-03 6.222964e-04 5.983297e-03 8.365616e-04
-4.436208e-01 4.954846e-03 6.272995e-04 5.957272e-03 8.420476e-04
-4.416208e-01 4.936572e-03 6.323672e-04 5.931704e-03 8.475677e-04
-4.396208e-01 4.918557e-03 6.375060e-04 5.906586e-03 8.531220e-04
-4.376208e-01 4.900913e-03 6.427192e-04 5.881908e-03 8.587106e-04
-4.356208e-01 4.883748e-03 6.480068e-04 5.857664e-03 8.643337e-04
-4.336208e-01 4.867164e-03 6.533651e-04 5.833846e-03 8.699914e-04
-4.316208e-01 4.851239e-03 6.587872e-04 5.810448e-03 8.756837e-04
-4.296208e-01 4.836028e-03 6.642630e-04 5.787461e-03 8.814109e-04
-4.276208e-01 4.821550e-03 6.697805e-04 5.764879e-03 8.871729e-04
-4.256208e-01 4.807793e-03 6.753265e-04 5.742696e-03 8.929698e-04
-4.236208e-01 4.794706e-03 6.808878e-04 5.720904e-03 8.988019e-04
-4.216208e-01 4.782210e-03 6.864524e-04 5.699497e-03 9.046692e-04
-4.196208e-01 4.770197e-03 6.920105e-04 5.678468e-03 9.105717e-04
-4.176208e-01 4.758543e-03 6.975558e-04 5.657811e-03 9.165098e-04
-4.156208e-01 4.747115e-03 7.030857e-04 5.637521e-03 9.224833e-04
-4.136208e-01 4.735783e-03 7.086023e-04 5.617590e-03 9.284926e-04
-4.116208e-01 4.724428e-03 7.141118e-04 5.598013e-03 9.345376e-04
-4.096208e-01 4.712957e-03 7.196245e-04 5.578784e-03 9.406185e-04
-4.076208e-01 4.701303e-03 7.251539e-04 5.559898e-03 9.467355e-04
-4.056208e-01 4.689439e-03 7.307155e-04 5.541349e-03 9.528887e-04
-4.036208e-01 4.677375e-03 7.363260e-04 5.523132e-03 9.590782e-04
-4.016208e-01 4.665158e-03 7.420015e-04 5.505241e-03 9.653041e-04
-3.996208e-01 4.652869e-03 7.477561e-04 5.487672e-03 9.715666e-04
-3.976208e-01 4.640616e-03 7.536010e-04 5.470420e-03 9.778657e-04
-3.956208e-01 4.628528e-03 7.595431e-04 5.453479e-03 9.842016e-04
-3.936208e-01 4.616736e-03 7.655848e-04 5.436846e-03 9.905744e-04
-3.916208e-01 4.605374e-03 7.717231e-04 5.420515e-03 9.969842e-04
-3.896208e-01 4.594557e-03 7.779498e-04 5.404482e-03 1.003431e-03
-3.876208e-01 4.584378e-03 7.842524e-04 5.388742e-03 1.009915e-03
-3.856208e-01 4.574900e-03 7.906142e-04 5.373292e-03 1.016437e-03
-3.836208e-01 4.566148e-03 7.970165e-04 5.358126e-03 1.022996e-03
-3.816208e-01 4.558106e-03 8.034391e-04 5.343241e-03 1.029592e-03
-3.796208e-01 4.550723e-03 8.098625e-04 5.328632e-03 1.036226e-03
-3.776208e-01 4.543907e-03 8.162693e-04 5.314295e-03 1.042898e-03
-3.756208e-01 4.537539e-03 8.226459e-04 5.300225e-03 1.049608e-03
-3.736208e-01 4.531480e-03 8.289837e-04 5.286420e-03 1.056355e-03
-3.716208e-01 4.525578e-03 8.352799e-04 5.272874e-03 1.063141e-03
-3.696208e-01 4.519680e-03 8.415379e-04 5.259585e-03 1.069966e-03
-3.676208e-01 4.513647e-03 8.477674e-04 5.246547e-03 1.076828e-03
-3.656208e-01 4.507362e-03 8.539840e-04 5.233758e-03 1.083729e-03
-3.636208e-01 4.500739e-03 8.602074e-04 5.221214e-03 1.090669e-03
-3.616208e-01 4.493730e-03 8.664608e-04 5.208912e-03 1.097648e-03
-3.596208e-01 4.486332e-03 8.727685e-04 5.196848e-03 1.104666e-03
-3.576208e-01 4.478584e-03 8.791545e-04 5.185019e-03 1.111723e-03
-3.556208e-01 4.470566e-03 8.856401e-04 5.173422e-03 1.118819e-03
-3.536208e-01 4.462390e-03 8.922428e-04 5.162054e-03 1.125955e-03
-3.516208e-01 4.454198e-03 8.989744e-04 5.150912e-03 1.133131e-03
-3.496208e-01 4.446145e-03 9.058401e-04 5.139993e-03 1.140346e-03
-3.476208e-01 4.438389e-03 9.128378e-04 5.129295e-03 1.147601e-03
-3.456208e-01 4.431081e-03 9.199584e-04 5.118814e-03 1.154896e-03
-3.436208e-01 4.424354e-03 9.271856e-04 5.108549e-03 1.162231e-03
-3.416208e-01 4.418308e-03 9.344976e-04 5.098495e-03 1.169606e-03
-3.396208e-01 4.413011e-03 9.418681e-04 5.088651e-03 1.177022e-03
-3.376208e-01 4.408484e-03 9.492684e-04 5.079014e-03 1.184478e-03
-3.356208e-01 4.404708e-03 9.566691e-04 5.069582e-03 1.191975e-03
-3.336208e-01 4.401618e-03 9.640428e-04 5.060351e-03 1.199512e-03
-3.316208e-01 4.399111e-03 9.713661e-04 5.051318e-03 1.207090e-03
-3.296208e-01 4.397048e-03 9.786214e-04 5.042483e-03 1.214709e-03
-3.276208e-01 4.395269e-03 9.857986e-04 5.033841e-03 1.222369e-03
-3.256208e-01 4.393600e-03 9.928962e-04 5.025390e-03 1.230070e-03
-3.236208e-01 4.391865e-03 9.999215e-04 5.017128e-03 1.237813e-03
-3.216208e-01 4.389900e-03 1.006890e-03 5.009052e-03 1.245598e-03
-3.196208e-01 4.387563e-03 1.013826e-03 5.001160e-03 1.253424e-03
-3.176208e-01 4.384749e-03 1.020759e-03 4.993450e-03 1.261292e-03
-3.156208e-01 4.381391e-03 1.027721e-03 4.985920e-03 1.269203e-03
-3.136208e-01 4.377472e-03 1.034749e-03 4.978568e-03 1.277156e-03
-3.116208e-01 4.373023e-03 1.041876e-03 4.971393e-03 1.285152e-03
-3.096208e-01 4.368121e-03 1.049133e-03 4.964391e-03 1.293191e-03
-3.076208e-01 4.362887e-03 1.056545e-03 4.957562e-03 1.301272e-03
-3.056208e-01 4.357471e-03 1.064130e-03 4.950904e-03 1.309397e-03
-3.036208e-01 4.352051e-03 1.071897e-03 4.944416e-03 1.317565e-03
-3.016208e-01 4.346810e-03 1.079843e-03 4.938096e-03 1.325777e-03
-2.996208e-01 4.341934e-03 1.087959e-03 4.931943e-03 1.334033e-03
-2.976208e-01 4.337589e-03 1.096222e-03 4.925955e-03 1.342332e-03
-2.956208e-01 4.333919e-03 1.104604e-03 4.920131e-03 1.350675e-03
-2.936208e-01 4.331029e-03 1.113069e-03 4.914470e-03 1.359062e-03
-2.916208e-01 4.328982e-03 1.121576e-03 4.908970e-03 1.367494e-03
-2.896208e-01 4.327793e-03 1.130085e-03 4.903629e-03 1.375970e-03
-2.876208e-01 4.327429e-03 1.138555e-03 4.898446e-03 1.384490e-03
-2.856208e-01 4.327807e-03 1.146949e-03 4.893420e-03 1.393055e-03
-2.836208e-01 4.328803e-03 1.155238e-03 4.888548e-03 1.401665e-03
-2.816208e-01 4.330255e-03 1.163403e-03 4.883830e-03 1.410320e-03
-2.796208e-01 4.331977e-03 1.171433e-03 4.879264e-03 1.419021e-03
-2.776208e-01 4.333768e-03 1.179332e-03 4.874848e-03 1.427767e-03
-2.756208e-01 4.335427e-03 1.187115e-03 4.870581e-03 1.436559e-03
-2.736208e-01 4.336762e-03 1.194808e-03 4.866461e-03 1.445397e-03
-2.716208e-01 4.337609e-03 1.202447e-03 4.862487e-03 1.454282e-03
-2.696208e-01 4.337842e-03 1.210076e-03 4.858659e-03 1.463214e-03
-2.676208e-01 4.337376e-03 1.217742e-03 4.854975e-03 1.472192e-03
-2.656208e-01 4.336184e-03 1.225495e-03 4.851434e-03 1.481218e-03
-2.636208e-01 4.334289e-03 1.233382e-03 4.848035e-03 1.490292e-03
-2.616208e-01 4.331771e-03 1.241445e-03 4.844778e-03 1.499414e-03
-2.596208e-01 4.328754e-03 1.249718e-03 4.841662e-03 1.508584e-03
-2.576208e-01 4.325408e-03 1.258224e-03 4.838687e-03 1.517803e-03
-2.556208e-01 4.321926e-03 1.266976e-03 4.835853e-03 1.527071e-03
-2.536208e-01 4.318523e-03 1.275971e-03 4.833159e-03 1.536388e-03
-2.516208e-01 4.315415e-03 1.285195e-03 4.830605e-03 1.545755e-03
-2.496208e-01 4.312805e-03 1.294619e-03 4.828190e-03 1.555171e-03
-2.476208e-01 4.310876e-03 1.304204e-03 4.825915e-03 1.564637e-03
-2.456208e-01 4.309773e-03 1.313903e-03 4.823779e-03 1.574153e-03
-2.436208e-01 4.309602e-03 1.323660e-03 4.821782e-03 1.583720e-03
-2.416208e-01 4.310413e-03 1.333417e-03 4.819923e-03 1.593337e-03
-2.396208e-01 4.312206e-03 1.343118e-03 4.818201e-03 1.603005e-03
-2.376208e-01 4.314926e-03 1.352710e-03 4.816617e-03 1.612724e-03
-2.356208e-01 4.318466e-03 1.362148e-03 4.815169e-03 1.622494e-03
-2.336208e-01 4.322674e-03 1.371401e-03 4.813857e-03 1.632317e-03
-2.316208e-01 4.327358e-03 1.380450e-03 4.812680e-03 1.642192e-03
-2.296208e-01 4.332301e-03 1.389290e-03 4.811638e-03 1.652119e-03
-2.276208e-01 4.337273e-03 1.397936e-03 4.810730e-03 1.662100e-03
-2.256208e-01 4.342043e-03 1.406417e-03 4.809955e-03 1.672134e-03
-2.236208e-01 4.346393e-03 1.414774e-03 4.809313e-03 1.682223e-03
-2.216208e-01 4.350135e-03 1.423063e-03 4.808804e-03 1.692367e-03
-2.196208e-01 4.353123e-03 1.431346e-03 4.808427e-03 1.702566e-03
-2.176208e-01 4.355261e-03 1.439690e-03 4.808182e-03 1.712822e-03
-2.156208e-01 4.356509e-03 1.448161e-03 4.808070e-03 1.723134e-03
-2.136208e-01 4.356891e-03 1.456824e-03 4.808090e-03 1.733503e-03
-2.116208e-01 4.356488e-03 1.465732e-03 4.808244e-03 1.743930e-03
-2.096208e-01 4.355440e-03 1.474930e-03 4.808531e-03 1.754416e-03
-2.076208e-01 4.353931e-03 1.484445e-03 4.808953e-03 1.764961e-03
-2.056208e-01 4.352181e-03 1.494292e-03 4.809511e-03 1.775566e-03
-2.036208e-01 4.350432e-03 1.504466e-03 4.810205e-03 1.786231e-03
-2.016208e-01 4.348934e-03 1.514944e-03 4.811036e-03 1.796956e-03
-1.996208e-01 4.347930e-03 1.525690e-03 4.812005e-03 1.807743e-03
-1.976208e-01 4.347643e-03 1.536650e-03 4.813113e-03 1.818592e-03
-1.956208e-01 4.348259e-03 1.547758e-03 4.814361e-03 1.829503e-03
-1.936208e-01 4.349925e-03 1.558942e-03 4.815749e-03 1.840476e-03
-1.916208e-01 4.352730e-03 1.570124e-03 4.817279e-03 1.851514e-03
-1.896208e-01 4.356710e-03 1.581226e-03 4.818951e-03 1.862615e-03
-1.876208e-01 4.361839e-03 1.592177e-03 4.820765e-03 1.873781e-03
-1.856208e-01 4.368034e-03 1.602914e-03 4.822722e-03 1.885012e-03
-1.836208e-01 4.375155e-03 1.613391e-03 4.824821e-03 1.896310e-03
-1.816208e-01 4.383014e-03 1.623576e-03 4.827064e-03 1.907675e-03
-1.796208e-01 4.391387e-03 1.633460e-03 4.829449e-03 1.919107e-03
-1.776208e-01 4.400020e-03 1.643053e-03 4.831978e-03 1.930609e-03
-1.756208e-01 4.408649e-03 1.652387e-03 4.834651e-03 1.942181e-03
-1.736208e-01 4.417012e-03 1.661515e-03 4.837468e-03 1.953824e-03
-1.716208e-01 4.424865e-03 1.670502e-03 4.840429e-03 1.965540e-03
-1.696208e-01 4.431996e-03 1.679430e-03 4.843535e-03 1.977329e-03
-1.676208e-01 4.438241e-03 1.688386e-03 4.846786e-03 1.989193e-03
-1.656208e-01 4.443493e-03 1.697461e-03 4.850184e-03 2.001133e-03
-1.636208e-01 4.447707e-03 1.706743e-03 4.853730e-03 2.013151e-03
-1.616208e-01 4.450910e-03 1.716313e-03 4.857425e-03 2.025248e-03
-1.596208e-01 4.453194e-03 1.726238e-03 4.861270e-03 2.037425e-03
-1.576208e-01 4.454714e-03 1.736572e-03 4.865267e-03 2.049684e-03
-1.556208e-01 4.455677e-03 1.747347e-03 4.869419e-03 2.062025e-03
-1.536208e-01 4.456333e-03 1.758576e-03 4.873726e-03 2.074450e-03
-1.516208e-01 4.456960e-03 1.770248e-03 4.878192e-03 2.086961e-03
-1.496208e-01 4.457846e-03 1.782333e-03 4.882817e-03 2.099558e-03
-1.476208e-01 4.459276e-03 1.794777e-03 4.887605e-03 2.112242e-03
-1.456208e-01 4.461516e-03 1.807510e-03 4.892557e-03 2.125016e-03
-1.436208e-01 4.464801e-03 1.820446e-03 4.897675e-03 2.137880e-03
-1.416208e-01 4.469317e-03 1.833489e-03 4.902961e-03 2.150835e-03
-1.396208e-01 4.475201e-03 1.846538e-03 4.908416e-03 2.163882e-03
-1.376208e-01 4.482524e-03 1.859493e-03 4.914041e-03 2.177024e-03
-1.356208e-01 4.491295e-03 1.872258e-03 4.919838e-03 2.190262e-03
-1.336208e-01 4.501458e-03 1.884753e-03 4.925808e-03 2.203596e-03
-1.316208e-01 4.512892e-03 1.896912e-03 4.931952e-03 2.217030e-03
-1.296208e-01 4.525417e-03 1.908693e-03 4.938270e-03 2.230564e-03
-1.276208e-01 4.538806e-03 1.920079e-03 4.944762e-03 2.244201e-03
-1.256208e-01 4.552790e-03 1.931080e-03 4.951430e-03 2.257942e-03
-1.236208e-01 4.567076e-03 1.941733e-03 4.958273e-03 2.271790e-03
-1.216208e-01 4.581359e-03 1.952099e-03 4.965292e-03 2.285746e-03
-1.196208e-01 4.595342e-03 1.962263e-03 4.972488e-03 2.299814e-03
-1.176208e-01 4.608749e-03 1.972325e-03 4.979860e-03 2.313996e-03
-1.156208e-01 4.621343e-03 1.982400e-03 4.987411e-03 2.328293e-03
-1.136208e-01 4.632941e-03 1.992608e-03 4.995139e-03 2.342709e-03
-1.116208e-01 4.643423e-03 2.003066e-03 5.003048e-03 2.357246e-03
-1.096208e-01 4.652746e-03 2.013889e-03 5.011137e-03 2.371907e-03
-1.076208e-01 4.660939e-03 2.025176e-03 5.019408e-03 2.386694e-03
-1.056208e-01 4.668109e-03 2.037010e-03 5.027863e-03 2.401609e-03
-1.036208e-01 4.674436e-03 2.049453e-03 5.036504e-03 2.416655e-03
-1.016208e-01 4.680157e-03 2.062541e-03 5.045333e-03 2.431835e-03
-9.962079e-02 4.685561e-03 2.076284e-03 5.054351e-03 2.447150e-03
-9.762079e-02 4.690969e-03 2.090665e-03 5.063560e-03 2.462603e-03
-9.562079e-02 4.696718e-03 2.105640e-03 5.072963e-03 2.478197e-03
-9.362079e-02 4.703145e-03 2.121139e-03 5.082561e-03 2.493933e-03
-9.162079e-02 4.710568e-03 2.137071e-03 5.092356e-03 2.509814e-03
-8.962079e-02 4.719274e-03 2.153327e-03 5.102349e-03 2.525841e-03
-8.762079e-02 4.729504e-03 2.169785e-03 5.112541e-03 2.542018e-03
-8.562079e-02 4.741439e-03 2.186317e-03 5.122933e-03 2.558346e-03
-8.362079e-02 4.755197e-03 2.202794e-03 5.133525e-03 2.574828e-03
-8.162079e-02 4.770823e-03 2.219097e-03 5.144317e-03 2.591466e-03
-7.962079e-02 4.788288e-03 2.235120e-03 5.155310e-03 2.608263e-03
-7.762079e-02 4.807491e-03 2.250779e-03 5.166501e-03 2.625222e-03
-7.562079e-02 4.828260e-03 2.266017e-03 5.177891e-03 2.642344e-03
-7.362079e-02 4.850359e-03 2.280807e-03 5.189477e-03 2.659634e-03
-7.162079e-02 4.873500e-03 2.295157e-03 5.201257e-03 2.677094e-03
-6.962079e-02 4.897353e-03 2.309109e-03 5.213230e-03 2.694727e-03
-6.762079e-02 4.921561e-03 2.322735e-03 5.225394e-03 2.712537e-03
-6.562079e-02 4.945762e-03 2.336140e-03 5.237746e-03 2.730526e-03
-6.362079e-02 4.969599e-03 2.349450e-03 5.250284e-03 2.748699e-03
-6.162079e-02 4.992745e-03 2.362810e-03 5.263006e-03 2.767059e-03
-5.962079e-02 5.014923e-03 2.376375e-03 5.275910e-03 2.785609e-03
-5.762079e-02 5.035914e-03 2.390305e-03 5.288993e-03 2.804352e-03
-5.562079e-02 5.055579e-03 2.404752e-03 5.302253e-03 2.823293e-03
-5.362079e-02 5.073864e-03 2.419859e-03 5.315690e-03 2.842434e-03
-5.162079e-02 5.090803e-03 2.435750e-03 5.329300e-03 2.861779e-03
-4.962079e-02 5.106522e-03 2.452525e-03 5.343084e-03 2.881330e-03
-4.762079e-02 5.121231e-03 2.470255e-03 5.357038e-03 2.901091e-03
-4.562079e-02 5.135210e-03 2.488982e-03 5.371162e-03 2.921064e-03
-4.362079e-02 5.148800e-03 2.508713e-03 5.385454e-03 2.941253e-03
-4.162079e-02 5.162382e-03 2.529420e-03 5.399913e-03 2.961658e-03
-3.962079e-02 5.176359e-03 2.551043e-03 5.414537e-03 2.982284e-03
-3.762079e-02 5.191135e-03 2.573491e-03 5.429324e-03 3.003131e-03
-3.562079e-02 5.207096e-03 2.596643e-03 5.444272e-03 3.024202e-03
-3.362079e-02 5.224592e-03 2.620359e-03 5.459377e-03 3.045499e-03
-3.162079e-02 5.243920e-03 2.644478e-03 5.474638e-03 3.067024e-03
-2.962079e-02 5.265314e-03 2.668831e-03 5.490049e-03 3.088779e-03
-2.762079e-02 5.288926e-03 2.693249e-03 5.505607e-03 3.110764e-03
-2.562079e-02 5.314827e-03 2.717568e-03 5.521306e-03 3.132984e-03
-2.362079e-02 5.343000e-03 2.741644e-03 5.537142e-03 3.155438e-03
-2.162079e-02 5.373334e-03 2.765354e-03 5.553108e-03 3.178130e-03
-1.962079e-02 5.405633e-03 2.788610e-03 5.569198e-03 3.201061e-03
-1.762079e-02 5.439619e-03 2.811364e-03 5.585404e-03 3.224234e-03
-1.562079e-02 5.474942e-03 2.833606e-03 5.601719e-03 3.247651e-03
-1.362079e-02 5.511190e-03 2.855376e-03 5.618135e-03 3.271315e-03
-1.162079e-02 5.547911e-03 2.876754e-03 5.634644e-03 3.295227e-03
-9.620792e-03 5.584627e-03 2.897861e-03 5.651238e-03 3.319391e-03
-7.620792e-03 5.620858e-03 2.918853e-03 5.667908e-03 3.343808e-03
-5.620792e-03 5.656147e-03 2.939914e-03 5.684648e-03 3.368482e-03
-3.620792e-03 5.690077e-03 2.961246e-03 5.701447e-03 3.393415e-03
-1.620792e-03 5.722302e-03 2.983060e-03 5.718300e-03 3.418609e-03
3.792085e-04 5.752557e-03 3.005567e-03 5.735198e-03 3.444066e-03
2.379208e-03 5.780682e-03 3.028966e-03 5.752134e-03 3.469789e-03
4.379208e-03 5.806627e-03 3.053440e-03 5.769101e-03 3.495778e-03
6.379208e-03 5.830458e-03 3.079141e-03 5.786093e-03 3.522037e-03
8.379208e-03 5.852353e-03 3.106191e-03 5.803104e-03 3.548565e-03
1.037921e-02 5.872595e-03 3.134670e-03 5.820128e-03 3.575364e-03
1.237921e-02 5.891557e-03 3.164615e-03 5.837159e-03 3.602434e-03
1.437921e-02 5.909681e-03 3.196019e-03 5.854192e-03 3.629775e-03
1.637921e-02 5.927457e-03 3.228828e-03 5.871221e-03 3.657388e-03
1.837921e-02 5.945395e-03 3.262941e-03 5.888241e-03 3.685272e-03
2.037921e-02 5.964005e-03 3.298216e-03 5.905246e-03 3.713426e-03
2.237921e-02 5.983767e-03 3.334472e-03 5.922231e-03 3.741849e-03
2.437921e-02 6.005109e-03 3.371497e-03 5.939189e-03 3.770541e-03
2.637921e-02 6.028392e-03 3.409051e-03 5.956114e-03 3.799500e-03
2.837921e-02 6.053888e-03 3.446884e-03 5.972999e-03 3.828725e-03
3.037921e-02 6.081767e-03 3.484740e-03 5.989836e-03 3.858215e-03
3.237921e-02 6.112092e-03 3.522374e-03 6.006617e-03 3.887969e-03
3.437921e-02 6.144810e-03 3.559561e-03 6.023334e-03 3.917985e-03
3.637921e-02 6.179755e-03 3.596110e-03 6.039977e-03 3.948263e-03
3.837921e-02 6.216647e-03 3.631875e-03 6.056539e-03 3.978802e-03
4.037921e-02 6.255106e-03 3.666765e-03 6.073008e-03 4.009600e-03
4.237921e-02 6.294660e-03 3.700748e-03 6.089375e-03 4.040659e-03
4.437921e-02 6.334764e-03 3.733859e-03 6.105630e-03 4.071977e-03
4.637921e-02 6.374821e-03 3.766194e-03 6.121763e-03 4.103554e-03
4.837921e-02 6.414208e-03 3.797913e-03 6.137765e-03 4.135390e-03
5.037921e-02 6.452304e-03 3.829226e-03 6.153625e-03 4.167485e-03
5.237921e-02 6.488517e-03 3.860389e-03 6.169336e-03 4.199840e-03
5.437921e-02 6.522319e-03 3.891689e-03 6.184888e-03 4.232453e-03
5.637921e-02 6.553266e-03 3.923430e-03 6.200274e-03 4.265326e-03
5.837921e-02 6.581031e-03 3.955919e-03 6.215488e-03 4.298458e-03
6.037921e-02 6.605417e-03 3.989455e-03 6.230521e-03 4.331848e-03
6.237921e-02 6.626371e-03 4.024311e-03 6.245371e-03 4.365496e-03
6.437921e-02 6.643990e-03 4.060724e-03 6.260031e-03 4.399400e-03
6.637921e-02 6.658513e-03 4.098885e-03 6.274499e-03 4.433559e-03
6.837921e-02 6.670314e-03 4.138929e-03 6.288770e-03 4.467971e-03
7.037921e-02 6.679877e-03 4.180929e-03 6.302844e-03 4.502634e-03
7.237921e-02 6.687780e-03 4.224893e-03 6.316718e-03 4.537544e-03
7.437921e-02 6.694654e-03 4.270759e-03 6.330390e-03 4.572699e-03
7.637921e-02 6.701163e-03 4.318395e-03 6.343860e-03 4.608095e-03
7.837921e-02 6.707968e-03 4.367607e-03 6.357127e-03 4.643728e-03
8.037921e-02 6.715695e-03 4.418137e-03 6.370189e-03 4.679593e-03
8.237921e-02 6.724911e-03 4.469675e-03 6.383046e-03 4.715688e-03
8.437921e-02 6.736099e-03 4.521870e-03 6.395696e-03 4.752005e-03
8.637921e-02 6.749637e-03 4.574342e-03 6.408137e-03 4.788543e-03
8.837921e-02 6.765783e-03 4.626699e-03 6.420367e-03 4.825295e-03
9.037921e-02 6.784664e-03 4.678551e-03 6.432384e-03 4.862257e-03
9.237921e-02 6.806270e-03 4.729534e-03 6.444183e-03 4.899426e-03
9.437921e-02 6.830455e-03 4.779326e-03 6.455762e-03 4.936798e-03
9.637921e-02 6.856938e-03 4.827663e-03 6.467116e-03 4.974368e-03
9.837921e-02 6.885312e-03 4.874358e-03 6.478241e-03 5.012134e-03
1.003792e-01 6.915060e-03 4.919311e-03 6.489131e-03 5.050093e-03
1.023792e-01 6.945572e-03 4.962516e-03 6.499781e-03 5.088243e-03
1.043792e-01 6.976169e-03 5.004068e-03 6.510188e-03 5.126582e-03
1.063792e-01 7.006132e-03 5.044155e-03 6.520345e-03 5.165108e-03
1.083792e-01 7.034733e-03 5.083053e-03 6.530249e-03 5.203821e-03
1.103792e-01 7.061268e-03 5.121113e-03 6.539896e-03 5.242718e-03
1.123792e-01 7.085091e-03 5.158742e-03 6.549282e-03 5.281799e-03
1.143792e-01 7.105650e-03 5.196390e-03 6.558404e-03 5.321062e-03
1.163792e-01 7.122511e-03 5.234523e-03 6.567261e-03 5.360508e-03
1.183792e-01 7.135387e-03 5.273602e-03 6.575852e-03 5.400134e-03
1.203792e-01 7.144153e-03 5.314069e-03 6.584178e-03 5.439940e-03
1.223792e-01 7.148852e-03 5.356319e-03 6.592239e-03 5.479922e-03
1.243792e-01 7.149697e-03 5.400689e-03 6.600038e-03 5.520079e-03
1.263792e-01 7.147060e-03 5.447445e-03 6.607578e-03 5.560408e-03
1.283792e-01 7.141452e-03 5.496763e-03 6.614862e-03 5.600905e-03
1.303792e-01 7.133499e-03 5.548729e-03 6.621896e-03 5.641566e-03
1.323792e-01 7.123908e-03 5.603326e-03 6.628685e-03 5.682387e-03
1.343792e-01 7.113441e-03 5.660440e-03 6.635234e-03 5.723362e-03
1.363792e-01 7.102872e-03 5.719853e-03 6.641549e-03 5.764485e-03
1.383792e-01 7.092959e-03 5.781254e-03 6.647635e-03 5.805750e-03
1.403792e-01 7.084410e-03 5.844245e-03 6.653498e-03 5.847150e-03
1.423792e-01 7.077858e-03 5.908354e-03 6.659143e-03 5.888679e-03
1.443792e-01 7.073833e-03 5.973049e-03 6.664575e-03 5.930330e-03
1.463792e-01 7.072750e-03 6.037763e-03 6.669797e-03 5.972096e-03
1.483792e-01 7.074888e-03 6.101913e-03 6.674814e-03 6.013969e-03
1.503792e-01 7.080385e-03 6.164927e-03 6.679626e-03 6.055944e-03
1.523792e-01 7.089231e-03 6.226271e-03 6.684236e-03 6.098015e-03
1.543792e-01 7.101269e-03 6.285477e-03 6.688644e-03 6.140175e-03
1.563792e-01 7.116198e-03 6.342167e-03 6.692850e-03 6.182421e-03
1.583792e-01 7.133586e-03 6.396075e-03 6.696853e-03 6.224748e-03
1.603792e-01 7.152878e-03 6.447065e-03 6.700652e-03 6.267151e-03
1.623792e-01 7.173422e-03 6.495139e-03 6.704244e-03 6.309630e-03
1.643792e-01 7.194486e-03 6.540444e-03 6.707628e-03 6.352180e-03
1.663792e-01 7.215291e-03 6.583260e-03 6.710801e-03 6.394801e-03
1.683792e-01 7.235041e-03 6.623996e-03 6.713761e-03 6.437491e-03
1.703792e-01 7.252957e-03 6.663165e-03 6.716506e-03 6.480250e-03
1.723792e-01 7.268313e-03 6.701365e-03 6.719035e-03 6.523078e-03
1.743792e-01 7.280471e-03 6.739247e-03 6.721348e-03 6.565973e-03
1.763792e-01 7.288913e-03 6.777487e-03 6.723443e-03 6.608936e-03
1.783792e-01 7.293267e-03 6.816759e-03 6.725323e-03 6.651965e-03
1.803792e-01 7.293329e-03 6.857701e-03 6.726989e-03 6.695061e-03
1.823792e-01 7.289070e-03 6.900895e-03 6.728445e-03 6.738220e-03
1.843792e-01 7.280643e-03 6.946839e-03 6.729693e-03 6.781442e-03
1.863792e-01 7.268373e-03 6.995927e-03 6.730741e-03 6.824723e-03
1.883792e-01 7.252741e-03 7.048440e-03 6.731592e-03 6.868059e-03
1.903792e-01 7.234360e-03 7.104524e-03 6.732255e-03 6.911446e-03
1.923792e-01 7.213947e-03 7.164193e-03 6.732737e-03 6.954877e-03
1.943792e-01 7.192285e-03 7.227315e-03 6.733044e-03 6.998347e-03
1.963792e-01 7.170195e-03 7.293624e-03 6.733187e-03 7.041847e-03
1.983792e-01 7.148494e-03 7.362717e-03 6.733171e-03 7.085370e-03
2.003792e-01 7.127969e-03 7.434066e-03 6.733006e-03 7.128908e-03
2.023792e-01 7.109343e-03 7.507039e-03 6.732698e-03 7.172450e-03
2.043792e-01 7.093254e-03 7.580913e-03 6.732255e-03 7.215988e-03
2.063792e-01 7.080228e-03 7.654903e-03 6.731682e-03 7.259513e-03
2.083792e-01 7.070669e-03 7.728193e-03 6.730985e-03 7.303015e-03
2.103792e-01 7.064845e-03 7.799968e-03 6.730168e-03 7.346485e-03
2.123792e-01 7.062878e-03 7.869452e-03 6.729233e-03 7.389914e-03
2.143792e-01 7.064743e-03 7.935943e-03 6.728183e-03 7.433297e-03
2.163792e-01 7.070268e-03 7.998851e-03 6.727018e-03 7.476625e-03
2.183792e-01 7.079139e-03 8.057726e-03 6.725738e-03 7.519892e-03
2.203792e-01 7.090907e-03 8.112292e-03 6.724342e-03 7.563095e-03
2.223792e-01 7.105003e-03 8.162452e-03 6.722827e-03 7.606229e-03
2.243792e-01 7.120754e-03 8.208311e-03 6.721190e-03 7.649292e-03
2.263792e-01 7.137407e-03 8.250160e-03 6.719429e-03 7.692282e-03
2.283792e-01 7.154153e-03 8.288475e-03 6.717540e-03 7.735199e-03
2.303792e-01 7.170158e-03 8.323888e-03 6.715519e-03 7.778042e-03
2.323792e-01 7.184599e-03 8.357162e-03 6.713364e-03 7.820812e-03
2.343792e-01 7.196696e-03 8.389152e-03 6.711071e-03 7.863510e-03
2.363792e-01 7.205746e-03 8.420771e-03 6.708637e-03 7.906137e-03
2.383792e-01 7.211159e-03 8.452948e-03 6.706063e-03 7.948695e-03
2.403792e-01 7.212487e-03 8.486590e-03 6.703347e-03 7.991183e-03
2.423792e-01 7.209443e-03 8.522544e-03 6.700490e-03 8.033602e-03
2.443792e-01 7.201918e-03 8.561567e-03 6.697494e-03 8.075952e-03
2.463792e-01 7.189988e-03 8.604297e-03 6.694362e-03 8.118230e-03
2.483792e-01 7.173907e-03 8.651229e-03 6.691098e-03 8.160434e-03
2.503792e-01 7.154097e-03 8.702700e-03 6.687707e-03 8.202559e-03
2.523792e-01 7.131126e-03 8.758871e-03 6.684196e-03 8.244601e-03
2.543792e-01 7.105680e-03 8.819726e-03 6.680571e-03 8.286553e-03
2.563792e-01 7.078531e-03 8.885063e-03 6.676841e-03 8.328407e-03
2.583792e-01 7.050506e-03 8.954500e-03 6.673013e-03 8.370154e-03
2.603792e-01 7.022447e-03 9.027482e-03 6.669095e-03 8.411784e-03
2.623792e-01 6.995184e-03 9.103295e-03 6.665096e-03 8.453286e-03
2.643792e-01 6.969500e-03 9.181087e-03 6.661023e-03 8.494648e-03
2.663792e-01 6.946109e-03 9.259893e-03 6.656884e-03 8.535859e-03
2.683792e-01 6.925629e-03 9.338670e-03 6.652686e-03 8.576906e-03
2.703792e-01 6.908567e-03 9.416333e-03 6.648435e-03 8.617779e-03
2.723792e-01 6.895306e-03 9.491800e-03 6.644134e-03 8.658465e-03
2.743792e-01 6.886092e-03 9.564039e-03 6.639787e-03 8.698954e-03
2.763792e-01 6.881032e-03 9.632113e-03 6.635397e-03 8.739237e-03
2.783792e-01 6.880088e-03 9.695230e-03 6.630963e-03 8.779306e-03
2.803792e-01 6.883080e-03 9.752779e-03 6.626487e-03 8.819153e-03
2.823792e-01 6.889688e-03 9.804367e-03 6.621965e-03 8.858774e-03
2.843792e-01 6.899462e-03 9.849840e-03 6.617396e-03 8.898164e-03
2.863792e-01 6.911834e-03 9.889298e-03 6.612774e-03 8.937322e-03
2.883792e-01 6.926130e-03 9.923088e-03 6.608097e-03 8.976246e-03
2.903792e-01 6.941595e-03 9.951793e-03 6.603358e-03 9.014938e-03
2.923792e-01 6.957412e-03 9.976203e-03 6.598552e-03 9.053398e-03
2.943792e-01 6.972733e-03 9.997280e-03 6.593674e-03 9.091632e-03
2.963792e-01 6.986712e-03 1.001611e-02 6.588718e-03 9.129640e-03
2.983792e-01 6.998534e-03 1.003387e-02 6.583680e-03 9.167429e-03
3.003792e-01 7.007452e-03 1.005176e-02 6.578554e-03 9.205001e-03
3.023792e-01 7.012822e-03 1.007095e-02 6.573339e-03 9.242361e-03
3.043792e-01 7.014128e-03 1.009257e-02 6.568031e-03 9.279511e-03
3.063792e-01 7.011013e-03 1.011762e-02 6.562630e-03 9.316454e-03
3.083792e-01 7.003291e-03 1.014697e-02 6.557136e-03 9.353192e-03
3.103792e-01 6.990959e-03 1.018135e-02 6.551549e-03 9.389724e-03
3.123792e-01 6.974197e-03 1.022125e-02 6.545875e-03 9.426048e-03
3.143792e-01 6.953359e-03 1.026698e-02 6.540115e-03 9.462160e-03
3.163792e-01 6.928954e-03 1.031863e-02 6.534276e-03 9.498056e-03
3.183792e-01 6.901621e-03 1.037606e-02 6.528365e-03 9.533728e-03
3.203792e-01 6.872103e-03 1.043892e-02 6.522388e-03 9.569168e-03
3.223792e-01 6.841211e-03 1.050662e-02 6.516353e-03 9.604365e-03
3.243792e-01 6.809792e-03 1.057839e-02 6.510269e-03 9.639308e-03
3.263792e-01 6.778695e-03 1.065326e-02 6.504144e-03 9.673985e-03
3.283792e-01 6.748741e-03 1.073010e-02 6.497986e-03 9.708381e-03
3.303792e-01 6.720697e-03 1.080768e-02 6.491805e-03 9.742484e-03
3.323792e-01 6.695249e-03 1.088466e-02 6.485605e-03 9.776279e-03
3.343792e-01 6.672990e-03 1.095970e-02 6.479395e-03 9.809754e-03
3.363792e-01 6.654396e-03 1.103145e-02 6.473180e-03 9.842895e-03
3.383792e-01 6.639822e-03 1.109865e-02 6.466964e-03 9.875692e-03
3.403792e-01 6.629491e-03 1.116019e-02 6.460749e-03 9.908134e-03
3.423792e-01 6.623491e-03 1.121513e-02 6.454537e-03 9.940214e-03
3.443792e-01 6.621772e-03 1.126277e-02 6.448328e-03 9.971924e-03
3.463792e-01 6.624145e-03 1.130269e-02 6.442120e-03 1.000326e-02
3.483792e-01 6.630291e-03 1.133475e-02 6.435911e-03 1.003422e-02
3.503792e-01 6.639765e-03 1.135914e-02 6.429697e-03 1.006481e-02
3.523792e-01 6.652003e-03 1.137632e-02 6.423471e-03 1.009502e-02
3.543792e-01 6.666343e-03 1.138707e-02 6.417228e-03 1.012487e-02
3.563792e-01 6.682035e-03 1.139237e-02 6.410962e-03 1.015435e-02
3.583792e-01 6.698268e-03 1.139344e-02 6.404665e-03 1.018347e-02
3.603792e-01 6.714194e-03 1.139160e-02 6.398331e-03 1.021224e-02
3.623792e-01 6.728956e-03 1.138829e-02 6.391951e-03 1.024068e-02
3.643792e-01 6.741721e-03 1.138496e-02 6.385520e-03 1.026878e-02
3.663792e-01 6.751716e-03 1.138305e-02 6.379031e-03 1.029657e-02
3.683792e-01 6.758253e-03 1.138389e-02 6.372480e-03 1.032404e-02
3.703792e-01 6.760769e-03 1.138872e-02 6.365863e-03 1.035120e-02
3.723792e-01 6.758845e-03 1.139860e-02 6.359177e-03 1.037806e-02
3.743792e-01 6.752229e-03 1.141439e-02 6.352421e-03 1.040463e-02
3.763792e-01 6.740849e-03 1.143673e-02 6.345596e-03 1.043090e-02
3.783792e-01 6.724814e-03 1.146604e-02 6.338703e-03 1.045687e-02
3.803792e-01 6.704408e-03 1.150246e-02 6.331746e-03 1.048255e-02
3.823792e-01 6.680080e-03 1.154589e-02 6.324729e-03 1.050793e-02
3.843792e-01 6.652417e-03 1.159599e-02 6.317659e-03 1.053300e-02
3.863792e-01 6.622121e-03 1.165214e-02 6.310543e-03 1.055775e-02
3.883792e-01 6.589977e-03 1.171350e-02 6.303388e-03 1.058217e-02
3.903792e-01 6.556820e-03 1.177902e-02 6.296204e-03 1.060625e-02
3.923792e-01 6.523501e-03 1.184743e-02 6.288999e-03 1.062997e-02
3.943792e-01 6.490861e-03 1.191735e-02 6.281782e-03 1.065333e-02
3.963792e-01 6.459700e-03 1.198725e-02 6.274562e-03 1.067630e-02
3.983792e-01 6.430753e-03 1.205555e-02 6.267348e-03 1.069888e-02
4.003792e-01 6.404672e-03 1.212068e-02 6.260146e-03 1.072104e-02
4.023792e-01 6.382010e-03 1.218112e-02 6.252964e-03 1.074279e-02
4.043792e-01 6.363208e-03 1.223547e-02 6.245806e-03 1.076409e-02
4.063792e-01 6.348587e-03 1.228253e-02 6.238678e-03 1.078496e-02
4.083792e-01 6.338340e-03 1.232133e-02 6.231580e-03 1.080537e-02
4.103792e-01 6.332532e-03 1.235120e-02 6.224515e-03 1.082533e-02
4.123792e-01 6.331097e-03 1.237179e-02 6.217481e-03 1.084484e-02
4.143792e-01 6.333839e-03 1.238312e-02 6.210476e-03 1.086389e-02
4.163792e-01 6.340438e-03 1.238553e-02 6.203496e-03 1.088249e-02
4.183792e-01 6.350450e-03 1.237970e-02 6.196536e-03 1.090065e-02
4.203792e-01 6.363324e-03 1.236662e-02 6.189590e-03 1.091837e-02
4.223792e-01 6.378406e-03 1.234752e-02 6.182650e-03 1.093567e-02
4.243792e-01 6.394960e-03 1.232384e-02 6.175709e-03 1.095256e-02
4.263792e-01 6.412186e-03 1.229716e-02 6.168758e-03 1.096905e-02
4.283792e-01 6.429243e-03 1.226912e-02 6.161789e-03 1.098516e-02
4.303792e-01 6.445274e-03 1.224137e-02 6.154792e-03 1.100090e-02
4.323792e-01 6.459441e-03 1.221552e-02 6.147761e-03 1.101629e-02
4.343792e-01 6.470952e-03 1.219308e-02 6.140687e-03 1.103134e-02
4.363792e-01 6.479095e-03 1.217538e-02 6.133564e-03 1.104607e-02
4.383792e-01 6.483269e-03 1.216359e-02 6.126388e-03 1.106048e-02
4.403792e-01 6.483009e-03 1.215867e-02 6.119155e-03 1.107458e-02
4.423792e-01 6.478011e-03 1.216130e-02 6.111861e-03 1.108838e-02
4.443792e-01 6.468141e-03 1.217193e-02 6.104508e-03 1.110189e-02
4.463792e-01 6.453446e-03 1.219074e-02 6.097095e-03 1.111510e-02
4.483792e-01 6.434150e-03 1.221763e-02 6.089627e-03 1.112801e-02
4.503792e-01 6.410642e-03 1.225223e-02 6.082106e-03 1.114062e-02
4.523792e-01 6.383458e-03 1.229390e-02 6.074539e-03 1.115292e-02
4.543792e-01 6.353255e-03 1.234176e-02 6.066932e-03 1.116491e-02
4.563792e-01 6.320785e-03 1.239467e-02 6.059295e-03 1.117656e-02
4.583792e-01 6.286862e-03 1.245131e-02 6.051635e-03 1.118786e-02
4.603792e-01 6.252328e-03 1.251016e-02 6.043963e-03 1.119881e-02
4.623792e-01 6.218028e-03 1.256958e-02 6.036288e-03 1.120938e-02
4.643792e-01 6.184779e-03 1.262787e-02 6.028621e-03 1.121957e-02
4.663792e-01 6.153348e-03 1.268328e-02 6.020969e-03 1.122935e-02
4.683792e-01 6.124428e-03 1.273411e-02 6.013343e-03 1.123872e-02
4.703792e-01 6.098626e-03 1.277878e-02 6.005750e-03 1.124765e-02
4.723792e-01 6.076450e-03 1.281588e-02 5.998196e-03 1.125615e-02
4.743792e-01 6.058296e-03 1.284426e-02 5.990687e-03 1.126420e-02
4.763792e-01 6.044445e-03 1.286304e-02 5.983228e-03 1.127180e-02
4.783792e-01 6.035057e-03 1.287170e-02 5.975819e-03 1.127895e-02
4.803792e-01 6.030169e-03 1.287008e-02 5.968461e-03 1.128565e-02
4.823792e-01 6.029697e-03 1.285838e-02 5.961154e-03 1.129191e-02
4.843792e-01 6.033434e-03 1.283720e-02 5.953894e-03 1.129773e-02
4.863792e-01 6.041053e-03 1.280743e-02 5.946676e-03 1.130312e-02
4.883792e-01 6.052117e-03 1.277029e-02 5.939494e-03 1.130811e-02
4.903792e-01 6.066078e-03 1.272724e-02 5.932342e-03 1.131270e-02
4.923792e-01 6.082298e-03 1.267989e-02 5.925210e-03 1.131691e-02
4.943792e-01 6.100052e-03 1.262999e-02 5.918089e-03 1.132076e-02
4.963792e-01 6.118554e-03 1.257930e-02 5.910971e-03 1.132427e-02
4.983792e-01 6.136975e-03 1.252959e-02 5.903844e-03 1.132747e-02
5.003792e-01 6.154464e-03 1.248253e-02 5.896699e-03 1.133036e-02
5.023792e-01 6.170186e-03 1.243968e-02 5.889528e-03 1.133298e-02
5.043792e-01 6.183341e-03 1.240241e-02 5.882321e-03 1.133534e-02
5.063792e-01 6.193202e-03 1.237189e-02 5.875071e-03 1.133745e-02
5.083792e-01 6.199144e-03 1.234906e-02 5.867772e-03 1.133932e-02
5.103792e-01 6.200669e-03 1.233463e-02 5.860419e-03 1.134097e-02
5.123792e-01 6.197430e-03 1.232901e-02 5.853009e-03 1.134240e-02
5.143792e-01 6.189248e-03 1.233236e-02 5.845540e-03 1.134361e-02
5.163792e-01 6.176119e-03 1.234456e-02 5.838013e-03 1.134460e-02
5.183792e-01 6.158213e-03 1.236523e-02 5.830431e-03 1.134538e-02
5.203792e-01 6.135867e-03 1.239371e-02 5.822796e-03 1.134593e-02
5.223792e-01 6.109568e-03 1.242909e-02 5.815115e-03 1.134625e-02
5.243792e-01 6.079932e-03 1.247022e-02 5.807395e-03 1.134631e-02
5.263792e-01 6.047675e-03 1.251573e-02 5.799643e-03 1.134612e-02
5.283792e-01 6.013585e-03 1.256409e-02 5.791870e-03 1.134564e-02
5.303792e-01 5.978489e-03 1.261362e-02 5.784086e-03 1.134488e-02
5.323792e-01 5.943227e-03 1.266253e-02 5.776300e-03 1.134380e-02
5.343792e-01 5.908620e-03 1.270902e-02 5.768525e-03 1.134239e-02
5.363792e-01 5.875452e-03 1.275129e-02 5.760769e-03 1.134065e-02
5.383792e-01 5.844442e-03 1.278767e-02 5.753044e-03 1.133855e-02
5.403792e-01 5.816237e-03 1.281663e-02 5.745358e-03 1.133608e-02
5.423792e-01 5.791388e-03 1.283685e-02 5.737720e-03 1.133323e-02
5.443792e-01 5.770352e-03 1.284734e-02 5.730136e-03 1.133000e-02
5.463792e-01 5.753475e-03 1.284740e-02 5.722611e-03 1.132639e-02
5.483792e-01 5.740994e-03 1.283673e-02 5.715150e-03 1.132239e-02
5.503792e-01 5.733032e-03 1.281539e-02 5.707753e-03 1.131801e-02
5.523792e-01 5.729595e-03 1.278382e-02 5.700421e-03 1.131326e-02
5.543792e-01 5.730577e-03 1.274283e-02 5.693152e-03 1.130814e-02
5.563792e-01 5.735756e-03 1.269353e-02 5.685941e-03 1.130268e-02
5.583792e-01 5.744799e-03 1.263730e-02 5.678784e-03 1.129690e-02
5.603792e-01 5.757267e-03 1.257575e-02 5.671674e-03 1.129080e-02
5.623792e-01 5.772621e-03 1.251059e-02 5.664601e-03 1.128441e-02
5.643792e-01 5.790228e-03 1.244363e-02 5.657557e-03 1.127776e-02
5.663792e-01 5.809380e-03 1.237668e-02 5.650531e-03 1.127088e-02
5.683792e-01 5.829304e-03 1.231151e-02 5.643512e-03 1.126377e-02
5.703792e-01 5.849182e-03 1.224976e-02 5.636490e-03 1.125647e-02
5.723792e-01 5.868177e-03 1.219296e-02 5.629453e-03 1.124899e-02
5.743792e-01 5.885457e-03 1.214242e-02 5.622391e-03 1.124136e-02
5.763792e-01 5.900225e-03 1.209926e-02 5.615295e-03 1.123360e-02
5.783792e-01 5.911746e-03 1.206436e-02 5.608155e-03 1.122572e-02
5.803792e-01 5.919382e-03 1.203838e-02 5.600965e-03 1.121772e-02
5.823792e-01 5.922612e-03 1.202168e-02 5.593719e-03 1.120962e-02
5.843792e-01 5.921061e-03 1.201440e-02 5.586413e-03 1.120142e-02
5.863792e-01 5.914515e-03 1.201640e-02 5.579045e-03 1.119312e-02
5.883792e-01 5.902930e-03 1.202728e-02 5.571614e-03 1.118472e-02
5.903792e-01 5.886433e-03 1.204639e-02 5.564122e-03 1.117621e-02
5.923792e-01 5.865320e-03 1.207283e-02 5.556574e-03 1.116758e-02
5.943792e-01 5.840037e-03 1.210548e-02 5.548974e-03 1.115881e-02
5.963792e-01 5.811160e-03 1.214300e-02 5.541329e-03 1.114989e-02
5.983792e-01 5.779373e-03 1.218390e-02 5.533649e-03 1.114081e-02
6.003792e-01 5.745438e-03 1.222649e-02 5.525942e-03 1.113154e-02
6.023792e-01 5.710162e-03 1.226904e-02 5.518219e-03 1.112206e-02
6.043792e-01 5.674374e-03 1.230972e-02 5.510492e-03 1.111236e-02
6.063792e-01 5.638895e-03 1.234674e-02 5.502773e-03 1.110241e-02
6.083792e-01 5.604512e-03 1.237837e-02 5.495072e-03 1.109221e-02
6.103792e-01 5.571962e-03 1.240302e-02 5.487401e-03 1.108173e-02
6.123792e-01 5.541913e-03 1.241930e-02 5.479770e-03 1.107097e-02
6.143792e-01 5.514951e-03 1.242610e-02 5.472190e-03 1.105991e-02
6.163792e-01 5.491572e-03 1.242260e-02 5.464667e-03 1.104855e-02
6.183792e-01 5.472173e-03 1.240834e-02 5.457209e-03 1.103689e-02
6.203792e-01 5.457048e-03 1.238323e-02 5.449821e-03 1.102493e-02
6.223792e-01 5.446388e-03 1.234756e-02 5.442506e-03 1.101267e-02
6.243792e-01 5.440273e-03 1.230198e-02 5.435265e-03 1.100013e-02
6.263792e-01 5.438680e-03 1.224746e-02 5.428098e-03 1.098732e-02
6.283792e-01 5.441474e-03 1.218526e-02 5.421000e-03 1.097426e-02
6.303792e-01 5.448418e-03 1.211686e-02 5.413969e-03 1.096096e-02
6.323792e-01 5.459168e-03 1.204393e-02 5.406996e-03 1.094745e-02
6.343792e-01 5.473282e-03 1.196821e-02 5.400075e-03 1.093375e-02
6.363792e-01 5.490223e-03 1.189150e-02 5.393195e-03 1.091989e-02
6.383792e-01 5.509366e-03 1.181556e-02 5.386346e-03 1.090589e-02
6.403792e-01 5.530014e-03 1.174208e-02 5.379517e-03 1.089178e-02
6.423792e-01 5.551404e-03 1.167264e-02 5.372695e-03 1.087758e-02
6.443792e-01 5.572734e-03 1.160866e-02 5.365868e-03 1.086332e-02
6.463792e-01 5.593177e-03 1.155136e-02 5.359024e-03 1.084901e-02
6.483792e-01 5.611911e-03 1.150178e-02 5.352153e-03 1.083468e-02
6.503792e-01 5.628142e-03 1.146072e-02 5.345242e-03 1.082033e-02
6.523792e-01 5.641138e-03 1.142876e-02 5.338282e-03 1.080598e-02
6.543792e-01 5.650253e-03 1.140623e-02 5.331266e-03 1.079164e-02
6.563792e-01 5.654956e-03 1.139322e-02 5.324186e-03 1.077731e-02
6.583792e-01 5.654854e-03 1.138960e-02 5.317039e-03 1.076299e-02
6.603792e-01 5.649710e-03 1.139497e-02 5.309820e-03 1.074867e-02
6.623792e-01 5.639451e-03 1.140871e-02 5.302530e-03 1.073435e-02
6.643792e-01 5.624176e-03 1.142998e-02 5.295170e-03 1.072001e-02
6.663792e-01 5.604146e-03 1.145771e-02 5.287742e-03 1.070564e-02
6.683792e-01 5.579775e-03 1.149065e-02 5.280253e-03 1.069122e-02
6.703792e-01 5.551611e-03 1.152735e-02 5.272710e-03 1.067673e-02
6.723792e-01 5.520307e-03 1.156624e-02 5.265121e-03 1.066215e-02
6.743792e-01 5.486602e-03 1.160562e-02 5.257497e-03 1.064746e-02
6.763792e-01 5.451285e-03 1.164374e-02 5.249848e-03 1.063263e-02
6.783792e-01 5.415172e-03 1.167884e-02 5.242187e-03 1.061764e-02
6.803792e-01 5.379075e-03 1.170921e-02 5.234525e-03 1.060248e-02
6.823792e-01 5.343782e-03 1.173322e-02 5.226876e-03 1.058713e-02
6.843792e-01 5.310038e-03 1.174946e-02 5.219252e-03 1.057157e-02
6.863792e-01 5.278522e-03 1.175672e-02 5.211664e-03 1.055578e-02
6.883792e-01 5.249842e-03 1.175407e-02 5.204123e-03 1.053976e-02
6.903792e-01 5.224522e-03 1.174093e-02 5.196639e-03 1.052351e-02
6.923792e-01 5.202992e-03 1.171704e-02 5.189220e-03 1.050702e-02
6.943792e-01 5.185591e-03 1.168253e-02 5.181872e-03 1.049030e-02
6.963792e-01 5.172559e-03 1.163785e-02 5.174600e-03 1.047335e-02
6.983792e-01 5.164035e-03 1.158383e-02 5.167405e-03 1.045619e-02
7.003792e-01 5.160059e-03 1.152154e-02 5.160289e-03 1.043882e-02
7.023792e-01 5.160571e-03 1.145233e-02 5.153250e-03 1.042127e-02
7.043792e-01 5.165412e-03 1.137772e-02 5.146284e-03 1.040357e-02
7.063792e-01 5.174322e-03 1.129938e-02 5.139384e-03 1.038572e-02
7.083792e-01 5.186945e-03 1.121901e-02 5.132544e-03 1.036777e-02
7.103792e-01 5.202833e-03 1.113835e-02 5.125753e-03 1.034973e-02
7.123792e-01 5.221446e-03 1.105907e-02 5.119002e-03 1.033163e-02
7.143792e-01 5.242165e-03 1.098275e-02 5.112278e-03 1.031349e-02
7.163792e-01 5.264296e-03 1.091087e-02 5.105568e-03 1.029535e-02
7.183792e-01 5.287091e-03 1.084473e-02 5.098860e-03 1.027722e-02
7.203792e-01 5.309755e-03 1.078545e-02 5.092139e-03 1.025912e-02
7.223792e-01 5.331474e-03 1.073396e-02 5.085392e-03 1.024108e-02
7.243792e-01 5.351435e-03 1.069098e-02 5.078608e-03 1.022311e-02
7.263792e-01 5.368855e-03 1.065703e-02 5.071774e-03 1.020522e-02
7.283792e-01 5.383005e-03 1.063240e-02 5.064879e-03 1.018741e-02
7.303792e-01 5.393241e-03 1.061717e-02 5.057915e-03 1.016969e-02
7.323792e-01 5.399028e-03 1.061119e-02 5.050874e-03 1.015205e-02
7.343792e-01 5.399967e-03 1.061411e-02 5.043750e-03 1.013449e-02
7.363792e-01 5.395808e-03 1.062535e-02 5.036541e-03 1.011701e-02
7.383792e-01 5.386465e-03 1.064413e-02 5.029245e-03 1.009958e-02
7.403792e-01 5.372015e-03 1.066947e-02 5.021864e-03 1.008218e-02
7.423792e-01 5.352702e-03 1.070021e-02 5.014399e-03 1.006481e-02
7.443792e-01 5.328915e-03 1.073502e-02 5.006858e-03 1.004744e-02
7.463792e-01 5.301181e-03 1.077242e-02 4.999245e-03 1.003003e-02
7.483792e-01 5.270134e-03 1.081081e-02 4.991572e-03 1.001258e-02
7.503792e-01 5.236491e-03 1.084854e-02 4.983848e-03 9.995046e-03
7.523792e-01 5.201026e-03 1.088390e-02 4.976084e-03 9.977414e-03
7.543792e-01 5.164542e-03 1.091523e-02 4.968294e-03 9.959658e-03
7.563792e-01 5.127843e-03 1.094093e-02 4.960490e-03 9.941757e-03
7.583792e-01 5.091712e-03 1.095955e-02 4.952686e-03 9.923692e-03
7.603792e-01 5.056894e-03 1.096983e-02 4.944895e-03 9.905446e-03
7.623792e-01 5.024075e-03 1.097076e-02 4.937130e-03 9.887009e-03
7.643792e-01 4.993873e-03 1.096163e-02 4.929403e-03 9.868371e-03
7.663792e-01 4.966827e-03 1.094202e-02 4.921724e-03 9.849527e-03
7.683792e-01 4.943395e-03 1.091190e-02 4.914102e-03 9.830479e-03
7.703792e-01 4.923942e-03 1.087155e-02 4.906546e-03 9.811229e-03
7.723792e-01 4.908743e-03 1.082158e-02 4.899061e-03 9.791787e-03
7.743792e-01 4.897983e-03 1.076291e-02 4.891650e-03 9.772166e-03
7.763792e-01 4.891750e-03 1.069671e-02 4.884316e-03 9.752380e-03
7.783792e-01 4.890042e-03 1.062435e-02 4.877056e-03 9.732449e-03
7.803792e-01 4.892762e-03 1.054735e-02 4.869869e-03 9.712397e-03
7.823792e-01 4.899720e-03 1.046734e-02 4.862748e-03 9.692246e-03
7.843792e-01 4.910634e-03 1.038595e-02 4.855687e-03 9.672024e-03
7.863792e-01 4.925134e-03 1.030483e-02 4.848677e-03 9.651756e-03
7.883792e-01 4.942757e-03 1.022554e-02 4.841705e-03 9.631470e-03
7.903792e-01 4.962962e-03 1.014957e-02 4.834761e-03 9.611192e-03
7.923792e-01 4.985126e-03 1.007824e-02 4.827831e-03 9.590947e-03
7.943792e-01 5.008561e-03 1.001275e-02 4.820900e-03 9.570758e-03
7.963792e-01 5.032522e-03 9.954119e-03 4.813953e-03 9.550646e-03
7.983792e-01 5.056224e-03 9.903182e-03 4.806977e-03 9.530628e-03
8.003792e-01 5.078863e-03 9.860588e-03 4.799956e-03 9.510718e-03
8.023792e-01 5.099637e-03 9.826791e-03 4.792877e-03 9.490926e-03
8.043792e-01 5.117770e-03 9.802051e-03 4.785726e-03 9.471258e-03
8.063792e-01 5.132545e-03 9.786432e-03 4.778493e-03 9.451715e-03
8.083792e-01 5.143324e-03 9.779803e-03 4.771166e-03 9.432295e-03
8.103792e-01 5.149578e-03 9.781839e-03 4.763738e-03 9.412990e-03
8.123792e-01 5.150910e-03 9.792023e-03 4.756203e-03 9.393789e-03
8.143792e-01 5.147069e-03 9.809649e-03 4.748557e-03 9.374676e-03
8.163792e-01 5.137966e-03 9.833829e-03 4.740797e-03 9.355634e-03
8.183792e-01 5.123673e-03 9.863502e-03 4.732926e-03 9.336640e-03
8.203792e-01 5.104423e-03 9.897447e-03 4.724944e-03 9.317670e-03
8.223792e-01 5.080598e-03 9.934302e-03 4.716858e-03 9.298698e-03
8.243792e-01 5.052710e-03 9.972587e-03 4.708675e-03 9.279698e-03
8.263792e-01 5.021380e-03 1.001074e-02 4.700403e-03 9.260641e-03
8.283792e-01 4.987314e-03 1.004715e-02 4.692054e-03 9.241502e-03
8.303792e-01 4.951274e-03 1.008022e-02 4.683639e-03 9.222253e-03
8.323792e-01 4.914050e-03 1.010837e-02 4.675171e-03 9.202870e-03
8.343792e-01 4.876437e-03 1.013017e-02 4.666664e-03 9.183331e-03
8.363792e-01 4.839213e-03 1.014432e-02 4.658131e-03 9.163616e-03
8.383792e-01 4.803117e-03 1.014974e-02 4.649587e-03 9.143711e-03
8.403792e-01 4.768836e-03 1.014560e-02 4.641046e-03 9.123602e-03
8.423792e-01 4.736990e-03 1.013139e-02 4.632518e-03 9.103283e-03
8.443792e-01 4.708129e-03 1.010687e-02 4.624018e-03 9.082748e-03
8.463792e-01 4.682720e-03 1.007217e-02 4.615553e-03 9.062000e-03
8.483792e-01 4.661148e-03 1.002772e-02 4.607134e-03 9.041043e-03
8.503792e-01 4.643712e-03 9.974233e-03 4.598765e-03 9.019887e-03
8.523792e-01 4.630625e-03 9.912716e-03 4.590453e-03 8.998545e-03
8.543792e-01 4.622012e-03 9.844375e-03 4.582198e-03 8.977034e-03
8.563792e-01 4.617913e-03 9.770592e-03 4.574000e-03 8.955374e-03
8.583792e-01 4.618280e-03 9.692861e-03 4.565857e-03 8.933589e-03
8.603792e-01 4.622978e-03 9.612740e-03 4.557764e-03 8.911703e-03
8.623792e-01 4.631786e-03 9.531796e-03 4.549713e-03 8.889741e-03
8.643792e-01 4.644397e-03 9.451563e-03 4.541695e-03 8.867732e-03
8.663792e-01 4.660418e-03 9.373500e-03 4.533698e-03 8.845702e-03
8.683792e-01 4.679375e-03 9.298962e-03 4.525711e-03 8.823676e-03
8.703792e-01 4.700713e-03 9.229174e-03 4.517717e-03 8.801680e-03
8.723792e-01 4.723806e-03 9.165214e-03 4.509702e-03 8.779736e-03
8.743792e-01 4.747963e-03 9.107999e-03 4.501650e-03 8.757863e-03
8.763792e-01 4.772441e-03 9.058282e-03 4.493543e-03 8.736079e-03
8.783792e-01 4.796460e-03 9.016640e-03 4.485366e-03 8.714396e-03
8.803792e-01 4.819223e-03 8.983477e-03 4.477101e-03 8.692823e-03
8.823792e-01 4.839937e-03 8.959025e-03 4.468733e-03 8.671364e-03
8.843792e-01 4.857839e-03 8.943339e-03 4.460248e-03 8.650020e-03
8.863792e-01 4.872223e-03 8.936299e-03 4.451632e-03 8.628787e-03
8.883792e-01 4.882464e-03 8.937613e-03 4.442874e-03 8.607655e-03
8.903792e-01 4.888047e-03 8.946819e-03 4.433965e-03 8.586611e-03
8.923792e-01 4.888585e-03 8.963281e-03 4.424897e-03 8.565638e-03
8.943792e-01 4.883839e-03 8.986198e-03 4.415666e-03 8.544715e-03
8.963792e-01 4.873727e-03 9.014609e-03 4.406267e-03 8.523819e-03
8.983792e-01 4.858328e-03 9.047402e-03 4.396702e-03 8.502924e-03
9.003792e-01 4.837879e-03 9.083328e-03 4.386972e-03 8.482000e-03
9.023792e-01 4.812762e-03 9.121020e-03 4.377081e-03 8.461018e-03
9.043792e-01 4.783487e-03 9.159020e-03 4.367036e-03 8.439948e-03
9.063792e-01 4.750671e-03 9.195812e-03 4.356846e-03 8.418759e-03
9.083792e-01 4.715013e-03 9.229861e-03 4.346520e-03 8.397422e-03
9.103792e-01 4.677266e-03 9.259658e-03 4.336070e-03 8.375909e-03
