# results/qpc_wx1.0_B_B0.npz: LDOS at x = 0, 1/(meV nm), Lorentzian; M_loc = 0.0342
# e-mu[meV] rho_up(eta=0.05) rho_dn(eta=0.05) rho_up(eta=0.1) rho_dn(eta=0.1)
-1.401951e+00 3.130862e-04 1.331358e-04 6.198139e-04 2.642127e-04
-1.399951e+00 3.145084e-04 1.336374e-04 6.225934e-04 2.651951e-04
-1.397951e+00 3.159410e-04 1.341424e-04 6.253927e-04 2.661839e-04
-1.395951e+00 3.173841e-04 1.346508e-04 6.282120e-04 2.671792e-04
-1.393951e+00 3.188377e-04 1.351626e-04 6.310516e-04 2.681810e-04
-1.391951e+00 3.203020e-04 1.356779e-04 6.339115e-04 2.691894e-04
-1.389951e+00 3.217770e-04 1.361966e-04 6.367921e-04 2.702045e-04
-1.387951e+00 3.232630e-04 1.367189e-04 6.396936e-04 2.712263e-04
-1.385951e+00 3.247600e-04 1.372448e-04 6.426160e-04 2.722549e-04
-1.383951e+00 3.262682e-04 1.377742e-04 6.455598e-04 2.732904e-04
-1.381951e+00 3.277875e-04 1.383073e-04 6.485250e-04 2.743328e-04
-1.379951e+00 3.293183e-04 1.388441e-04 6.515119e-04 2.753822e-04
-1.377951e+00 3.308605e-04 1.393846e-04 6.545208e-04 2.764387e-04
-1.375951e+00 3.324144e-04 1.399289e-04 6.575518e-04 2.775024e-04
-1.373951e+00 3.339799e-04 1.404769e-04 6.606051e-04 2.785732e-04
-1.371951e+00 3.355574e-04 1.410289e-04 6.636811e-04 2.796514e-04
-1.369951e+00 3.371468e-04 1.415846e-04 6.667799e-04 2.807370e-04
-1.367951e+00 3.387484e-04 1.421444e-04 6.699018e-04 2.818300e-04
-1.365951e+00 3.403622e-04 1.427080e-04 6.730471e-04 2.829305e-04
-1.363951e+00 3.419884e-04 1.432757e-04 6.762158e-04 2.840386e-04
-1.361951e+00 3.436271e-04 1.438475e-04 6.794085e-04 2.851545e-04
-1.359951e+00 3.452785e-04 1.444233e-04 6.826251e-04 2.862781e-04
-1.357951e+00 3.469426e-04 1.450033e-04 6.858661e-04 2.874095e-04
-1.355951e+00 3.486197e-04 1.455875e-04 6.891317e-04 2.885489e-04
-1.353951e+00 3.503099e-04 1.461760e-04 6.924221e-04 2.896963e-04
-1.351951e+00 3.520134e-04 1.467687e-04 6.957377e-04 2.908518e-04
-1.349951e+00 3.537302e-04 1.473658e-04 6.990786e-04 2.920155e-04
-1.347951e+00 3.554605e-04 1.479672e-04 7.024452e-04 2.931875e-04
-1.345951e+00 3.572045e-04 1.485731e-04 7.058377e-04 2.943678e-04
-1.343951e+00 3.589624e-04 1.491835e-04 7.092564e-04 2.955566e-04
-1.341951e+00 3.607342e-04 1.497984e-04 7.127017e-04 2.967540e-04
-1.339951e+00 3.625203e-04 1.504179e-04 7.161737e-04 2.979600e-04
-1.337951e+00 3.643206e-04 1.510421e-04 7.196728e-04 2.991748e-04
-1.335951e+00 3.661354e-04 1.516709e-04 7.231993e-04 3.003984e-04
-1.333951e+00 3.679649e-04 1.523046e-04 7.267535e-04 3.016309e-04
-1.331951e+00 3.698091e-04 1.529430e-04 7.303356e-04 3.028725e-04
-1.329951e+00 3.716684e-04 1.535863e-04 7.339461e-04 3.041232e-04
-1.327951e+00 3.735429e-04 1.542346e-04 7.375852e-04 3.053832e-04
-1.325951e+00 3.754327e-04 1.548878e-04 7.412533e-04 3.066525e-04
-1.323951e+00 3.773380e-04 1.555461e-04 7.449506e-04 3.079312e-04
-1.321951e+00 3.792591e-04 1.562095e-04 7.486775e-04 3.092196e-04
-1.319951e+00 3.811960e-04 1.568781e-04 7.524343e-04 3.105176e-04
-1.317951e+00 3.831491e-04 1.575519e-04 7.562214e-04 3.118254e-04
-1.315951e+00 3.851184e-04 1.582310e-04 7.600392e-04 3.131430e-04
-1.313951e+00 3.871043e-04 1.589155e-04 7.638879e-04 3.144707e-04
-1.311951e+00 3.891068e-04 1.596055e-04 7.677679e-04 3.158086e-04
-1.309951e+00 3.911262e-04 1.603009e-04 7.716797e-04 3.171566e-04
-1.307951e+00 3.931627e-04 1.610020e-04 7.756234e-04 3.185151e-04
-1.305951e+00 3.952165e-04 1.617087e-04 7.795997e-04 3.198840e-04
-1.303951e+00 3.972878e-04 1.624211e-04 7.836087e-04 3.212636e-04
-1.301951e+00 3.993769e-04 1.631393e-04 7.876509e-04 3.226538e-04
-1.299951e+00 4.014840e-04 1.638634e-04 7.917267e-04 3.240550e-04
-1.297951e+00 4.036092e-04 1.645934e-04 7.958365e-04 3.254672e-04
-1.295951e+00 4.057529e-04 1.653295e-04 7.999807e-04 3.268905e-04
-1.293951e+00 4.079152e-04 1.660717e-04 8.041596e-04 3.283251e-04
-1.291951e+00 4.100964e-04 1.668200e-04 8.083738e-04 3.297711e-04
-1.289951e+00 4.122968e-04 1.675747e-04 8.126236e-04 3.312286e-04
-1.287951e+00 4.145165e-04 1.683357e-04 8.169095e-04 3.326978e-04
-1.285951e+00 4.167559e-04 1.691032e-04 8.212318e-04 3.341789e-04
-1.283951e+00 4.190151e-04 1.698772e-04 8.255911e-04 3.356720e-04
-1.281951e+00 4.212945e-04 1.706578e-04 8.299878e-04 3.371772e-04
-1.279951e+00 4.235944e-04 1.714452e-04 8.344224e-04 3.386946e-04
-1.277951e+00 4.259149e-04 1.722393e-04 8.388952e-04 3.402246e-04
-1.275951e+00 4.282564e-04 1.730404e-04 8.434069e-04 3.417671e-04
-1.273951e+00 4.306191e-04 1.738485e-04 8.479578e-04 3.433224e-04
-1.271951e+00 4.330034e-04 1.746637e-04 8.525484e-04 3.448906e-04
-1.269951e+00 4.354095e-04 1.754861e-04 8.571793e-04 3.464719e-04
-1.267951e+00 4.378377e-04 1.763158e-04 8.618510e-04 3.480665e-04
-1.265951e+00 4.402883e-04 1.771530e-04 8.665639e-04 3.496745e-04
-1.263951e+00 4.427617e-04 1.779977e-04 8.713187e-04 3.512961e-04
-1.261951e+00 4.452582e-04 1.788501e-04 8.761157e-04 3.529316e-04
-1.259951e+00 4.477780e-04 1.797102e-04 8.809556e-04 3.545809e-04
-1.257951e+00 4.503215e-04 1.805782e-04 8.858389e-04 3.562445e-04
-1.255951e+00 4.528891e-04 1.814542e-04 8.907662e-04 3.579224e-04
-1.253951e+00 4.554810e-04 1.823383e-04 8.957380e-04 3.596148e-04
-1.251951e+00 4.580977e-04 1.832307e-04 9.007549e-04 3.613220e-04
-1.249951e+00 4.607395e-04 1.841315e-04 9.058175e-04 3.630441e-04
-1.247951e+00 4.634067e-04 1.850408e-04 9.109265e-04 3.647814e-04
-1.245951e+00 4.660998e-04 1.859587e-04 9.160823e-04 3.665340e-04
-1.243951e+00 4.688191e-04 1.868854e-04 9.212856e-04 3.683021e-04
-1.241951e+00 4.715650e-04 1.878211e-04 9.265371e-04 3.700861e-04
-1.239951e+00 4.743379e-04 1.887658e-04 9.318374e-04 3.718860e-04
-1.237951e+00 4.771382e-04 1.897198e-04 9.371871e-04 3.737021e-04
-1.235951e+00 4.799663e-04 1.906832e-04 9.425869e-04 3.755347e-04
-1.233951e+00 4.828227e-04 1.916561e-04 9.480375e-04 3.773839e-04
-1.231951e+00 4.857078e-04 1.926387e-04 9.535395e-04 3.792501e-04
-1.229951e+00 4.886220e-04 1.936312e-04 9.590937e-04 3.811334e-04
-1.227951e+00 4.915658e-04 1.946337e-04 9.647008e-04 3.830341e-04
-1.225951e+00 4.945397e-04 1.956465e-04 9.703615e-04 3.849525e-04
-1.223951e+00 4.975441e-04 1.966696e-04 9.760765e-04 3.868887e-04
-1.221951e+00 5.005796e-04 1.977034e-04 9.818466e-04 3.888431e-04
-1.219951e+00 5.036466e-04 1.987479e-04 9.876725e-04 3.908159e-04
-1.217951e+00 5.067456e-04 1.998034e-04 9.935550e-04 3.928075e-04
-1.215951e+00 5.098772e-04 2.008701e-04 9.994950e-04 3.948179e-04
-1.213951e+00 5.130420e-04 2.019481e-04 1.005493e-03 3.968477e-04
-1.211951e+00 5.162404e-04 2.030378e-04 1.011550e-03 3.988969e-04
-1.209951e+00 5.194731e-04 2.041393e-04 1.017667e-03 4.009660e-04
-1.207951e+00 5.227406e-04 2.052529e-04 1.023845e-03 4.030552e-04
-1.205951e+00 5.260435e-04 2.063788e-04 1.030085e-03 4.051648e-04
-1.203951e+00 5.293826e-04 2.075172e-04 1.036386e-03 4.072952e-04
-1.201951e+00 5.327583e-04 2.086684e-04 1.042751e-03 4.094466e-04
-1.199951e+00 5.361714e-04 2.098326e-04 1.049181e-03 4.116193e-04
-1.197951e+00 5.396225e-04 2.110102e-04 1.055675e-03 4.138137e-04
-1.195951e+00 5.431123e-04 2.122014e-04 1.062236e-03 4.160302e-04
-1.193951e+00 5.466415e-04 2.134064e-04 1.068864e-03 4.182690e-04
-1.191951e+00 5.502109e-04 2.146256e-04 1.075560e-03 4.205305e-04
-1.189951e+00 5.538212e-04 2.158593e-04 1.082325e-03 4.228150e-04
-1.187951e+00 5.574732e-04 2.171078e-04 1.089160e-03 4.251229e-04
-1.185951e+00 5.611677e-04 2.183715e-04 1.096066e-03 4.274546e-04
-1.183951e+00 5.649056e-04 2.196506e-04 1.103044e-03 4.298104e-04
-1.181951e+00 5.686875e-04 2.209455e-04 1.110096e-03 4.321908e-04
-1.179951e+00 5.725146e-04 2.222567e-04 1.117222e-03 4.345960e-04
-1.177951e+00 5.763876e-04 2.235844e-04 1.124423e-03 4.370265e-04
-1.175951e+00 5.803074e-04 2.249290e-04 1.131701e-03 4.394827e-04
-1.173951e+00 5.842751e-04 2.262911e-04 1.139057e-03 4.419649e-04
-1.171951e+00 5.882917e-04 2.276709e-04 1.146491e-03 4.444737e-04
-1.169951e+00 5.923581e-04 2.290689e-04 1.154005e-03 4.470093e-04
-1.167951e+00 5.964755e-04 2.304857e-04 1.161601e-03 4.495722e-04
-1.165951e+00 6.006448e-04 2.319215e-04 1.169279e-03 4.521629e-04
-1.163951e+00 6.048673e-04 2.333770e-04 1.177041e-03 4.547818e-04
-1.161951e+00 6.091442e-04 2.348527e-04 1.184888e-03 4.574294e-04
-1.159951e+00 6.134765e-04 2.363490e-04 1.192821e-03 4.601060e-04
-1.157951e+00 6.178656e-04 2.378665e-04 1.200842e-03 4.628121e-04
-1.155951e+00 6.223128e-04 2.394058e-04 1.208951e-03 4.655482e-04
-1.153951e+00 6.268193e-04 2.409674e-04 1.217151e-03 4.683148e-04
-1.151951e+00 6.313865e-04 2.425520e-04 1.225442e-03 4.711123e-04
-1.149951e+00 6.360159e-04 2.441601e-04 1.233827e-03 4.739413e-04
-1.147951e+00 6.407088e-04 2.457924e-04 1.242305e-03 4.768022e-04
-1.145951e+00 6.454668e-04 2.474496e-04 1.250880e-03 4.796954e-04
-1.143951e+00 6.502913e-04 2.491323e-04 1.259552e-03 4.826216e-04
-1.141951e+00 6.551840e-04 2.508412e-04 1.268322e-03 4.855811e-04
-1.139951e+00 6.601463e-04 2.525771e-04 1.277193e-03 4.885746e-04
-1.137951e+00 6.651799e-04 2.543406e-04 1.286165e-03 4.916026e-04
-1.135951e+00 6.702866e-04 2.561324e-04 1.295241e-03 4.946654e-04
-1.133951e+00 6.754678e-04 2.579534e-04 1.304422e-03 4.977638e-04
-1.131951e+00 6.807254e-04 2.598042e-04 1.313709e-03 5.008982e-04
-1.129951e+00 6.860611e-04 2.616856e-04 1.323104e-03 5.040692e-04
-1.127951e+00 6.914764e-04 2.635984e-04 1.332608e-03 5.072773e-04
-1.125951e+00 6.969733e-04 2.655432e-04 1.342224e-03 5.105230e-04
-1.123951e+00 7.025533e-04 2.675208e-04 1.351953e-03 5.138069e-04
-1.121951e+00 7.082182e-04 2.695320e-04 1.361797e-03 5.171297e-04
-1.119951e+00 7.139696e-04 2.715773e-04 1.371757e-03 5.204917e-04
-1.117951e+00 7.198093e-04 2.736576e-04 1.381835e-03 5.238937e-04
-1.115951e+00 7.257387e-04 2.757734e-04 1.392033e-03 5.273362e-04
-1.113951e+00 7.317595e-04 2.779254e-04 1.402352e-03 5.308198e-04
-1.111951e+00 7.378732e-04 2.801141e-04 1.412795e-03 5.343451e-04
-1.109951e+00 7.440813e-04 2.823401e-04 1.423363e-03 5.379126e-04
-1.107951e+00 7.503853e-04 2.846039e-04 1.434058e-03 5.415230e-04
-1.105951e+00 7.567865e-04 2.869059e-04 1.444883e-03 5.451769e-04
-1.103951e+00 7.632863e-04 2.892468e-04 1.455838e-03 5.488748e-04
-1.101951e+00 7.698861e-04 2.916268e-04 1.466926e-03 5.526175e-04
-1.099951e+00 7.765872e-04 2.940465e-04 1.478149e-03 5.564055e-04
-1.097951e+00 7.833909e-04 2.965062e-04 1.489509e-03 5.602395e-04
-1.095951e+00 7.902985e-04 2.990062e-04 1.501008e-03 5.641202e-04
-1.093951e+00 7.973113e-04 3.015471e-04 1.512647e-03 5.680481e-04
-1.091951e+00 8.044308e-04 3.041292e-04 1.524430e-03 5.720239e-04
-1.089951e+00 8.116582e-04 3.067529e-04 1.536358e-03 5.760483e-04
-1.087951e+00 8.189951e-04 3.094187e-04 1.548433e-03 5.801220e-04
-1.085951e+00 8.264430e-04 3.121270e-04 1.560657e-03 5.842457e-04
-1.083951e+00 8.340034e-04 3.148783e-04 1.573034e-03 5.884200e-04
-1.081951e+00 8.416779e-04 3.176731e-04 1.585564e-03 5.926456e-04
-1.079951e+00 8.494683e-04 3.205121e-04 1.598251e-03 5.969234e-04
-1.077951e+00 8.573764e-04 3.233957e-04 1.611096e-03 6.012539e-04
-1.075951e+00 8.654040e-04 3.263246e-04 1.624102e-03 6.056379e-04
-1.073951e+00 8.735531e-04 3.292995e-04 1.637272e-03 6.100762e-04
-1.071951e+00 8.818258e-04 3.323211e-04 1.650607e-03 6.145696e-04
-1.069951e+00 8.902241e-04 3.353902e-04 1.664111e-03 6.191187e-04
-1.067951e+00 8.987503e-04 3.385074e-04 1.677786e-03 6.237244e-04
-1.065951e+00 9.074066e-04 3.416737e-04 1.691635e-03 6.283874e-04
-1.063951e+00 9.161953e-04 3.448898e-04 1.705659e-03 6.331087e-04
-1.061951e+00 9.251190e-04 3.481566e-04 1.719863e-03 6.378889e-04
-1.059951e+00 9.341800e-04 3.514750e-04 1.734248e-03 6.427289e-04
-1.057951e+00 9.433810e-04 3.548460e-04 1.748817e-03 6.476295e-04
-1.055951e+00 9.527245e-04 3.582704e-04 1.763574e-03 6.525916e-04
-1.053951e+00 9.622133e-04 3.617494e-04 1.778521e-03 6.576161e-04
-1.051951e+00 9.718502e-04 3.652838e-04 1.793660e-03 6.627039e-04
-1.049951e+00 9.816379e-04 3.688747e-04 1.808996e-03 6.678557e-04
-1.047951e+00 9.915794e-04 3.725231e-04 1.824531e-03 6.730726e-04
-1.045951e+00 1.001678e-03 3.762302e-04 1.840268e-03 6.783555e-04
-1.043951e+00 1.011936e-03 3.799970e-04 1.856210e-03 6.837052e-04
-1.041951e+00 1.022356e-03 3.838246e-04 1.872360e-03 6.891228e-04
-1.039951e+00 1.032943e-03 3.877142e-04 1.888722e-03 6.946092e-04
-1.037951e+00 1.043699e-03 3.916669e-04 1.905299e-03 7.001653e-04
-1.035951e+00 1.054628e-03 3.956839e-04 1.922094e-03 7.057922e-04
-1.033951e+00 1.065732e-03 3.997664e-04 1.939111e-03 7.114908e-04
-1.031951e+00 1.077016e-03 4.039156e-04 1.956353e-03 7.172623e-04
-1.029951e+00 1.088483e-03 4.081328e-04 1.973824e-03 7.231075e-04
-1.027951e+00 1.100136e-03 4.124192e-04 1.991527e-03 7.290275e-04
-1.025951e+00 1.111979e-03 4.167762e-04 2.009466e-03 7.350235e-04
-1.023951e+00 1.124015e-03 4.212049e-04 2.027645e-03 7.410964e-04
-1.021951e+00 1.136250e-03 4.257069e-04 2.046067e-03 7.472474e-04
-1.019951e+00 1.148685e-03 4.302834e-04 2.064737e-03 7.534776e-04
-1.017951e+00 1.161326e-03 4.349357e-04 2.083658e-03 7.597881e-04
-1.015951e+00 1.174177e-03 4.396654e-04 2.102834e-03 7.661800e-04
-1.013951e+00 1.187241e-03 4.444738e-04 2.122269e-03 7.726544e-04
-1.011951e+00 1.200522e-03 4.493623e-04 2.141967e-03 7.792126e-04
-1.009951e+00 1.214026e-03 4.543325e-04 2.161933e-03 7.858556e-04
-1.007951e+00 1.227756e-03 4.593859e-04 2.182171e-03 7.925848e-04
-1.005951e+00 1.241717e-03 4.645239e-04 2.202684e-03 7.994012e-04
-1.003951e+00 1.255913e-03 4.697481e-04 2.223479e-03 8.063062e-04
-1.001951e+00 1.270349e-03 4.750601e-04 2.244558e-03 8.133009e-04
-9.999506e-01 1.285029e-03 4.804615e-04 2.265926e-03 8.203866e-04
-9.979506e-01 1.299959e-03 4.859539e-04 2.287589e-03 8.275645e-04
-9.959506e-01 1.315144e-03 4.915389e-04 2.309550e-03 8.348360e-04
-9.939506e-01 1.330588e-03 4.972183e-04 2.331815e-03 8.422024e-04
-9.919506e-01 1.346297e-03 5.029938e-04 2.354389e-03 8.496649e-04
-9.899506e-01 1.362276e-03 5.088671e-04 2.377275e-03 8.572249e-04
-9.879506e-01 1.378530e-03 5.148400e-04 2.400480e-03 8.648837e-04
-9.859506e-01 1.395065e-03 5.209142e-04 2.424008e-03 8.726426e-04
-9.839506e-01 1.411886e-03 5.270917e-04 2.447865e-03 8.805032e-04
-9.819506e-01 1.428999e-03 5.333741e-04 2.472055e-03 8.884666e-04
-9.799506e-01 1.446410e-03 5.397634e-04 2.496585e-03 8.965343e-04
-9.779506e-01 1.464125e-03 5.462614e-04 2.521459e-03 9.047078e-04
-9.759506e-01 1.482149e-03 5.528703e-04 2.546683e-03 9.129885e-04
-9.739506e-01 1.500489e-03 5.595919e-04 2.572263e-03 9.213778e-04
-9.719506e-01 1.519152e-03 5.664282e-04 2.598204e-03 9.298771e-04
-9.699506e-01 1.538143e-03 5.733815e-04 2.624513e-03 9.384880e-04
-9.679506e-01 1.557470e-03 5.804537e-04 2.651194e-03 9.472120e-04
-9.659506e-01 1.577139e-03 5.876469e-04 2.678254e-03 9.560504e-04
-9.639506e-01 1.597156e-03 5.949633e-04 2.705699e-03 9.650049e-04
-9.619506e-01 1.617530e-03 6.024050e-04 2.733536e-03 9.740770e-04
-9.599506e-01 1.638267e-03 6.099740e-04 2.761770e-03 9.832683e-04
-9.579506e-01 1.659373e-03 6.176727e-04 2.790407e-03 9.925802e-04
-9.559506e-01 1.680858e-03 6.255033e-04 2.819455e-03 1.002014e-03
-9.539506e-01 1.702727e-03 6.334680e-04 2.848920e-03 1.011572e-03
-9.519506e-01 1.724989e-03 6.415694e-04 2.878808e-03 1.021256e-03
-9.499506e-01 1.747653e-03 6.498097e-04 2.909127e-03 1.031066e-03
-9.479506e-01 1.770725e-03 6.581916e-04 2.939882e-03 1.041006e-03
-9.459506e-01 1.794216e-03 6.667177e-04 2.971082e-03 1.051075e-03
-9.439506e-01 1.818133e-03 6.753903e-04 3.002732e-03 1.061277e-03
-9.419506e-01 1.842484e-03 6.842122e-04 3.034841e-03 1.071612e-03
-9.399506e-01 1.867280e-03 6.931856e-04 3.067415e-03 1.082082e-03
-9.379506e-01 1.892527e-03 7.023131e-04 3.100463e-03 1.092690e-03
-9.359506e-01 1.918236e-03 7.115971e-04 3.133991e-03 1.103436e-03
-9.339506e-01 1.944415e-03 7.210402e-04 3.168007e-03 1.114322e-03
-9.319506e-01 1.971073e-03 7.306448e-04 3.202519e-03 1.125351e-03
-9.299506e-01 1.998221e-03 7.404138e-04 3.237535e-03 1.136523e-03
-9.279506e-01 2.025868e-03 7.503501e-04 3.273062e-03 1.147841e-03
-9.259506e-01 2.054025e-03 7.604566e-04 3.309109e-03 1.159307e-03
-9.239506e-01 2.082702e-03 7.707365e-04 3.345684e-03 1.170921e-03
-9.219506e-01 2.111912e-03 7.811929e-04 3.382796e-03 1.182686e-03
-9.199506e-01 2.141665e-03 7.918291e-04 3.420452e-03 1.194604e-03
-9.179506e-01 2.171973e-03 8.026481e-04 3.458662e-03 1.206676e-03
-9.159506e-01 2.202847e-03 8.136528e-04 3.497433e-03 1.218905e-03
-9.139506e-01 2.234297e-03 8.248460e-04 3.536776e-03 1.231291e-03
-9.119506e-01 2.266335e-03 8.362305e-04 3.576698e-03 1.243837e-03
-9.099506e-01 2.298971e-03 8.478088e-04 3.617209e-03 1.256545e-03
-9.079506e-01 2.332218e-03 8.595837e-04 3.658318e-03 1.269416e-03
-9.059506e-01 2.366088e-03 8.715580e-04 3.700034e-03 1.282452e-03
-9.039506e-01 2.400592e-03 8.837348e-04 3.742367e-03 1.295656e-03
-9.019506e-01 2.435743e-03 8.961176e-04 3.785327e-03 1.309028e-03
-8.999506e-01 2.471558e-03 9.087101e-04 3.828922e-03 1.322570e-03
-8.979506e-01 2.508049e-03 9.215162e-04 3.873163e-03 1.336285e-03
-8.959506e-01 2.545233e-03 9.345401e-04 3.918059e-03 1.350174e-03
-8.939506e-01 2.583125e-03 9.477859e-04 3.963622e-03 1.364240e-03
-8.919506e-01 2.621740e-03 9.612574e-04 4.009860e-03 1.378483e-03
-8.899506e-01 2.661093e-03 9.749582e-04 4.056785e-03 1.392905e-03
-8.879506e-01 2.701199e-03 9.888916e-04 4.104406e-03 1.407510e-03
-8.859506e-01 2.742072e-03 1.003060e-03 4.152734e-03 1.422297e-03
-8.839506e-01 2.783725e-03 1.017467e-03 4.201781e-03 1.437269e-03
-8.819506e-01 2.826172e-03 1.032114e-03 4.251556e-03 1.452428e-03
-8.799506e-01 2.869428e-03 1.047003e-03 4.302070e-03 1.467776e-03
-8.779506e-01 2.913507e-03 1.062139e-03 4.353336e-03 1.483314e-03
-8.759506e-01 2.958425e-03 1.077523e-03 4.405363e-03 1.499044e-03
-8.739506e-01 3.004201e-03 1.093160e-03 4.458164e-03 1.514967e-03
-8.719506e-01 3.050855e-03 1.109055e-03 4.511749e-03 1.531086e-03
-8.699506e-01 3.098406e-03 1.125213e-03 4.566130e-03 1.547403e-03
-8.679506e-01 3.146878e-03 1.141639e-03 4.621319e-03 1.563918e-03
-8.659506e-01 3.196292e-03 1.158339e-03 4.677328e-03 1.580633e-03
-8.639506e-01 3.246670e-03 1.175317e-03 4.734168e-03 1.597551e-03
-8.619506e-01 3.298032e-03 1.192579e-03 4.791852e-03 1.614672e-03
-8.599506e-01 3.350399e-03 1.210128e-03 4.850391e-03 1.631999e-03
-8.579506e-01 3.403789e-03 1.227966e-03 4.909797e-03 1.649533e-03
-8.559506e-01 3.458218e-03 1.246095e-03 4.970084e-03 1.667275e-03
-8.539506e-01 3.513702e-03 1.264518e-03 5.031264e-03 1.685227e-03
-8.519506e-01 3.570257e-03 1.283234e-03 5.093348e-03 1.703390e-03
-8.499506e-01 3.627901e-03 1.302246e-03 5.156350e-03 1.721766e-03
-8.479506e-01 3.686651e-03 1.321556e-03 5.220281e-03 1.740357e-03
-8.459506e-01 3.746531e-03 1.341166e-03 5.285156e-03 1.759163e-03
-8.439506e-01 3.807564e-03 1.361082e-03 5.350987e-03 1.778186e-03
-8.419506e-01 3.869778e-03 1.381309e-03 5.417786e-03 1.797427e-03
-8.399506e-01 3.933205e-03 1.401854e-03 5.485567e-03 1.816888e-03
-8.379506e-01 3.997875e-03 1.422726e-03 5.554343e-03 1.836569e-03
-8.359506e-01 4.063823e-03 1.443930e-03 5.624126e-03 1.856472e-03
-8.339506e-01 4.131080e-03 1.465475e-03 5.694931e-03 1.876598e-03
-8.319506e-01 4.199676e-03 1.487366e-03 5.766769e-03 1.896949e-03
-8.299506e-01 4.269637e-03 1.509606e-03 5.839655e-03 1.917524e-03
-8.279506e-01 4.340986e-03 1.532197e-03 5.913601e-03 1.938325e-03
-8.259506e-01 4.413744e-03 1.555139e-03 5.988621e-03 1.959352e-03
-8.239506e-01 4.487926e-03 1.578432e-03 6.064728e-03 1.980608e-03
-8.219506e-01 4.563549e-03 1.602072e-03 6.141935e-03 2.002091e-03
-8.199506e-01 4.640631e-03 1.626059e-03 6.220256e-03 2.023804e-03
-8.179506e-01 4.719188e-03 1.650389e-03 6.299704e-03 2.045746e-03
-8.159506e-01 4.799247e-03 1.675065e-03 6.380292e-03 2.067919e-03
-8.139506e-01 4.880834e-03 1.700089e-03 6.462033e-03 2.090322e-03
-8.119506e-01 4.963987e-03 1.725467e-03 6.544940e-03 2.112956e-03
-8.099506e-01 5.048746e-03 1.751206e-03 6.629027e-03 2.135822e-03
-8.079506e-01 5.135158e-03 1.777317e-03 6.714306e-03 2.158919e-03
-8.059506e-01 5.223271e-03 1.803811e-03 6.800790e-03 2.182248e-03
-8.039506e-01 5.313135e-03 1.830697e-03 6.888492e-03 2.205808e-03
-8.019506e-01 5.404796e-03 1.857985e-03 6.977425e-03 2.229600e-03
-7.999506e-01 5.498297e-03 1.885682e-03 7.067600e-03 2.253624e-03
-7.979506e-01 5.593671e-03 1.913789e-03 7.159031e-03 2.277879e-03
-7.959506e-01 5.690945e-03 1.942307e-03 7.251730e-03 2.302366e-03
-7.939506e-01 5.790139e-03 1.971231e-03 7.345709e-03 2.327082e-03
-7.919506e-01 5.891266e-03 2.000553e-03 7.440978e-03 2.352029e-03
-7.899506e-01 5.994335e-03 2.030264e-03 7.537551e-03 2.377205e-03
-7.879506e-01 6.099354e-03 2.060354e-03 7.635438e-03 2.402610e-03
-7.859506e-01 6.206337e-03 2.090815e-03 7.734650e-03 2.428242e-03
-7.839506e-01 6.315302e-03 2.121641e-03 7.835198e-03 2.454102e-03
-7.819506e-01 6.426280e-03 2.152831e-03 7.937093e-03 2.480186e-03
-7.799506e-01 6.539312e-03 2.184388e-03 8.040344e-03 2.506496e-03
-7.779506e-01 6.654451e-03 2.216321e-03 8.144961e-03 2.533028e-03
-7.759506e-01 6.771761e-03 2.248641e-03 8.250954e-03 2.559782e-03
-7.739506e-01 6.891314e-03 2.281365e-03 8.358332e-03 2.586756e-03
-7.719506e-01 7.013183e-03 2.314507e-03 8.467103e-03 2.613948e-03
-7.699506e-01 7.137440e-03 2.348083e-03 8.577274e-03 2.641357e-03
-7.679506e-01 7.264150e-03 2.382103e-03 8.688855e-03 2.668980e-03
-7.659506e-01 7.393366e-03 2.416573e-03 8.801851e-03 2.696815e-03
-7.639506e-01 7.525124e-03 2.451493e-03 8.916269e-03 2.724861e-03
-7.619506e-01 7.659444e-03 2.486854e-03 9.032115e-03 2.753113e-03
-7.599506e-01 7.796332e-03 2.522640e-03 9.149394e-03 2.781571e-03
-7.579506e-01 7.935779e-03 2.558833e-03 9.268111e-03 2.810231e-03
-7.559506e-01 8.077767e-03 2.595407e-03 9.388269e-03 2.839090e-03
-7.539506e-01 8.222279e-03 2.632340e-03 9.509873e-03 2.868146e-03
-7.519506e-01 8.369303e-03 2.669608e-03 9.632924e-03 2.897394e-03
-7.499506e-01 8.518839e-03 2.707196e-03 9.757423e-03 2.926833e-03
-7.479506e-01 8.670905e-03 2.745094e-03 9.883373e-03 2.956457e-03
-7.459506e-01 8.825543e-03 2.783301e-03 1.001077e-02 2.986265e-03
-7.439506e-01 8.982816e-03 2.821825e-03 1.013962e-02 3.016252e-03
-7.419506e-01 9.142807e-03 2.860682e-03 1.026992e-02 3.046413e-03
-7.399506e-01 9.305616e-03 2.899895e-03 1.040165e-02 3.076745e-03
-7.379506e-01 9.471350e-03 2.939488e-03 1.053483e-02 3.107244e-03
-7.359506e-01 9.640113e-03 2.979484e-03 1.066945e-02 3.137906e-03
-7.339506e-01 9.811999e-03 3.019902e-03 1.080549e-02 3.168724e-03
-7.319506e-01 9.987078e-03 3.060753e-03 1.094296e-02 3.199696e-03
-7.299506e-01 1.016539e-02 3.102037e-03 1.108183e-02 3.230816e-03
-7.279506e-01 1.034695e-02 3.143741e-03 1.122212e-02 3.262079e-03
-7.259506e-01 1.053174e-02 3.185841e-03 1.136379e-02 3.293479e-03
-7.239506e-01 1.071968e-02 3.228299e-03 1.150685e-02 3.325012e-03
-7.219506e-01 1.091072e-02 3.271071e-03 1.165127e-02 3.356671e-03
-7.199506e-01 1.110475e-02 3.314110e-03 1.179704e-02 3.388452e-03
-7.179506e-01 1.130168e-02 3.357366e-03 1.194415e-02 3.420348e-03
-7.159506e-01 1.150145e-02 3.400798e-03 1.209258e-02 3.452353e-03
-7.139506e-01 1.170398e-02 3.444372e-03 1.224230e-02 3.484462e-03
-7.119506e-01 1.190928e-02 3.488071e-03 1.239331e-02 3.516667e-03
-7.099506e-01 1.211736e-02 3.531889e-03 1.254556e-02 3.548963e-03
-7.079506e-01 1.232829e-02 3.575840e-03 1.269905e-02 3.581343e-03
-7.059506e-01 1.254218e-02 3.619948e-03 1.285374e-02 3.613800e-03
-7.039506e-01 1.275915e-02 3.664248e-03 1.300961e-02 3.646328e-03
-7.019506e-01 1.297936e-02 3.708782e-03 1.316662e-02 3.678919e-03
-6.999506e-01 1.320294e-02 3.753589e-03 1.332475e-02 3.711566e-03
-6.979506e-01 1.342999e-02 3.798701e-03 1.348396e-02 3.744263e-03
-6.959506e-01 1.366060e-02 3.844137e-03 1.364422e-02 3.777002e-03
-6.939506e-01 1.389478e-02 3.889899e-03 1.380549e-02 3.809775e-03
-6.919506e-01 1.413248e-02 3.935968e-03 1.396774e-02 3.842574e-03
-6.899506e-01 1.437358e-02 3.982305e-03 1.413091e-02 3.875393e-03
-6.879506e-01 1.461791e-02 4.028851e-03 1.429498e-02 3.908224e-03
-6.859506e-01 1.486525e-02 4.075534e-03 1.445988e-02 3.941057e-03
-6.839506e-01 1.511533e-02 4.122270e-03 1.462559e-02 3.973887e-03
-6.819506e-01 1.536790e-02 4.168976e-03 1.479204e-02 4.006703e-03
-6.799506e-01 1.562271e-02 4.215572e-03 1.495919e-02 4.039499e-03
-6.779506e-01 1.587956e-02 4.261994e-03 1.512699e-02 4.072267e-03
-6.759506e-01 1.613828e-02 4.308197e-03 1.529538e-02 4.104997e-03
-6.739506e-01 1.639882e-02 4.354161e-03 1.546430e-02 4.137681e-03
-6.719506e-01 1.666117e-02 4.399891e-03 1.563370e-02 4.170312e-03
-6.699506e-01 1.692542e-02 4.445416e-03 1.580351e-02 4.202881e-03
-6.679506e-01 1.719170e-02 4.490788e-03 1.597368e-02 4.235379e-03
-6.659506e-01 1.746018e-02 4.536071e-03 1.614413e-02 4.267799e-03
-6.639506e-01 1.773104e-02 4.581336e-03 1.631480e-02 4.300130e-03
-6.619506e-01 1.800443e-02 4.626650e-03 1.648563e-02 4.332366e-03
-6.599506e-01 1.828045e-02 4.672066e-03 1.665654e-02 4.364497e-03
-6.579506e-01 1.855911e-02 4.717618e-03 1.682746e-02 4.396515e-03
-6.559506e-01 1.884031e-02 4.763308e-03 1.699832e-02 4.428412e-03
-6.539506e-01 1.912383e-02 4.809110e-03 1.716903e-02 4.460178e-03
-6.519506e-01 1.940934e-02 4.854965e-03 1.733953e-02 4.491806e-03
-6.499506e-01 1.969640e-02 4.900783e-03 1.750974e-02 4.523286e-03
-6.479506e-01 1.998450e-02 4.946454e-03 1.767956e-02 4.554611e-03
-6.459506e-01 2.027308e-02 4.991852e-03 1.784893e-02 4.585772e-03
-6.439506e-01 2.056158e-02 5.036850e-03 1.801775e-02 4.616761e-03
-6.419506e-01 2.084947e-02 5.081328e-03 1.818595e-02 4.647568e-03
-6.399506e-01 2.113633e-02 5.125186e-03 1.835343e-02 4.678187e-03
-6.379506e-01 2.142182e-02 5.168354e-03 1.852011e-02 4.708610e-03
-6.359506e-01 2.170574e-02 5.210797e-03 1.868591e-02 4.738827e-03
-6.339506e-01 2.198806e-02 5.252522e-03 1.885073e-02 4.768831e-03
-6.319506e-01 2.226885e-02 5.293572e-03 1.901447e-02 4.798615e-03
-6.299506e-01 2.254829e-02 5.334025e-03 1.917707e-02 4.828170e-03
-6.279506e-01 2.282665e-02 5.373986e-03 1.933841e-02 4.857490e-03
-6.259506e-01 2.310420e-02 5.413572e-03 1.949841e-02 4.886567e-03
-6.239506e-01 2.338117e-02 5.452903e-03 1.965698e-02 4.915392e-03
-6.219506e-01 2.365772e-02 5.492083e-03 1.981403e-02 4.943960e-03
-6.199506e-01 2.393387e-02 5.531195e-03 1.996946e-02 4.972264e-03
-6.179506e-01 2.420946e-02 5.570282e-03 2.012319e-02 5.000295e-03
-6.159506e-01 2.448416e-02 5.609347e-03 2.027511e-02 5.028048e-03
-6.139506e-01 2.475745e-02 5.648346e-03 2.042514e-02 5.055515e-03
-6.119506e-01 2.502865e-02 5.687188e-03 2.057319e-02 5.082691e-03
-6.099506e-01 2.529692e-02 5.725747e-03 2.071917e-02 5.109569e-03
-6.079506e-01 2.556140e-02 5.763865e-03 2.086299e-02 5.136142e-03
-6.059506e-01 2.582118e-02 5.801370e-03 2.100455e-02 5.162405e-03
-6.039506e-01 2.607543e-02 5.838088e-03 2.114378e-02 5.188353e-03
-6.019506e-01 2.632342e-02 5.873861e-03 2.128058e-02 5.213978e-03
-5.999506e-01 2.656464e-02 5.908562e-03 2.141488e-02 5.239277e-03
-5.979506e-01 2.679876e-02 5.942106e-03 2.154659e-02 5.264244e-03
-5.959506e-01 2.702570e-02 5.974460e-03 2.167562e-02 5.288874e-03
-5.939506e-01 2.724562e-02 6.005646e-03 2.180191e-02 5.313163e-03
-5.919506e-01 2.745886e-02 6.035739e-03 2.192537e-02 5.337106e-03
-5.899506e-01 2.766591e-02 6.064864e-03 2.204593e-02 5.360698e-03
-5.879506e-01 2.786735e-02 6.093181e-03 2.216352e-02 5.383937e-03
-5.859506e-01 2.806377e-02 6.120870e-03 2.227807e-02 5.406818e-03
-5.839506e-01 2.825565e-02 6.148118e-03 2.238951e-02 5.429337e-03
-5.819506e-01 2.844335e-02 6.175095e-03 2.249777e-02 5.451492e-03
-5.799506e-01 2.862700e-02 6.201943e-03 2.260280e-02 5.473279e-03
-5.779506e-01 2.880650e-02 6.228759e-03 2.270454e-02 5.494695e-03
-5.759506e-01 2.898148e-02 6.255584e-03 2.280292e-02 5.515738e-03
-5.739506e-01 2.915130e-02 6.282398e-03 2.289790e-02 5.536404e-03
-5.719506e-01 2.931514e-02 6.309121e-03 2.298942e-02 5.556692e-03
-5.699506e-01 2.947202e-02 6.335619e-03 2.307745e-02 5.576599e-03
-5.679506e-01 2.962087e-02 6.361711e-03 2.316193e-02 5.596124e-03
-5.659506e-01 2.976067e-02 6.387187e-03 2.324283e-02 5.615264e-03
-5.639506e-01 2.989051e-02 6.411826e-03 2.332011e-02 5.634018e-03
-5.619506e-01 3.000964e-02 6.435414e-03 2.339374e-02 5.652386e-03
-5.599506e-01 3.011764e-02 6.457764e-03 2.346369e-02 5.670365e-03
-5.579506e-01 3.021434e-02 6.478735e-03 2.352994e-02 5.687955e-03
-5.559506e-01 3.029994e-02 6.498245e-03 2.359246e-02 5.705156e-03
-5.539506e-01 3.037494e-02 6.516278e-03 2.365124e-02 5.721967e-03
-5.519506e-01 3.044011e-02 6.532892e-03 2.370626e-02 5.738388e-03
-5.499506e-01 3.049641e-02 6.548208e-03 2.375751e-02 5.754420e-03
-5.479506e-01 3.054493e-02 6.562410e-03 2.380500e-02 5.770063e-03
-5.459506e-01 3.058676e-02 6.575721e-03 2.384870e-02 5.785318e-03
-5.439506e-01 3.062290e-02 6.588391e-03 2.388863e-02 5.800185e-03
-5.419506e-01 3.065418e-02 6.600674e-03 2.392480e-02 5.814666e-03
-5.399506e-01 3.068115e-02 6.612804e-03 2.395720e-02 5.828762e-03
-5.379506e-01 3.070407e-02 6.624980e-03 2.398584e-02 5.842473e-03
-5.359506e-01 3.072288e-02 6.637348e-03 2.401075e-02 5.855803e-03
-5.339506e-01 3.073717e-02 6.649983e-03 2.403194e-02 5.868751e-03
-5.319506e-01 3.074627e-02 6.662891e-03 2.404943e-02 5.881321e-03
-5.299506e-01 3.074928e-02 6.676000e-03 2.406324e-02 5.893513e-03
-5.279506e-01 3.074519e-02 6.689168e-03 2.407340e-02 5.905330e-03
-5.259506e-01 3.073293e-02 6.702197e-03 2.407994e-02 5.916774e-03
-5.239506e-01 3.071152e-02 6.714843e-03 2.408289e-02 5.927847e-03
-5.219506e-01 3.068018e-02 6.726840e-03 2.408228e-02 5.938551e-03
-5.199506e-01 3.063836e-02 6.737921e-03 2.407816e-02 5.948888e-03
-5.179506e-01 3.058585e-02 6.747841e-03 2.407057e-02 5.958862e-03
-5.159506e-01 3.052284e-02 6.756400e-03 2.405954e-02 5.968476e-03
-5.139506e-01 3.044983e-02 6.763455e-03 2.404514e-02 5.977732e-03
-5.119506e-01 3.036769e-02 6.768943e-03 2.402739e-02 5.986634e-03
-5.099506e-01 3.027757e-02 6.772880e-03 2.400636e-02 5.995184e-03
-5.079506e-01 3.018080e-02 6.775367e-03 2.398211e-02 6.003388e-03
-5.059506e-01 3.007880e-02 6.776577e-03 2.395467e-02 6.011248e-03
-5.039506e-01 2.997299e-02 6.776751e-03 2.392411e-02 6.018768e-03
-5.019506e-01 2.986466e-02 6.776172e-03 2.389050e-02 6.025952e-03
-4.999506e-01 2.975488e-02 6.775149e-03 2.385388e-02 6.032805e-03
-4.979506e-01 2.964444e-02 6.773991e-03 2.381431e-02 6.039331e-03
-4.959506e-01 2.953379e-02 6.772981e-03 2.377187e-02 6.045533e-03
-4.939506e-01 2.942299e-02 6.772361e-03 2.372661e-02 6.051416e-03
-4.919506e-01 2.931179e-02 6.772308e-03 2.367859e-02 6.056985e-03
-4.899506e-01 2.919957e-02 6.772924e-03 2.362788e-02 6.062243e-03
-4.879506e-01 2.908550e-02 6.774226e-03 2.357455e-02 6.067194e-03
-4.859506e-01 2.896852e-02 6.776146e-03 2.351865e-02 6.071844e-03
-4.839506e-01 2.884755e-02 6.778535e-03 2.346025e-02 6.076195e-03
-4.819506e-01 2.872150e-02 6.781175e-03 2.339943e-02 6.080252e-03
-4.799506e-01 2.858943e-02 6.783793e-03 2.333624e-02 6.084019e-03
-4.779506e-01 2.845062e-02 6.786083e-03 2.327075e-02 6.087500e-03
-4.759506e-01 2.830464e-02 6.787731e-03 2.320303e-02 6.090700e-03
-4.739506e-01 2.815142e-02 6.788437e-03 2.313315e-02 6.093622e-03
-4.719506e-01 2.799125e-02 6.787938e-03 2.306117e-02 6.096271e-03
-4.699506e-01 2.782477e-02 6.786032e-03 2.298717e-02 6.098652e-03
-4.679506e-01 2.765294e-02 6.782595e-03 2.291121e-02 6.100769e-03
-4.659506e-01 2.747697e-02 6.777591e-03 2.283335e-02 6.102626e-03
-4.639506e-01 2.729821e-02 6.771073e-03 2.275368e-02 6.104229e-03
-4.619506e-01 2.711810e-02 6.763188e-03 2.267225e-02 6.105582e-03
-4.599506e-01 2.693803e-02 6.754160e-03 2.258913e-02 6.106690e-03
-4.579506e-01 2.675927e-02 6.744277e-03 2.250439e-02 6.107558e-03
-4.559506e-01 2.658286e-02 6.733871e-03 2.241810e-02 6.108192e-03
-4.539506e-01 2.640957e-02 6.723292e-03 2.233031e-02 6.108596e-03
-4.519506e-01 2.623983e-02 6.712889e-03 2.224109e-02 6.108776e-03
-4.499506e-01 2.607373e-02 6.702977e-03 2.215050e-02 6.108735e-03
-4.479506e-01 2.591100e-02 6.693824e-03 2.205861e-02 6.108480e-03
-4.459506e-01 2.575107e-02 6.685625e-03 2.196546e-02 6.108014e-03
-4.439506e-01 2.559309e-02 6.678495e-03 2.187113e-02 6.107342e-03
-4.419506e-01 2.543602e-02 6.672457e-03 2.177567e-02 6.106470e-03
-4.399506e-01 2.527872e-02 6.667444e-03 2.167913e-02 6.105400e-03
-4.379506e-01 2.512000e-02 6.663298e-03 2.158157e-02 6.104137e-03
-4.359506e-01 2.495879e-02 6.659786e-03 2.148304e-02 6.102685e-03
-4.339506e-01 2.479415e-02 6.656613e-03 2.138360e-02 6.101048e-03
-4.319506e-01 2.462541e-02 6.653442e-03 2.128329e-02 6.099230e-03
-4.299506e-01 2.445217e-02 6.649918e-03 2.118218e-02 6.097234e-03
-4.279506e-01 2.427437e-02 6.645694e-03 2.108031e-02 6.095065e-03
-4.259506e-01 2.409231e-02 6.640452e-03 2.097772e-02 6.092727e-03
-4.239506e-01 2.390658e-02 6.633933e-03 2.087448e-02 6.090222e-03
-4.219506e-01 2.371806e-02 6.625948e-03 2.077063e-02 6.087555e-03
-4.199506e-01 2.352784e-02 6.616402e-03 2.066622e-02 6.084731e-03
-4.179506e-01 2.333716e-02 6.605293e-03 2.056129e-02 6.081753e-03
-4.159506e-01 2.314730e-02 6.592719e-03 2.045589e-02 6.078626e-03
-4.139506e-01 2.295951e-02 6.578869e-03 2.035006e-02 6.075354e-03
-4.119506e-01 2.277493e-02 6.564010e-03 2.024385e-02 6.071941e-03
-4.099506e-01 2.259450e-02 6.548472e-03 2.013729e-02 6.068392e-03
-4.079506e-01 2.241892e-02 6.532623e-03 2.003044e-02 6.064711e-03
-4.059506e-01 2.224859e-02 6.516845e-03 1.992332e-02 6.060903e-03
-4.039506e-01 2.208362e-02 6.501508e-03 1.981598e-02 6.056971e-03
-4.019506e-01 2.192378e-02 6.486950e-03 1.970844e-02 6.052921e-03
-3.999506e-01 2.176858e-02 6.473451e-03 1.960075e-02 6.048755e-03
-3.979506e-01 2.161725e-02 6.461218e-03 1.949293e-02 6.044478e-03
-3.959506e-01 2.146883e-02 6.450372e-03 1.938502e-02 6.040093e-03
-3.939506e-01 2.132221e-02 6.440941e-03 1.927704e-02 6.035604e-03
-3.919506e-01 2.117625e-02 6.432855e-03 1.916903e-02 6.031014e-03
-3.899506e-01 2.102980e-02 6.425955e-03 1.906101e-02 6.026326e-03
-3.879506e-01 2.088183e-02 6.419999e-03 1.895301e-02 6.021541e-03
-3.859506e-01 2.073148e-02 6.414675e-03 1.884505e-02 6.016664e-03
-3.839506e-01 2.057811e-02 6.409627e-03 1.873716e-02 6.011697e-03
-3.819506e-01 2.042139e-02 6.404471e-03 1.862937e-02 6.006641e-03
-3.799506e-01 2.026124e-02 6.398820e-03 1.852170e-02 6.001500e-03
-3.779506e-01 2.009793e-02 6.392313e-03 1.841416e-02 5.996276e-03
-3.759506e-01 1.993198e-02 6.384638e-03 1.830680e-02 5.990971e-03
-3.739506e-01 1.976418e-02 6.375549e-03 1.819962e-02 5.985588e-03
-3.719506e-01 1.959547e-02 6.364888e-03 1.809266e-02 5.980129e-03
-3.699506e-01 1.942695e-02 6.352595e-03 1.798593e-02 5.974598e-03
-3.679506e-01 1.925976e-02 6.338711e-03 1.787945e-02 5.968998e-03
-3.659506e-01 1.909500e-02 6.323377e-03 1.777324e-02 5.963330e-03
-3.639506e-01 1.893371e-02 6.306825e-03 1.766733e-02 5.957600e-03
-3.619506e-01 1.877674e-02 6.289362e-03 1.756173e-02 5.951809e-03
-3.599506e-01 1.862475e-02 6.271350e-03 1.745645e-02 5.945962e-03
-3.579506e-01 1.847818e-02 6.253186e-03 1.735152e-02 5.940061e-03
-3.559506e-01 1.833716e-02 6.235273e-03 1.724694e-02 5.934110e-03
-3.539506e-01 1.820159e-02 6.218000e-03 1.714274e-02 5.928113e-03
-3.519506e-01 1.807108e-02 6.201714e-03 1.703892e-02 5.922071e-03
-3.499506e-01 1.794503e-02 6.186706e-03 1.693549e-02 5.915988e-03
-3.479506e-01 1.782261e-02 6.173187e-03 1.683246e-02 5.909867e-03
-3.459506e-01 1.770285e-02 6.161282e-03 1.672985e-02 5.903710e-03
-3.439506e-01 1.758471e-02 6.151023e-03 1.662766e-02 5.897518e-03
-3.419506e-01 1.746708e-02 6.142341e-03 1.652589e-02 5.891295e-03
-3.399506e-01 1.734893e-02 6.135077e-03 1.642456e-02 5.885041e-03
-3.379506e-01 1.722933e-02 6.128985e-03 1.632367e-02 5.878758e-03
-3.359506e-01 1.710750e-02 6.123749e-03 1.622323e-02 5.872447e-03
-3.339506e-01 1.698288e-02 6.118999e-03 1.612324e-02 5.866109e-03
-3.319506e-01 1.685518e-02 6.114330e-03 1.602371e-02 5.859745e-03
-3.299506e-01 1.672433e-02 6.109331e-03 1.592465e-02 5.853357e-03
-3.279506e-01 1.659057e-02 6.103604e-03 1.582607e-02 5.846945e-03
-3.259506e-01 1.645437e-02 6.096791e-03 1.572796e-02 5.840510e-03
-3.239506e-01 1.631640e-02 6.088598e-03 1.563034e-02 5.834053e-03
-3.219506e-01 1.617752e-02 6.078811e-03 1.553321e-02 5.827577e-03
-3.199506e-01 1.603868e-02 6.067308e-03 1.543658e-02 5.821082e-03
-3.179506e-01 1.590091e-02 6.054073e-03 1.534045e-02 5.814571e-03
-3.159506e-01 1.576520e-02 6.039194e-03 1.524483e-02 5.808045e-03
-3.139506e-01 1.563248e-02 6.022855e-03 1.514973e-02 5.801507e-03
-3.119506e-01 1.550357e-02 6.005330e-03 1.505515e-02 5.794959e-03
-3.099506e-01 1.537911e-02 5.986960e-03 1.496109e-02 5.788404e-03
-3.079506e-01 1.525953e-02 5.968139e-03 1.486756e-02 5.781843e-03
-3.059506e-01 1.514508e-02 5.949283e-03 1.477456e-02 5.775281e-03
-3.039506e-01 1.503572e-02 5.930814e-03 1.468208e-02 5.768719e-03
-3.019506e-01 1.493123e-02 5.913129e-03 1.459014e-02 5.762160e-03
-2.999506e-01 1.483114e-02 5.896583e-03 1.449872e-02 5.755607e-03
-2.979506e-01 1.473481e-02 5.881470e-03 1.440783e-02 5.749060e-03
-2.959506e-01 1.464143e-02 5.868005e-03 1.431747e-02 5.742524e-03
-2.939506e-01 1.455008e-02 5.856316e-03 1.422764e-02 5.735998e-03
-2.919506e-01 1.445979e-02 5.846434e-03 1.413832e-02 5.729484e-03
-2.899506e-01 1.436957e-02 5.838297e-03 1.404952e-02 5.722984e-03
-2.879506e-01 1.427848e-02 5.831745e-03 1.396124e-02 5.716498e-03
-2.859506e-01 1.418571e-02 5.826535e-03 1.387346e-02 5.710027e-03
-2.839506e-01 1.409057e-02 5.822350e-03 1.378620e-02 5.703571e-03
-2.819506e-01 1.399259e-02 5.818813e-03 1.369944e-02 5.697131e-03
-2.799506e-01 1.389150e-02 5.815511e-03 1.361318e-02 5.690706e-03
-2.779506e-01 1.378727e-02 5.812012e-03 1.352743e-02 5.684296e-03
-2.759506e-01 1.368010e-02 5.807893e-03 1.344218e-02 5.677903e-03
-2.739506e-01 1.357042e-02 5.802762e-03 1.335742e-02 5.671525e-03
-2.719506e-01 1.345884e-02 5.796281e-03 1.327317e-02 5.665165e-03
-2.699506e-01 1.334609e-02 5.788184e-03 1.318941e-02 5.658821e-03
-2.679506e-01 1.323305e-02 5.778299e-03 1.310615e-02 5.652496e-03
-2.659506e-01 1.312061e-02 5.766550e-03 1.302338e-02 5.646191e-03
-2.639506e-01 1.300967e-02 5.752969e-03 1.294112e-02 5.639907e-03
-2.619506e-01 1.290110e-02 5.737691e-03 1.285935e-02 5.633646e-03
-2.599506e-01 1.279564e-02 5.720946e-03 1.277807e-02 5.627410e-03
-2.579506e-01 1.269392e-02 5.703044e-03 1.269729e-02 5.621202e-03
-2.559506e-01 1.259639e-02 5.684361e-03 1.261700e-02 5.615025e-03
-2.539506e-01 1.250333e-02 5.665313e-03 1.253721e-02 5.608881e-03
-2.519506e-01 1.241481e-02 5.646334e-03 1.245789e-02 5.602772e-03
-2.499506e-01 1.233070e-02 5.627855e-03 1.237907e-02 5.596703e-03
-2.479506e-01 1.225069e-02 5.610280e-03 1.230071e-02 5.590675e-03
-2.459506e-01 1.217428e-02 5.593966e-03 1.222284e-02 5.584690e-03
-2.439506e-01 1.210083e-02 5.579207e-03 1.214542e-02 5.578753e-03
-2.419506e-01 1.202956e-02 5.566217e-03 1.206847e-02 5.572863e-03
-2.399506e-01 1.195963e-02 5.555125e-03 1.199198e-02 5.567024e-03
-2.379506e-01 1.189016e-02 5.545965e-03 1.191593e-02 5.561236e-03
-2.359506e-01 1.182026e-02 5.538676e-03 1.184033e-02 5.555502e-03
-2.339506e-01 1.174912e-02 5.533107e-03 1.176515e-02 5.549821e-03
-2.319506e-01 1.167602e-02 5.529018e-03 1.169041e-02 5.544195e-03
-2.299506e-01 1.160038e-02 5.526095e-03 1.161609e-02 5.538624e-03
-2.279506e-01 1.152179e-02 5.523965e-03 1.154219e-02 5.533108e-03
-2.259506e-01 1.144005e-02 5.522211e-03 1.146870e-02 5.527647e-03
-2.239506e-01 1.135514e-02 5.520392e-03 1.139562e-02 5.522242e-03
-2.219506e-01 1.126726e-02 5.518069e-03 1.132295e-02 5.516894e-03
-2.199506e-01 1.117679e-02 5.514825e-03 1.125068e-02 5.511602e-03
-2.179506e-01 1.108428e-02 5.510286e-03 1.117881e-02 5.506367e-03
-2.159506e-01 1.099039e-02 5.504147e-03 1.110734e-02 5.501190e-03
-2.139506e-01 1.089588e-02 5.496186e-03 1.103626e-02 5.496073e-03
-2.119506e-01 1.080157e-02 5.486276e-03 1.096559e-02 5.491018e-03
-2.099506e-01 1.070825e-02 5.474392e-03 1.089530e-02 5.486026e-03
-2.079506e-01 1.061670e-02 5.460618e-03 1.082542e-02 5.481100e-03
-2.059506e-01 1.052760e-02 5.445135e-03 1.075592e-02 5.476244e-03
-2.039506e-01 1.044155e-02 5.428212e-03 1.068682e-02 5.471461e-03
-2.019506e-01 1.035898e-02 5.410197e-03 1.061810e-02 5.466754e-03
-1.999506e-01 1.028020e-02 5.391488e-03 1.054978e-02 5.462127e-03
-1.979506e-01 1.020532e-02 5.372521e-03 1.048183e-02 5.457585e-03
-1.959506e-01 1.013430e-02 5.353741e-03 1.041427e-02 5.453132e-03
-1.939506e-01 1.006694e-02 5.335582e-03 1.034709e-02 5.448772e-03
-1.919506e-01 1.000288e-02 5.318451e-03 1.028027e-02 5.444510e-03
-1.899506e-01 9.941591e-03 5.302702e-03 1.021383e-02 5.440349e-03
-1.879506e-01 9.882466e-03 5.288627e-03 1.014774e-02 5.436294e-03
-1.859506e-01 9.824791e-03 5.276439e-03 1.008201e-02 5.432348e-03
-1.839506e-01 9.767801e-03 5.266270e-03 1.001663e-02 5.428514e-03
-1.819506e-01 9.710714e-03 5.258157e-03 9.951598e-03 5.424796e-03
-1.799506e-01 9.652771e-03 5.252049e-03 9.886902e-03 5.421196e-03
-1.779506e-01 9.593274e-03 5.247805e-03 9.822539e-03 5.417718e-03
-1.759506e-01 9.531621e-03 5.245199e-03 9.758505e-03 5.414362e-03
-1.739506e-01 9.467340e-03 5.243931e-03 9.694796e-03 5.411131e-03
-1.719506e-01 9.400113e-03 5.243640e-03 9.631407e-03 5.408026e-03
-1.699506e-01 9.329789e-03 5.243918e-03 9.568336e-03 5.405051e-03
-1.679506e-01 9.256395e-03 5.244327e-03 9.505582e-03 5.402205e-03
-1.659506e-01 9.180127e-03 5.244423e-03 9.443142e-03 5.399492e-03
-1.639506e-01 9.101338e-03 5.243776e-03 9.381016e-03 5.396913e-03
-1.619506e-01 9.020517e-03 5.241991e-03 9.319205e-03 5.394471e-03
-1.599506e-01 8.938259e-03 5.238729e-03 9.257708e-03 5.392168e-03
-1.579506e-01 8.855232e-03 5.233725e-03 9.196529e-03 5.390008e-03
-1.559506e-01 8.772139e-03 5.226802e-03 9.135667e-03 5.387995e-03
-1.539506e-01 8.689687e-03 5.217885e-03 9.075125e-03 5.386132e-03
-1.519506e-01 8.608549e-03 5.206997e-03 9.014906e-03 5.384425e-03
-1.499506e-01 8.529336e-03 5.194266e-03 8.955011e-03 5.382878e-03
-1.479506e-01 8.452569e-03 5.179913e-03 8.895442e-03 5.381498e-03
-1.459506e-01 8.378663e-03 5.164244e-03 8.836201e-03 5.380291e-03
-1.439506e-01 8.307903e-03 5.147628e-03 8.777289e-03 5.379264e-03
-1.419506e-01 8.240444e-03 5.130484e-03 8.718707e-03 5.378423e-03
-1.399506e-01 8.176301e-03 5.113259e-03 8.660456e-03 5.377777e-03
-1.379506e-01 8.115349e-03 5.096404e-03 8.602535e-03 5.377332e-03
-1.359506e-01 8.057335e-03 5.080357e-03 8.544944e-03 5.377095e-03
-1.339506e-01 8.001882e-03 5.065526e-03 8.487682e-03 5.377075e-03
-1.319506e-01 7.948514e-03 5.052268e-03 8.430748e-03 5.377279e-03
-1.299506e-01 7.896669e-03 5.040880e-03 8.374140e-03 5.377713e-03
-1.279506e-01 7.845728e-03 5.031587e-03 8.317857e-03 5.378384e-03
-1.259506e-01 7.795043e-03 5.024535e-03 8.261897e-03 5.379300e-03
-1.239506e-01 7.743966e-03 5.019784e-03 8.206260e-03 5.380464e-03
-1.219506e-01 7.691879e-03 5.017310e-03 8.150943e-03 5.381884e-03
-1.199506e-01 7.638228e-03 5.017004e-03 8.095946e-03 5.383565e-03
-1.179506e-01 7.582548e-03 5.018676e-03 8.041269e-03 5.385511e-03
-1.159506e-01 7.524485e-03 5.022065e-03 7.986912e-03 5.387727e-03
-1.139506e-01 7.463816e-03 5.026845e-03 7.932877e-03 5.390217e-03
-1.119506e-01 7.400458e-03 5.032638e-03 7.879166e-03 5.392985e-03
-1.099506e-01 7.334471e-03 5.039032e-03 7.825781e-03 5.396036e-03
-1.079506e-01 7.266051e-03 5.045596e-03 7.772726e-03 5.399374e-03
-1.059506e-01 7.195517e-03 5.051902e-03 7.720005e-03 5.403002e-03
-1.039506e-01 7.123293e-03 5.057541e-03 7.667623e-03 5.406925e-03
-1.019506e-01 7.049887e-03 5.062144e-03 7.615587e-03 5.411148e-03
-9.995061e-02 6.975859e-03 5.065405e-03 7.563902e-03 5.415677e-03
-9.795061e-02 6.901796e-03 5.067091e-03 7.512575e-03 5.420516e-03
-9.595061e-02 6.828287e-03 5.067058e-03 7.461612e-03 5.425671e-03
-9.395061e-02 6.755895e-03 5.065259e-03 7.411022e-03 5.431150e-03
-9.195061e-02 6.685134e-03 5.061749e-03 7.360810e-03 5.436959e-03
-8.995061e-02 6.616453e-03 5.056676e-03 7.310984e-03 5.443106e-03
-8.795061e-02 6.550219e-03 5.050282e-03 7.261551e-03 5.449600e-03
-8.595061e-02 6.486707e-03 5.042887e-03 7.212516e-03 5.456447e-03
-8.395061e-02 6.426091e-03 5.034873e-03 7.163886e-03 5.463658e-03
-8.195061e-02 6.368442e-03 5.026669e-03 7.115665e-03 5.471241e-03
-7.995061e-02 6.313728e-03 5.018731e-03 7.067860e-03 5.479205e-03
-7.795061e-02 6.261816e-03 5.011519e-03 7.020473e-03 5.487560e-03
-7.595061e-02 6.212480e-03 5.005488e-03 6.973508e-03 5.496313e-03
-7.395061e-02 6.165411e-03 5.001059e-03 6.926969e-03 5.505474e-03
-7.195061e-02 6.120229e-03 4.998617e-03 6.880859e-03 5.515051e-03
-6.995061e-02 6.076497e-03 4.998489e-03 6.835179e-03 5.525051e-03
-6.795061e-02 6.033743e-03 5.000938e-03 6.789932e-03 5.535482e-03
-6.595061e-02 5.991477e-03 5.006156e-03 6.745120e-03 5.546349e-03
-6.395061e-02 5.949215e-03 5.014259e-03 6.700744e-03 5.557659e-03
-6.195061e-02 5.906497e-03 5.025282e-03 6.656806e-03 5.569416e-03
-5.995061e-02 5.862914e-03 5.039180e-03 6.613309e-03 5.581625e-03
-5.795061e-02 5.818122e-03 5.055828e-03 6.570255e-03 5.594288e-03
-5.595061e-02 5.771861e-03 5.075027e-03 6.527647e-03 5.607409e-03
-5.395061e-02 5.723967e-03 5.096506e-03 6.485487e-03 5.620988e-03
-5.195061e-02 5.674378e-03 5.119934e-03 6.443779e-03 5.635028e-03
-4.995061e-02 5.623136e-03 5.144927e-03 6.402528e-03 5.649528e-03
-4.795061e-02 5.570383e-03 5.171065e-03 6.361737e-03 5.664490e-03
-4.595061e-02 5.516351e-03 5.197902e-03 6.321412e-03 5.679912e-03
-4.395061e-02 5.461351e-03 5.224990e-03 6.281558e-03 5.695796e-03
-4.195061e-02 5.405756e-03 5.251894e-03 6.242181e-03 5.712140e-03
-3.995061e-02 5.349980e-03 5.278211e-03 6.203287e-03 5.728945e-03
-3.795061e-02 5.294465e-03 5.303594e-03 6.164881e-03 5.746209e-03
-3.595061e-02 5.239653e-03 5.327764e-03 6.126969e-03 5.763934e-03
-3.395061e-02 5.185980e-03 5.350528e-03 6.089559e-03 5.782118e-03
-3.195061e-02 5.133852e-03 5.371792e-03 6.052654e-03 5.800763e-03
-2.995061e-02 5.083635e-03 5.391564e-03 6.016261e-03 5.819869e-03
-2.795061e-02 5.035645e-03 5.409957e-03 5.980383e-03 5.839436e-03
-2.595061e-02 4.990141e-03 5.427185e-03 5.945027e-03 5.859466e-03
-2.395061e-02 4.947314e-03 5.443554e-03 5.910194e-03 5.879959e-03
-2.195061e-02 4.907291e-03 5.459447e-03 5.875887e-03 5.900918e-03
-1.995061e-02 4.870126e-03 5.475310e-03 5.842109e-03 5.922341e-03
-1.795061e-02 4.835804e-03 5.491628e-03 5.808861e-03 5.944231e-03
-1.595061e-02 4.804243e-03 5.508912e-03 5.776142e-03 5.966587e-03
-1.395061e-02 4.775293e-03 5.527670e-03 5.743953e-03 5.989408e-03
-1.195061e-02 4.748744e-03 5.548396e-03 5.712291e-03 6.012694e-03
-9.950607e-03 4.724333e-03 5.571545e-03 5.681155e-03 6.036443e-03
-7.950607e-03 4.701747e-03 5.597525e-03 5.650542e-03 6.060651e-03
-5.950607e-03 4.680637e-03 5.626677e-03 5.620449e-03 6.085315e-03
-3.950607e-03 4.660629e-03 5.659268e-03 5.590871e-03 6.110428e-03
-1.950607e-03 4.641333e-03 5.695480e-03 5.561805e-03 6.135986e-03
4.939287e-05 4.622364e-03 5.735406e-03 5.533246e-03 6.161979e-03
2.049393e-03 4.603351e-03 5.779043e-03 5.505190e-03 6.188399e-03
4.049393e-03 4.583952e-03 5.826293e-03 5.477632e-03 6.215235e-03
6.049393e-03 4.563875e-03 5.876958e-03 5.450569e-03 6.242476e-03
8.049393e-03 4.542882e-03 5.930747e-03 5.423995e-03 6.270108e-03
1.004939e-02 4.520806e-03 5.987278e-03 5.397906e-03 6.298119e-03
1.204939e-02 4.497557e-03 6.046088e-03 5.372300e-03 6.326492e-03
1.404939e-02 4.473121e-03 6.106642e-03 5.347173e-03 6.355213e-03
1.604939e-02 4.447564e-03 6.168349e-03 5.322522e-03 6.384266e-03
1.804939e-02 4.421029e-03 6.230581e-03 5.298344e-03 6.413635e-03
2.004939e-02 4.393723e-03 6.292690e-03 5.274637e-03 6.443303e-03
2.204939e-02 4.365908e-03 6.354040e-03 5.251399e-03 6.473254e-03
2.404939e-02 4.337890e-03 6.414025e-03 5.228628e-03 6.503471e-03
2.604939e-02 4.310005e-03 6.472101e-03 5.206322e-03 6.533938e-03
2.804939e-02 4.282600e-03 6.527813e-03 5.184480e-03 6.564641e-03
3.004939e-02 4.256026e-03 6.580813e-03 5.163099e-03 6.595564e-03
3.204939e-02 4.230619e-03 6.630884e-03 5.142178e-03 6.626693e-03
3.404939e-02 4.206693e-03 6.677950e-03 5.121714e-03 6.658014e-03
3.604939e-02 4.184527e-03 6.722086e-03 5.101704e-03 6.689515e-03
3.804939e-02 4.164362e-03 6.763512e-03 5.082146e-03 6.721183e-03
4.004939e-02 4.146386e-03 6.802588e-03 5.063035e-03 6.753007e-03
4.204939e-02 4.130740e-03 6.839793e-03 5.044367e-03 6.784975e-03
4.404939e-02 4.117508e-03 6.875708e-03 5.026137e-03 6.817077e-03
4.604939e-02 4.106714e-03 6.910986e-03 5.008339e-03 6.849300e-03
4.804939e-02 4.098327e-03 6.946324e-03 4.990967e-03 6.881636e-03
5.004939e-02 4.092255e-03 6.982431e-03 4.974013e-03 6.914072e-03
5.204939e-02 4.088353e-03 7.019999e-03 4.957469e-03 6.946598e-03
5.404939e-02 4.086417e-03 7.059676e-03 4.941328e-03 6.979201e-03
5.604939e-02 4.086196e-03 7.102037e-03 4.925580e-03 7.011869e-03
5.804939e-02 4.087393e-03 7.147565e-03 4.910215e-03 7.044588e-03
6.004939e-02 4.089673e-03 7.196631e-03 4.895225e-03 7.077344e-03
6.204939e-02 4.092671e-03 7.249478e-03 4.880600e-03 7.110121e-03
6.404939e-02 4.096007e-03 7.306211e-03 4.866328e-03 7.142904e-03
6.604939e-02 4.099293e-03 7.366790e-03 4.852402e-03 7.175674e-03
6.804939e-02 4.102149e-03 7.431025e-03 4.838810e-03 7.208414e-03
7.004939e-02 4.104217e-03 7.498580e-03 4.825545e-03 7.241104e-03
7.204939e-02 4.105179e-03 7.568973e-03 4.812596e-03 7.273725e-03
7.404939e-02 4.104765e-03 7.641594e-03 4.799955e-03 7.306255e-03
7.604939e-02 4.102770e-03 7.715709e-03 4.787615e-03 7.338675e-03
7.804939e-02 4.099062e-03 7.790493e-03 4.775568e-03 7.370963e-03
8.004939e-02 4.093587e-03 7.865045e-03 4.763808e-03 7.403099e-03
8.204939e-02 4.086373e-03 7.938426e-03 4.752329e-03 7.435064e-03
8.404939e-02 4.077532e-03 8.009694e-03 4.741126e-03 7.466837e-03
8.604939e-02 4.067246e-03 8.077939e-03 4.730194e-03 7.498401e-03
8.804939e-02 4.055765e-03 8.142325e-03 4.719529e-03 7.529739e-03
9.004939e-02 4.043395e-03 8.202134e-03 4.709128e-03 7.560834e-03
9.204939e-02 4.030479e-03 8.256794e-03 4.698988e-03 7.591673e-03
9.404939e-02 4.017388e-03 8.305917e-03 4.689106e-03 7.622243e-03
9.604939e-02 4.004504e-03 8.349317e-03 4.679479e-03 7.652534e-03
9.804939e-02 3.992203e-03 8.387023e-03 4.670105e-03 7.682536e-03
1.000494e-01 3.980846e-03 8.419282e-03 4.660981e-03 7.712244e-03
1.020494e-01 3.970763e-03 8.446547e-03 4.652105e-03 7.741650e-03
1.040494e-01 3.962248e-03 8.469458e-03 4.643473e-03 7.770752e-03
1.060494e-01 3.955546e-03 8.488812e-03 4.635082e-03 7.799545e-03
1.080494e-01 3.950849e-03 8.505523e-03 4.626928e-03 7.828030e-03
1.100494e-01 3.948291e-03 8.520590e-03 4.619008e-03 7.856204e-03
1.120494e-01 3.947944e-03 8.535044e-03 4.611315e-03 7.884067e-03
1.140494e-01 3.949816e-03 8.549912e-03 4.603843e-03 7.911619e-03
1.160494e-01 3.953852e-03 8.566176e-03 4.596588e-03 7.938860e-03
1.180494e-01 3.959930e-03 8.584734e-03 4.589542e-03 7.965790e-03
1.200494e-01 3.967868e-03 8.606372e-03 4.582698e-03 7.992407e-03
1.220494e-01 3.977426e-03 8.631734e-03 4.576048e-03 8.018708e-03
1.240494e-01 3.988306e-03 8.661306e-03 4.569584e-03 8.044692e-03
1.260494e-01 4.000166e-03 8.695394e-03 4.563297e-03 8.070354e-03
1.280494e-01 4.012625e-03 8.734118e-03 4.557179e-03 8.095689e-03
1.300494e-01 4.025272e-03 8.777405e-03 4.551222e-03 8.120689e-03
1.320494e-01 4.037685e-03 8.824991e-03 4.545417e-03 8.145349e-03
1.340494e-01 4.049438e-03 8.876420e-03 4.539757e-03 8.169658e-03
1.360494e-01 4.060123e-03 8.931061e-03 4.534232e-03 8.193608e-03
1.380494e-01 4.069365e-03 8.988121e-03 4.528838e-03 8.217188e-03
1.400494e-01 4.076834e-03 9.046665e-03 4.523566e-03 8.240387e-03
1.420494e-01 4.082268e-03 9.105650e-03 4.518411e-03 8.263195e-03
1.440494e-01 4.085479e-03 9.163958e-03 4.513368e-03 8.285601e-03
1.460494e-01 4.086364e-03 9.220434e-03 4.508432e-03 8.307595e-03
1.480494e-01 4.084913e-03 9.273935e-03 4.503602e-03 8.329168e-03
1.500494e-01 4.081206e-03 9.323377e-03 4.498873e-03 8.350311e-03
1.520494e-01 4.075413e-03 9.367782e-03 4.494245e-03 8.371018e-03
1.540494e-01 4.067784e-03 9.406328e-03 4.489717e-03 8.391283e-03
1.560494e-01 4.058637e-03 9.438385e-03 4.485287e-03 8.411104e-03
1.580494e-01 4.048345e-03 9.463553e-03 4.480958e-03 8.430479e-03
1.600494e-01 4.037321e-03 9.481683e-03 4.476729e-03 8.449408e-03
1.620494e-01 4.026000e-03 9.492883e-03 4.472601e-03 8.467895e-03
1.640494e-01 4.014821e-03 9.497520e-03 4.468577e-03 8.485944e-03
1.660494e-01 4.004212e-03 9.496199e-03 4.464657e-03 8.503562e-03
1.680494e-01 3.994581e-03 9.489739e-03 4.460842e-03 8.520758e-03
1.700494e-01 3.986295e-03 9.479131e-03 4.457133e-03 8.537540e-03
1.720494e-01 3.979678e-03 9.465495e-03 4.453531e-03 8.553920e-03
1.740494e-01 3.974998e-03 9.450035e-03 4.450037e-03 8.569910e-03
1.760494e-01 3.972462e-03 9.433985e-03 4.446648e-03 8.585521e-03
1.780494e-01 3.972211e-03 9.418565e-03 4.443364e-03 8.600766e-03
1.800494e-01 3.974319e-03 9.404937e-03 4.440184e-03 8.615657e-03
1.820494e-01 3.978789e-03 9.394166e-03 4.437104e-03 8.630204e-03
1.840494e-01 3.985553e-03 9.387184e-03 4.434120e-03 8.644419e-03
1.860494e-01 3.994473e-03 9.384771e-03 4.431229e-03 8.658309e-03
1.880494e-01 4.005342e-03 9.387525e-03 4.428425e-03 8.671883e-03
1.900494e-01 4.017890e-03 9.395852e-03 4.425703e-03 8.685146e-03
1.920494e-01 4.031788e-03 9.409956e-03 4.423057e-03 8.698101e-03
1.940494e-01 4.046656e-03 9.429830e-03 4.420482e-03 8.710751e-03
1.960494e-01 4.062070e-03 9.455260e-03 4.417969e-03 8.723095e-03
1.980494e-01 4.077578e-03 9.485825e-03 4.415513e-03 8.735131e-03
2.000494e-01 4.092710e-03 9.520909e-03 4.413107e-03 8.746856e-03
2.020494e-01 4.106998e-03 9.559714e-03 4.410745e-03 8.758266e-03
2.040494e-01 4.119989e-03 9.601279e-03 4.408421e-03 8.769353e-03
2.060494e-01 4.131267e-03 9.644511e-03 4.406130e-03 8.780111e-03
2.080494e-01 4.140468e-03 9.688211e-03 4.403867e-03 8.790532e-03
2.100494e-01 4.147297e-03 9.731119e-03 4.401629e-03 8.800610e-03
2.120494e-01 4.151544e-03 9.771957e-03 4.399413e-03 8.810336e-03
2.140494e-01 4.153092e-03 9.809476e-03 4.397216e-03 8.819705e-03
2.160494e-01 4.151924e-03 9.842510e-03 4.395038e-03 8.828712e-03
2.180494e-01 4.148124e-03 9.870024e-03 4.392879e-03 8.837351e-03
2.200494e-01 4.141874e-03 9.891164e-03 4.390739e-03 8.845622e-03
2.220494e-01 4.133444e-03 9.905297e-03 4.388620e-03 8.853523e-03
2.240494e-01 4.123182e-03 9.912042e-03 4.386524e-03 8.861057e-03
2.260494e-01 4.111497e-03 9.911291e-03 4.384455e-03 8.868228e-03
2.280494e-01 4.098841e-03 9.903213e-03 4.382416e-03 8.875042e-03
2.300494e-01 4.085693e-03 9.888249e-03 4.380412e-03 8.881506e-03
2.320494e-01 4.072541e-03 9.867090e-03 4.378445e-03 8.887632e-03
2.340494e-01 4.059862e-03 9.840642e-03 4.376520e-03 8.893432e-03
2.360494e-01 4.048110e-03 9.809989e-03 4.374642e-03 8.898919e-03
2.380494e-01 4.037705e-03 9.776342e-03 4.372814e-03 8.904108e-03
2.400494e-01 4.029015e-03 9.740991e-03 4.371039e-03 8.909015e-03
2.420494e-01 4.022355e-03 9.705251e-03 4.369320e-03 8.913656e-03
2.440494e-01 4.017974e-03 9.670418e-03 4.367659e-03 8.918047e-03
2.460494e-01 4.016057e-03 9.637724e-03 4.366057e-03 8.922204e-03
2.480494e-01 4.016714e-03 9.608301e-03 4.364513e-03 8.926142e-03
2.500494e-01 4.019984e-03 9.583145e-03 4.363027e-03 8.929873e-03
2.520494e-01 4.025829e-03 9.563096e-03 4.361598e-03 8.933410e-03
2.540494e-01 4.034139e-03 9.548815e-03 4.360222e-03 8.936764e-03
2.560494e-01 4.044731e-03 9.540770e-03 4.358897e-03 8.939942e-03
2.580494e-01 4.057352e-03 9.539229e-03 4.357617e-03 8.942949e-03
2.600494e-01 4.071682e-03 9.544252e-03 4.356378e-03 8.945789e-03
2.620494e-01 4.087344e-03 9.555690e-03 4.355173e-03 8.948464e-03
2.640494e-01 4.103907e-03 9.573189e-03 4.353998e-03 8.950971e-03
2.660494e-01 4.120900e-03 9.596196e-03 4.352846e-03 8.953307e-03
2.680494e-01 4.137826e-03 9.623969e-03 4.351710e-03 8.955466e-03
2.700494e-01 4.154173e-03 9.655594e-03 4.350585e-03 8.957441e-03
2.720494e-01 4.169434e-03 9.690007e-03 4.349464e-03 8.959225e-03
2.740494e-01 4.183128e-03 9.726018e-03 4.348342e-03 8.960806e-03
2.760494e-01 4.194811e-03 9.762351e-03 4.347215e-03 8.962176e-03
2.780494e-01 4.204105e-03 9.797678e-03 4.346078e-03 8.963324e-03
2.800494e-01 4.210708e-03 9.830667e-03 4.344929e-03 8.964241e-03
2.820494e-01 4.214411e-03 9.860032e-03 4.343765e-03 8.964918e-03
2.840494e-01 4.215105e-03 9.884584e-03 4.342585e-03 8.965347e-03
2.860494e-01 4.212791e-03 9.903279e-03 4.341390e-03 8.965523e-03
2.880494e-01 4.207580e-03 9.915267e-03 4.340180e-03 8.965442e-03
2.900494e-01 4.199682e-03 9.919929e-03 4.338958e-03 8.965101e-03
2.920494e-01 4.189403e-03 9.916911e-03 4.337727e-03 8.964502e-03
2.940494e-01 4.177128e-03 9.906137e-03 4.336491e-03 8.963648e-03
2.960494e-01 4.163306e-03 9.887814e-03 4.335254e-03 8.962543e-03
2.980494e-01 4.148429e-03 9.862423e-03 4.334021e-03 8.961197e-03
3.000494e-01 4.133014e-03 9.830694e-03 4.332799e-03 8.959619e-03
3.020494e-01 4.117587e-03 9.793573e-03 4.331593e-03 8.957822e-03
3.040494e-01 4.102662e-03 9.752180e-03 4.330409e-03 8.955819e-03
3.060494e-01 4.088725e-03 9.707758e-03 4.329252e-03 8.953626e-03
3.080494e-01 4.076226e-03 9.661626e-03 4.328129e-03 8.951260e-03
3.100494e-01 4.065564e-03 9.615127e-03 4.327043e-03 8.948737e-03
3.120494e-01 4.057079e-03 9.569583e-03 4.325999e-03 8.946075e-03
3.140494e-01 4.051046e-03 9.526252e-03 4.325000e-03 8.943289e-03
3.160494e-01 4.047671e-03 9.486294e-03 4.324048e-03 8.940396e-03
3.180494e-01 4.047087e-03 9.450737e-03 4.323145e-03 8.937411e-03
3.200494e-01 4.049350e-03 9.420459e-03 4.322290e-03 8.934346e-03
3.220494e-01 4.054444e-03 9.396164e-03 4.321482e-03 8.931211e-03
3.240494e-01 4.062273e-03 9.378376e-03 4.320719e-03 8.928017e-03
3.260494e-01 4.072669e-03 9.367423e-03 4.319999e-03 8.924767e-03
3.280494e-01 4.085388e-03 9.363437e-03 4.319316e-03 8.921467e-03
3.300494e-01 4.100120e-03 9.366348e-03 4.318666e-03 8.918116e-03
3.320494e-01 4.116488e-03 9.375888e-03 4.318043e-03 8.914712e-03
3.340494e-01 4.134057e-03 9.391597e-03 4.317440e-03 8.911251e-03
3.360494e-01 4.152347e-03 9.412824e-03 4.316852e-03 8.907726e-03
3.380494e-01 4.170838e-03 9.438743e-03 4.316270e-03 8.904129e-03
3.400494e-01 4.188989e-03 9.468371e-03 4.315688e-03 8.900448e-03
3.420494e-01 4.206256e-03 9.500585e-03 4.315099e-03 8.896671e-03
3.440494e-01 4.222103e-03 9.534152e-03 4.314497e-03 8.892786e-03
3.460494e-01 4.236030e-03 9.567760e-03 4.313877e-03 8.888780e-03
3.480494e-01 4.247589e-03 9.600063e-03 4.313234e-03 8.884639e-03
3.500494e-01 4.256403e-03 9.629720e-03 4.312563e-03 8.880351e-03
3.520494e-01 4.262183e-03 9.655444e-03 4.311862e-03 8.875905e-03
3.540494e-01 4.264743e-03 9.676056e-03 4.311130e-03 8.871289e-03
3.560494e-01 4.264008e-03 9.690529e-03 4.310365e-03 8.866497e-03
3.580494e-01 4.260017e-03 9.698037e-03 4.309568e-03 8.861523e-03
3.600494e-01 4.252922e-03 9.697989e-03 4.308743e-03 8.856362e-03
3.620494e-01 4.242982e-03 9.690059e-03 4.307890e-03 8.851014e-03
3.640494e-01 4.230549e-03 9.674199e-03 4.307016e-03 8.845480e-03
3.660494e-01 4.216056e-03 9.650646e-03 4.306124e-03 8.839767e-03
3.680494e-01 4.199993e-03 9.619901e-03 4.305222e-03 8.833880e-03
3.700494e-01 4.182895e-03 9.582716e-03 4.304314e-03 8.827830e-03
3.720494e-01 4.165314e-03 9.540050e-03 4.303409e-03 8.821629e-03
3.740494e-01 4.147806e-03 9.493032e-03 4.302513e-03 8.815291e-03
3.760494e-01 4.130913e-03 9.442911e-03 4.301634e-03 8.808833e-03
3.780494e-01 4.115144e-03 9.391006e-03 4.300778e-03 8.802270e-03
3.800494e-01 4.100966e-03 9.338660e-03 4.299952e-03 8.795621e-03
3.820494e-01 4.088793e-03 9.287196e-03 4.299162e-03 8.788903e-03
3.840494e-01 4.078979e-03 9.237874e-03 4.298413e-03 8.782134e-03
3.860494e-01 4.071809e-03 9.191859e-03 4.297708e-03 8.775331e-03
3.880494e-01 4.067498e-03 9.150193e-03 4.297051e-03 8.768508e-03
3.900494e-01 4.066188e-03 9.113774e-03 4.296443e-03 8.761681e-03
3.920494e-01 4.067944e-03 9.083338e-03 4.295885e-03 8.754861e-03
3.940494e-01 4.072754e-03 9.059449e-03 4.295376e-03 8.748057e-03
3.960494e-01 4.080532e-03 9.042488e-03 4.294914e-03 8.741275e-03
3.980494e-01 4.091114e-03 9.032652e-03 4.294496e-03 8.734520e-03
4.000494e-01 4.104261e-03 9.029949e-03 4.294117e-03 8.727792e-03
4.020494e-01 4.119664e-03 9.034202e-03 4.293771e-03 8.721089e-03
4.040494e-01 4.136945e-03 9.045043e-03 4.293452e-03 8.714407e-03
4.060494e-01 4.155667e-03 9.061928e-03 4.293153e-03 8.707738e-03
4.080494e-01 4.175336e-03 9.084137e-03 4.292866e-03 8.701073e-03
4.100494e-01 4.195420e-03 9.110790e-03 4.292584e-03 8.694398e-03
4.120494e-01 4.215353e-03 9.140859e-03 4.292299e-03 8.687701e-03
4.140494e-01 4.234559e-03 9.173195e-03 4.292002e-03 8.680967e-03
4.160494e-01 4.252465e-03 9.206546e-03 4.291687e-03 8.674179e-03
4.180494e-01 4.268524e-03 9.239597e-03 4.291346e-03 8.667323e-03
4.200494e-01 4.282230e-03 9.271007e-03 4.290974e-03 8.660382e-03
4.220494e-01 4.293148e-03 9.299449e-03 4.290566e-03 8.653342e-03
4.240494e-01 4.300924e-03 9.323660e-03 4.290118e-03 8.646189e-03
4.260494e-01 4.305303e-03 9.342490e-03 4.289627e-03 8.638910e-03
4.280494e-01 4.306147e-03 9.354946e-03 4.289092e-03 8.631498e-03
4.300494e-01 4.303431e-03 9.360236e-03 4.288513e-03 8.623943e-03
4.320494e-01 4.297255e-03 9.357807e-03 4.287893e-03 8.616241e-03
4.340494e-01 4.287832e-03 9.347365e-03 4.287233e-03 8.608391e-03
4.360494e-01 4.275481e-03 9.328895e-03 4.286538e-03 8.600395e-03
4.380494e-01 4.260614e-03 9.302654e-03 4.285814e-03 8.592255e-03
4.400494e-01 4.243715e-03 9.269164e-03 4.285066e-03 8.583980e-03
4.420494e-01 4.225325e-03 9.229186e-03 4.284302e-03 8.575579e-03
4.440494e-01 4.206016e-03 9.183681e-03 4.283529e-03 8.567066e-03
4.460494e-01 4.186373e-03 9.133775e-03 4.282756e-03 8.558454e-03
4.480494e-01 4.166979e-03 9.080705e-03 4.281992e-03 8.549760e-03
4.500494e-01 4.148391e-03 9.025779e-03 4.281244e-03 8.541002e-03
4.520494e-01 4.131131e-03 8.970322e-03 4.280520e-03 8.532199e-03
4.540494e-01 4.115675e-03 8.915642e-03 4.279829e-03 8.523368e-03
4.560494e-01 4.102440e-03 8.862983e-03 4.279176e-03 8.514530e-03
4.580494e-01 4.091779e-03 8.813502e-03 4.278567e-03 8.505702e-03
4.600494e-01 4.083976e-03 8.768238e-03 4.278008e-03 8.496900e-03
4.620494e-01 4.079244e-03 8.728095e-03 4.277500e-03 8.488141e-03
4.640494e-01 4.077722e-03 8.693824e-03 4.277048e-03 8.479435e-03
4.660494e-01 4.079471e-03 8.666016e-03 4.276650e-03 8.470796e-03
4.680494e-01 4.084478e-03 8.645093e-03 4.276306e-03 8.462228e-03
4.700494e-01 4.092651e-03 8.631306e-03 4.276014e-03 8.453739e-03
4.720494e-01 4.103825e-03 8.624728e-03 4.275770e-03 8.445329e-03
4.740494e-01 4.117758e-03 8.625261e-03 4.275569e-03 8.436997e-03
4.760494e-01 4.134136e-03 8.632630e-03 4.275404e-03 8.428737e-03
4.780494e-01 4.152576e-03 8.646390e-03 4.275269e-03 8.420544e-03
4.800494e-01 4.172632e-03 8.665928e-03 4.275155e-03 8.412406e-03
4.820494e-01 4.193800e-03 8.690475e-03 4.275054e-03 8.404311e-03
4.840494e-01 4.215529e-03 8.719111e-03 4.274957e-03 8.396245e-03
4.860494e-01 4.237237e-03 8.750786e-03 4.274854e-03 8.388190e-03
4.880494e-01 4.258319e-03 8.784337e-03 4.274737e-03 8.380130e-03
4.900494e-01 4.278170e-03 8.818514e-03 4.274597e-03 8.372046e-03
4.920494e-01 4.296204e-03 8.852013e-03 4.274426e-03 8.363922e-03
4.940494e-01 4.311874e-03 8.883512e-03 4.274216e-03 8.355738e-03
4.960494e-01 4.324694e-03 8.911716e-03 4.273963e-03 8.347478e-03
4.980494e-01 4.334257e-03 8.935398e-03 4.273660e-03 8.339128e-03
5.000494e-01 4.340258e-03 8.953448e-03 4.273305e-03 8.330674e-03
5.020494e-01 4.342502e-03 8.964919e-03 4.272896e-03 8.322105e-03
5.040494e-01 4.340917e-03 8.969065e-03 4.272431e-03 8.313413e-03
5.060494e-01 4.335556e-03 8.965375e-03 4.271913e-03 8.304592e-03
5.080494e-01 4.326596e-03 8.953598e-03 4.271344e-03 8.295642e-03
5.100494e-01 4.314328e-03 8.933749e-03 4.270728e-03 8.286562e-03
5.120494e-01 4.299145e-03 8.906114e-03 4.270070e-03 8.277357e-03
5.140494e-01 4.281524e-03 8.871231e-03 4.269377e-03 8.268035e-03
5.160494e-01 4.262009e-03 8.829870e-03 4.268658e-03 8.258606e-03
5.180494e-01 4.241186e-03 8.782991e-03 4.267920e-03 8.249083e-03
5.200494e-01 4.219666e-03 8.731708e-03 4.267173e-03 8.239482e-03
5.220494e-01 4.198060e-03 8.677244e-03 4.266426e-03 8.229819e-03
5.240494e-01 4.176966e-03 8.620883e-03 4.265689e-03 8.220114e-03
5.260494e-01 4.156952e-03 8.563927e-03 4.264972e-03 8.210386e-03
5.280494e-01 4.138540e-03 8.507654e-03 4.264283e-03 8.200655e-03
5.300494e-01 4.122201e-03 8.453286e-03 4.263631e-03 8.190942e-03
5.320494e-01 4.108343e-03 8.401957e-03 4.263024e-03 8.181265e-03
5.340494e-01 4.097308e-03 8.354693e-03 4.262467e-03 8.171643e-03
5.360494e-01 4.089368e-03 8.312389e-03 4.261966e-03 8.162091e-03
5.380494e-01 4.084721e-03 8.275800e-03 4.261524e-03 8.152626e-03
5.400494e-01 4.083492e-03 8.245529e-03 4.261143e-03 8.143257e-03
5.420494e-01 4.085730e-03 8.222027e-03 4.260824e-03 8.133995e-03
5.440494e-01 4.091407e-03 8.205580e-03 4.260565e-03 8.124844e-03
5.460494e-01 4.100421e-03 8.196317e-03 4.260364e-03 8.115808e-03
5.480494e-01 4.112595e-03 8.194204e-03 4.260216e-03 8.106887e-03
5.500494e-01 4.127675e-03 8.199046e-03 4.260116e-03 8.098075e-03
5.520494e-01 4.145337e-03 8.210486e-03 4.260056e-03 8.089366e-03
5.540494e-01 4.165185e-03 8.228012e-03 4.260028e-03 8.080750e-03
5.560494e-01 4.186760e-03 8.250959e-03 4.260023e-03 8.072214e-03
5.580494e-01 4.209544e-03 8.278516e-03 4.260031e-03 8.063742e-03
5.600494e-01 4.232969e-03 8.309740e-03 4.260041e-03 8.055319e-03
5.620494e-01 4.256430e-03 8.343565e-03 4.260044e-03 8.046924e-03
5.640494e-01 4.279301e-03 8.378826e-03 4.260029e-03 8.038539e-03
5.660494e-01 4.300947e-03 8.414283e-03 4.259986e-03 8.030144e-03
5.680494e-01 4.320751e-03 8.448651e-03 4.259906e-03 8.021718e-03
5.700494e-01 4.338131e-03 8.480641e-03 4.259781e-03 8.013243e-03
5.720494e-01 4.352562e-03 8.508994e-03 4.259604e-03 8.004701e-03
5.740494e-01 4.363599e-03 8.532529e-03 4.259368e-03 7.996075e-03
5.760494e-01 4.370895e-03 8.550187e-03 4.259069e-03 7.987351e-03
5.780494e-01 4.374217e-03 8.561074e-03 4.258705e-03 7.978518e-03
5.800494e-01 4.373456e-03 8.564498e-03 4.258275e-03 7.969567e-03
5.820494e-01 4.368633e-03 8.560000e-03 4.257780e-03 7.960493e-03
5.840494e-01 4.359898e-03 8.547373e-03 4.257221e-03 7.951294e-03
5.860494e-01 4.347522e-03 8.526677e-03 4.256604e-03 7.941971e-03
5.880494e-01 4.331888e-03 8.498226e-03 4.255933e-03 7.932528e-03
5.900494e-01 4.313471e-03 8.462581e-03 4.255217e-03 7.922975e-03
5.920494e-01 4.292817e-03 8.420520e-03 4.254463e-03 7.913321e-03
5.940494e-01 4.270527e-03 8.373005e-03 4.253680e-03 7.903580e-03
5.960494e-01 4.247232e-03 8.321140e-03 4.252880e-03 7.893770e-03
5.980494e-01 4.223569e-03 8.266128e-03 4.252072e-03 7.883908e-03
6.000494e-01 4.200168e-03 8.209227e-03 4.251269e-03 7.874013e-03
6.020494e-01 4.177633e-03 8.151709e-03 4.250480e-03 7.864108e-03
6.040494e-01 4.156526e-03 8.094821e-03 4.249716e-03 7.854213e-03
6.060494e-01 4.137358e-03 8.039752e-03 4.248987e-03 7.844350e-03
6.080494e-01 4.120583e-03 7.987608e-03 4.248303e-03 7.834539e-03
6.100494e-01 4.106589e-03 7.939389e-03 4.247671e-03 7.824800e-03
6.120494e-01 4.095693e-03 7.895973e-03 4.247098e-03 7.815150e-03
6.140494e-01 4.088144e-03 7.858107e-03 4.246589e-03 7.805605e-03
6.160494e-01 4.084115e-03 7.826396e-03 4.246149e-03 7.796179e-03
6.180494e-01 4.083707e-03 7.801302e-03 4.245777e-03 7.786882e-03
6.200494e-01 4.086945e-03 7.783138e-03 4.245475e-03 7.777720e-03
6.220494e-01 4.093781e-03 7.772071e-03 4.245241e-03 7.768698e-03
6.240494e-01 4.104093e-03 7.768117e-03 4.245071e-03 7.759815e-03
6.260494e-01 4.117681e-03 7.771145e-03 4.244960e-03 7.751068e-03
6.280494e-01 4.134276e-03 7.780874e-03 4.244900e-03 7.742452e-03
6.300494e-01 4.153533e-03 7.796879e-03 4.244884e-03 7.733956e-03
6.320494e-01 4.175040e-03 7.818589e-03 4.244903e-03 7.725567e-03
6.340494e-01 4.198318e-03 7.845296e-03 4.244944e-03 7.717269e-03
6.360494e-01 4.222830e-03 7.876155e-03 4.244999e-03 7.709047e-03
6.380494e-01 4.247987e-03 7.910203e-03 4.245054e-03 7.700879e-03
6.400494e-01 4.273164e-03 7.946366e-03 4.245099e-03 7.692745e-03
6.420494e-01 4.297709e-03 7.983482e-03 4.245121e-03 7.684623e-03
6.440494e-01 4.320964e-03 8.020325e-03 4.245109e-03 7.676493e-03
6.460494e-01 4.342285e-03 8.055637e-03 4.245053e-03 7.668332e-03
6.480494e-01 4.361062e-03 8.088162e-03 4.244943e-03 7.660120e-03
6.500494e-01 4.376743e-03 8.116686e-03 4.244772e-03 7.651839e-03
6.520494e-01 4.388854e-03 8.140081e-03 4.244533e-03 7.643471e-03
6.540494e-01 4.397022e-03 8.157344e-03 4.244220e-03 7.635002e-03
6.560494e-01 4.400989e-03 8.167642e-03 4.243831e-03 7.626419e-03
6.580494e-01 4.400624e-03 8.170346e-03 4.243363e-03 7.617715e-03
6.600494e-01 4.395930e-03 8.165056e-03 4.242818e-03 7.608885e-03
6.620494e-01 4.387046e-03 8.151623e-03 4.242198e-03 7.599925e-03
6.640494e-01 4.374234e-03 8.130152e-03 4.241507e-03 7.590839e-03
6.660494e-01 4.357876e-03 8.100997e-03 4.240752e-03 7.581631e-03
6.680494e-01 4.338450e-03 8.064748e-03 4.239939e-03 7.572311e-03
6.700494e-01 4.316514e-03 8.022199e-03 4.239079e-03 7.562889e-03
6.720494e-01 4.292682e-03 7.974314e-03 4.238181e-03 7.553382e-03
6.740494e-01 4.267604e-03 7.922190e-03 4.237257e-03 7.543806e-03
6.760494e-01 4.241943e-03 7.867012e-03 4.236318e-03 7.534182e-03
6.780494e-01 4.216353e-03 7.810013e-03 4.235378e-03 7.524529e-03
6.800494e-01 4.191467e-03 7.752431e-03 4.234448e-03 7.514870e-03
6.820494e-01 4.167879e-03 7.695479e-03 4.233540e-03 7.505229e-03
6.840494e-01 4.146132e-03 7.640310e-03 4.232667e-03 7.495626e-03
6.860494e-01 4.126714e-03 7.587992e-03 4.231838e-03 7.486085e-03
6.880494e-01 4.110046e-03 7.539497e-03 4.231064e-03 7.476627e-03
6.900494e-01 4.096483e-03 7.495675e-03 4.230352e-03 7.467270e-03
6.920494e-01 4.086308e-03 7.457256e-03 4.229710e-03 7.458031e-03
6.940494e-01 4.079735e-03 7.424836e-03 4.229143e-03 7.448925e-03
6.960494e-01 4.076903e-03 7.398878e-03 4.228653e-03 7.439964e-03
6.980494e-01 4.077879e-03 7.379708e-03 4.228242e-03 7.431155e-03
7.000494e-01 4.082659e-03 7.367517e-03 4.227910e-03 7.422503e-03
7.020494e-01 4.091163e-03 7.362358e-03 4.227652e-03 7.414010e-03
7.040494e-01 4.103240e-03 7.364148e-03 4.227465e-03 7.405672e-03
7.060494e-01 4.118665e-03 7.372669e-03 4.227342e-03 7.397485e-03
7.080494e-01 4.137143e-03 7.387565e-03 4.227275e-03 7.389438e-03
7.100494e-01 4.158303e-03 7.408347e-03 4.227255e-03 7.381520e-03
7.120494e-01 4.181709e-03 7.434395e-03 4.227269e-03 7.373714e-03
7.140494e-01 4.206859e-03 7.464959e-03 4.227306e-03 7.366003e-03
7.160494e-01 4.233190e-03 7.499168e-03 4.227355e-03 7.358366e-03
7.180494e-01 4.260091e-03 7.536039e-03 4.227400e-03 7.350782e-03
7.200494e-01 4.286913e-03 7.574493e-03 4.227430e-03 7.343228e-03
7.220494e-01 4.312981e-03 7.613373e-03 4.227432e-03 7.335681e-03
7.240494e-01 4.337613e-03 7.651471e-03 4.227392e-03 7.328118e-03
7.260494e-01 4.360146e-03 7.687555e-03 4.227299e-03 7.320516e-03
7.280494e-01 4.379947e-03 7.720408e-03 4.227144e-03 7.312854e-03
7.300494e-01 4.396447e-03 7.748864e-03 4.226917e-03 7.305113e-03
7.320494e-01 4.409157e-03 7.771854e-03 4.226609e-03 7.297274e-03
7.340494e-01 4.417690e-03 7.788438e-03 4.226217e-03 7.289324e-03
7.360494e-01 4.421779e-03 7.797854e-03 4.225736e-03 7.281250e-03
7.380494e-01 4.421287e-03 7.799543e-03 4.225165e-03 7.273045e-03
7.400494e-01 4.416218e-03 7.793175e-03 4.224504e-03 7.264704e-03
7.420494e-01 4.406710e-03 7.778666e-03 4.223755e-03 7.256225e-03
7.440494e-01 4.393034e-03 7.756180e-03 4.222924e-03 7.247611e-03
7.460494e-01 4.375581e-03 7.726120e-03 4.222017e-03 7.238869e-03
7.480494e-01 4.354843e-03 7.689110e-03 4.221043e-03 7.230008e-03
7.500494e-01 4.331394e-03 7.645967e-03 4.220010e-03 7.221042e-03
7.520494e-01 4.305866e-03 7.597666e-03 4.218932e-03 7.211986e-03
7.540494e-01 4.278929e-03 7.545299e-03 4.217820e-03 7.202860e-03
7.560494e-01 4.251268e-03 7.490036e-03 4.216687e-03 7.193683e-03
7.580494e-01 4.223559e-03 7.433085e-03 4.215548e-03 7.184479e-03
7.600494e-01 4.196458e-03 7.375651e-03 4.214415e-03 7.175271e-03
7.620494e-01 4.170581e-03 7.318909e-03 4.213304e-03 7.166082e-03
7.640494e-01 4.146496e-03 7.263972e-03 4.212226e-03 7.156938e-03
7.660494e-01 4.124712e-03 7.211870e-03 4.211194e-03 7.147860e-03
7.680494e-01 4.105677e-03 7.163535e-03 4.210220e-03 7.138872e-03
7.700494e-01 4.089768e-03 7.119788e-03 4.209313e-03 7.129994e-03
7.720494e-01 4.077296e-03 7.081330e-03 4.208481e-03 7.121243e-03
7.740494e-01 4.068499e-03 7.048740e-03 4.207732e-03 7.112636e-03
7.760494e-01 4.063547e-03 7.022472e-03 4.207068e-03 7.104185e-03
7.780494e-01 4.062536e-03 7.002855e-03 4.206494e-03 7.095899e-03
7.800494e-01 4.065493e-03 6.990090e-03 4.206008e-03 7.087784e-03
7.820494e-01 4.072374e-03 6.984253e-03 4.205609e-03 7.079842e-03
7.840494e-01 4.083064e-03 6.985298e-03 4.205293e-03 7.072071e-03
7.860494e-01 4.097376e-03 6.993051e-03 4.205053e-03 7.064466e-03
7.880494e-01 4.115054e-03 7.007214e-03 4.204882e-03 7.057018e-03
7.900494e-01 4.135767e-03 7.027364e-03 4.204769e-03 7.049714e-03
7.920494e-01 4.159116e-03 7.052955e-03 4.204704e-03 7.042539e-03
7.940494e-01 4.184633e-03 7.083319e-03 4.204673e-03 7.035475e-03
7.960494e-01 4.211787e-03 7.117667e-03 4.204663e-03 7.028500e-03
7.980494e-01 4.239989e-03 7.155102e-03 4.204660e-03 7.021593e-03
8.000494e-01 4.268599e-03 7.194624e-03 4.204649e-03 7.014730e-03
8.020494e-01 4.296943e-03 7.235149e-03 4.204615e-03 7.007886e-03
8.040494e-01 4.324324e-03 7.275524e-03 4.204544e-03 7.001036e-03
8.060494e-01 4.350041e-03 7.314559e-03 4.204423e-03 6.994157e-03
8.080494e-01 4.373412e-03 7.351053e-03 4.204239e-03 6.987224e-03
8.100494e-01 4.393794e-03 7.383829e-03 4.203980e-03 6.980216e-03
8.120494e-01 4.410610e-03 7.411777e-03 4.203638e-03 6.973112e-03
8.140494e-01 4.423366e-03 7.433888e-03 4.203203e-03 6.965896e-03
8.160494e-01 4.431680e-03 7.449300e-03 4.202670e-03 6.958554e-03
8.180494e-01 4.435291e-03 7.457326e-03 4.202036e-03 6.951073e-03
8.200494e-01 4.434075e-03 7.457489e-03 4.201298e-03 6.943446e-03
8.220494e-01 4.428049e-03 7.449542e-03 4.200457e-03 6.935670e-03
8.240494e-01 4.417373e-03 7.433478e-03 4.199517e-03 6.927745e-03
8.260494e-01 4.402338e-03 7.409528e-03 4.198483e-03 6.919674e-03
8.280494e-01 4.383357e-03 7.378155e-03 4.197362e-03 6.911465e-03
8.300494e-01 4.360946e-03 7.340027e-03 4.196164e-03 6.903129e-03
8.320494e-01 4.335703e-03 7.295992e-03 4.194899e-03 6.894680e-03
8.340494e-01 4.308282e-03 7.247040e-03 4.193580e-03 6.886137e-03
8.360494e-01 4.279375e-03 7.194264e-03 4.192221e-03 6.877519e-03
8.380494e-01 4.249685e-03 7.138820e-03 4.190837e-03 6.868849e-03
8.400494e-01 4.219909e-03 7.081891e-03 4.189442e-03 6.860150e-03
8.420494e-01 4.190717e-03 7.024650e-03 4.188052e-03 6.851447e-03
8.440494e-01 4.162741e-03 6.968232e-03 4.186682e-03 6.842766e-03
8.460494e-01 4.136564e-03 6.913707e-03 4.185347e-03 6.834132e-03
8.480494e-01 4.112709e-03 6.862060e-03 4.184061e-03 6.825569e-03
8.500494e-01 4.091636e-03 6.814182e-03 4.182836e-03 6.817101e-03
8.520494e-01 4.073737e-03 6.770854e-03 4.181685e-03 6.808750e-03
8.540494e-01 4.059338e-03 6.732746e-03 4.180615e-03 6.800534e-03
8.560494e-01 4.048693e-03 6.700409e-03 4.179636e-03 6.792471e-03
8.580494e-01 4.041988e-03 6.674281e-03 4.178752e-03 6.784573e-03
8.600494e-01 4.039340e-03 6.654681e-03 4.177967e-03 6.776851e-03
8.620494e-01 4.040798e-03 6.641812e-03 4.177283e-03 6.769311e-03
8.640494e-01 4.046341e-03 6.635762e-03 4.176697e-03 6.761956e-03
8.660494e-01 4.055882e-03 6.636506e-03 4.176206e-03 6.754785e-03
8.680494e-01 4.069263e-03 6.643903e-03 4.175804e-03 6.747793e-03
8.700494e-01 4.086257e-03 6.657698e-03 4.175483e-03 6.740970e-03
8.720494e-01 4.106568e-03 6.677520e-03 4.175234e-03 6.734305e-03
8.740494e-01 4.129828e-03 6.702883e-03 4.175043e-03 6.727782e-03
8.760494e-01 4.155601e-03 6.733186e-03 4.174899e-03 6.721382e-03
8.780494e-01 4.183385e-03 6.767714e-03 4.174786e-03 6.715084e-03
8.800494e-01 4.212614e-03 6.805642e-03 4.174689e-03 6.708866e-03
8.820494e-01 4.242666e-03 6.846045e-03 4.174592e-03 6.702701e-03
8.840494e-01 4.272874e-03 6.887906e-03 4.174478e-03 6.696566e-03
8.860494e-01 4.302538e-03 6.930133e-03 4.174333e-03 6.690433e-03
8.880494e-01 4.330938e-03 6.971581e-03 4.174139e-03 6.684276e-03
8.900494e-01 4.357359e-03 7.011077e-03 4.173884e-03 6.678070e-03
8.920494e-01 4.381108e-03 7.047452e-03 4.173552e-03 6.671791e-03
8.940494e-01 4.401540e-03 7.079579e-03 4.173133e-03 6.665416e-03
8.960494e-01 4.418080e-03 7.106405e-03 4.172615e-03 6.658927e-03
8.980494e-01 4.430250e-03 7.126997e-03 4.171991e-03 6.652306e-03
9.000494e-01 4.437683e-03 7.140573e-03 4.171255e-03 6.645540e-03
9.020494e-01 4.440143e-03 7.146538e-03 4.170404e-03 6.638617e-03
9.040494e-01 4.437537e-03 7.144510e-03 4.169435e-03 6.631532e-03
9.060494e-01 4.429917e-03 7.134336e-03 4.168351e-03 6.624282e-03
9.080494e-01 4.417476e-03 7.116096e-03 4.167155e-03 6.616869e-03
9.100494e-01 4.400544e-03 7.090105e-03 4.165853e-03 6.609298e-03
9.120494e-01 4.379569e-03 7.056892e-03 4.164454e-03 6.601578e-03
9.140494e-01 4.355099e-03 7.017181e-03 4.162969e-03 6.593722e-03
9.160494e-01 4.327763e-03 6.971855e-03 4.161409e-03 6.585746e-03
9.180494e-01 4.298241e-03 6.921925e-03 4.159789e-03 6.577670e-03
9.200494e-01 4.267246e-03 6.868485e-03 4.158123e-03 6.569515e-03
9.220494e-01 4.235499e-03 6.812682e-03 4.156429e-03 6.561305e-03
9.240494e-01 4.203710e-03 6.755673e-03 4.154722e-03 6.553066e-03
9.260494e-01 4.172560e-03 6.698596e-03 4.153019e-03 6.544824e-03
9.280494e-01 4.142688e-03 6.642544e-03 4.151338e-03 6.536605e-03
9.300494e-01 4.114683e-03 6.588538e-03 4.149694e-03 6.528437e-03
9.320494e-01 4.089070e-03 6.537517e-03 4.148103e-03 6.520344e-03
9.340494e-01 4.066315e-03 6.490323e-03 4.146579e-03 6.512352e-03
9.360494e-01 4.046813e-03 6.447694e-03 4.145134e-03 6.504483e-03
9.380494e-01 4.030892e-03 6.410258e-03 4.143780e-03 6.496757e-03
9.400494e-01 4.018814e-03 6.378537e-03 4.142525e-03 6.489192e-03
9.420494e-01 4.010773e-03 6.352940e-03 4.141375e-03 6.481801e-03
9.440494e-01 4.006893e-03 6.333770e-03 4.140335e-03 6.474595e-03
9.460494e-01 4.007237e-03 6.321222e-03 4.139407e-03 6.467582e-03
9.480494e-01 4.011800e-03 6.315387e-03 4.138590e-03 6.460765e-03
9.500494e-01 4.020510e-03 6.316249e-03 4.137879e-03 6.454141e-03
9.520494e-01 4.033231e-03 6.323688e-03 4.137270e-03 6.447707e-03
9.540494e-01 4.049760e-03 6.337480e-03 4.136755e-03 6.441454e-03
9.560494e-01 4.069823e-03 6.357292e-03 4.136323e-03 6.435370e-03
9.580494e-01 4.093080e-03 6.382686e-03 4.135961e-03 6.429438e-03
9.600494e-01 4.119121e-03 6.413115e-03 4.135656e-03 6.423639e-03
9.620494e-01 4.147468e-03 6.447922e-03 4.135392e-03 6.417952e-03
9.640494e-01 4.177579e-03 6.486347e-03 4.135153e-03 6.412353e-03
9.660494e-01 4.208851e-03 6.527527e-03 4.134922e-03 6.406816e-03
9.680494e-01 4.240627e-03 6.570508e-03 4.134680e-03 6.401314e-03
9.700494e-01 4.272211e-03 6.614255e-03 4.134410e-03 6.395820e-03
9.720494e-01 4.302875e-03 6.657669e-03 4.134095e-03 6.390307e-03
9.740494e-01 4.331885e-03 6.699612e-03 4.133718e-03 6.384746e-03
9.760494e-01 4.358513e-03 6.738933e-03 4.133263e-03 6.379112e-03
9.780494e-01 4.382066e-03 6.774503e-03 4.132717e-03 6.373382e-03
9.800494e-01 4.401907e-03 6.805247e-03 4.132066e-03 6.367532e-03
9.820494e-01 4.417480e-03 6.830183e-03 4.131302e-03 6.361544e-03
9.840494e-01 4.428335e-03 6.848462e-03 4.130415e-03 6.355401e-03
9.860494e-01 4.434141e-03 6.859400e-03 4.129400e-03 6.349092e-03
9.880494e-01 4.434708e-03 6.862506e-03 4.128255e-03 6.342606e-03
9.900494e-01 4.429991e-03 6.857507e-03 4.126977e-03 6.335940e-03
9.920494e-01 4.420093e-03 6.844356e-03 4.125571e-03 6.329092e-03
9.940494e-01 4.405261e-03 6.823239e-03 4.124041e-03 6.322066e-03
9.960494e-01 4.385875e-03 6.794561e-03 4.122394e-03 6.314869e-03
9.980494e-01 4.362430e-03 6.758929e-03 4.120641e-03 6.307512e-03
1.000049e+00 4.335517e-03 6.717127e-03 4.118792e-03 6.300010e-03
1.002049e+00 4.305797e-03 6.670081e-03 4.116862e-03 6.292382e-03
1.004049e+00 4.273980e-03 6.618822e-03 4.114867e-03 6.284648e-03
1.006049e+00 4.240799e-03 6.564450e-03 4.112823e-03 6.276832e-03
1.008049e+00 4.206988e-03 6.508098e-03 4.110748e-03 6.268960e-03
1.010049e+00 4.173265e-03 6.450896e-03 4.108660e-03 6.261059e-03
1.012049e+00 4.140315e-03 6.393942e-03 4.106577e-03 6.253156e-03
1.014049e+00 4.108774e-03 6.338284e-03 4.104519e-03 6.245281e-03
1.016049e+00 4.079227e-03 6.284891e-03 4.102502e-03 6.237459e-03
1.018049e+00 4.052196e-03 6.234648e-03 4.100544e-03 6.229719e-03
1.020049e+00 4.028137e-03 6.188345e-03 4.098659e-03 6.222086e-03
1.022049e+00 4.007440e-03 6.146668e-03 4.096861e-03 6.214583e-03
1.024049e+00 3.990429e-03 6.110203e-03 4.095162e-03 6.207231e-03
1.026049e+00 3.977361e-03 6.079429e-03 4.093573e-03 6.200047e-03
1.028049e+00 3.968426e-03 6.054725e-03 4.092099e-03 6.193048e-03
1.030049e+00 3.963754e-03 6.036369e-03 4.090746e-03 6.186242e-03
1.032049e+00 3.963407e-03 6.024541e-03 4.089516e-03 6.179638e-03
1.034049e+00 3.967388e-03 6.019324e-03 4.088408e-03 6.173239e-03
1.036049e+00 3.975636e-03 6.020705e-03 4.087420e-03 6.167043e-03
1.038049e+00 3.988025e-03 6.028573e-03 4.086544e-03 6.161046e-03
1.040049e+00 4.004368e-03 6.042724e-03 4.085773e-03 6.155239e-03
1.042049e+00 4.024409e-03 6.062852e-03 4.085096e-03 6.149609e-03
1.044049e+00 4.047826e-03 6.088554e-03 4.084500e-03 6.144139e-03
1.046049e+00 4.074232e-03 6.119323e-03 4.083971e-03 6.138810e-03
1.048049e+00 4.103167e-03 6.154553e-03 4.083490e-03 6.133600e-03
1.050049e+00 4.134110e-03 6.193532e-03 4.083042e-03 6.128483e-03
1.052049e+00 4.166473e-03 6.235453e-03 4.082607e-03 6.123433e-03
1.054049e+00 4.199613e-03 6.279414e-03 4.082166e-03 6.118422e-03
1.056049e+00 4.232838e-03 6.324430e-03 4.081700e-03 6.113421e-03
1.058049e+00 4.265422e-03 6.369447e-03 4.081190e-03 6.108401e-03
1.060049e+00 4.296615e-03 6.413363e-03 4.080616e-03 6.103333e-03
1.062049e+00 4.325670e-03 6.455051e-03 4.079962e-03 6.098189e-03
1.064049e+00 4.351859e-03 6.493388e-03 4.079212e-03 6.092945e-03
1.066049e+00 4.374499e-03 6.527292e-03 4.078350e-03 6.087574e-03
1.068049e+00 4.392976e-03 6.555752e-03 4.077366e-03 6.082057e-03
1.070049e+00 4.406771e-03 6.577874e-03 4.076248e-03 6.076375e-03
1.072049e+00 4.415478e-03 6.592906e-03 4.074990e-03 6.070512e-03
1.074049e+00 4.418827e-03 6.600277e-03 4.073587e-03 6.064459e-03
1.076049e+00 4.416689e-03 6.599619e-03 4.072035e-03 6.058208e-03
1.078049e+00 4.409089e-03 6.590784e-03 4.070338e-03 6.051756e-03
1.080049e+00 4.396199e-03 6.573847e-03 4.068497e-03 6.045105e-03
1.082049e+00 4.378335e-03 6.549108e-03 4.066519e-03 6.038260e-03
1.084049e+00 4.355940e-03 6.517075e-03 4.064414e-03 6.031231e-03
1.086049e+00 4.329565e-03 6.478439e-03 4.062193e-03 6.024032e-03
1.088049e+00 4.299846e-03 6.434047e-03 4.059869e-03 6.016679e-03
1.090049e+00 4.267484e-03 6.384870e-03 4.057458e-03 6.009194e-03
1.092049e+00 4.233213e-03 6.331960e-03 4.054978e-03 6.001599e-03
1.094049e+00 4.197784e-03 6.276418e-03 4.052447e-03 5.993920e-03
1.096049e+00 4.161939e-03 6.219358e-03 4.049884e-03 5.986185e-03
1.098049e+00 4.126396e-03 6.161879e-03 4.047310e-03 5.978422e-03
1.100049e+00 4.091833e-03 6.105035e-03 4.044744e-03 5.970661e-03
1.102049e+00 4.058878e-03 6.049821e-03 4.042205e-03 5.962931e-03
1.104049e+00 4.028100e-03 5.997148e-03 4.039714e-03 5.955260e-03
1.106049e+00 4.000006e-03 5.947844e-03 4.037287e-03 5.947677e-03
1.108049e+00 3.975035e-03 5.902638e-03 4.034941e-03 5.940208e-03
1.110049e+00 3.953564e-03 5.862161e-03 4.032691e-03 5.932876e-03
1.112049e+00 3.935900e-03 5.826948e-03 4.030549e-03 5.925703e-03
1.114049e+00 3.922288e-03 5.797435e-03 4.028526e-03 5.918707e-03
1.116049e+00 3.912910e-03 5.773962e-03 4.026629e-03 5.911903e-03
1.118049e+00 3.907887e-03 5.756776e-03 4.024863e-03 5.905301e-03
1.120049e+00 3.907278e-03 5.746036e-03 4.023230e-03 5.898908e-03
1.122049e+00 3.911085e-03 5.741810e-03 4.021730e-03 5.892728e-03
1.124049e+00 3.919249e-03 5.744079e-03 4.020359e-03 5.886758e-03
1.126049e+00 3.931650e-03 5.752736e-03 4.019111e-03 5.880994e-03
1.128049e+00 3.948108e-03 5.767583e-03 4.017977e-03 5.875425e-03
1.130049e+00 3.968379e-03 5.788335e-03 4.016946e-03 5.870039e-03
1.132049e+00 3.992154e-03 5.814611e-03 4.016003e-03 5.864817e-03
1.134049e+00 4.019058e-03 5.845937e-03 4.015133e-03 5.859740e-03
1.136049e+00 4.048649e-03 5.881739e-03 4.014318e-03 5.854785e-03
1.138049e+00 4.080419e-03 5.921349e-03 4.013539e-03 5.849924e-03
1.140049e+00 4.113794e-03 5.964000e-03 4.012776e-03 5.845131e-03
1.142049e+00 4.148142e-03 6.008836e-03 4.012009e-03 5.840375e-03
1.144049e+00 4.182777e-03 6.054913e-03 4.011216e-03 5.835628e-03
1.146049e+00 4.216972e-03 6.101217e-03 4.010376e-03 5.830857e-03
1.148049e+00 4.249974e-03 6.146680e-03 4.009469e-03 5.826034e-03
1.150049e+00 4.281020e-03 6.190199e-03 4.008476e-03 5.821128e-03
1.152049e+00 4.309358e-03 6.230665e-03 4.007379e-03 5.816112e-03
1.154049e+00 4.334271e-03 6.266995e-03 4.006162e-03 5.810959e-03
1.156049e+00 4.355103e-03 6.298168e-03 4.004810e-03 5.805648e-03
1.158049e+00 4.371282e-03 6.323255e-03 4.003311e-03 5.800157e-03
1.160049e+00 4.382344e-03 6.341464e-03 4.001657e-03 5.794470e-03
1.162049e+00 4.387954e-03 6.352164e-03 3.999840e-03 5.788574e-03
1.164049e+00 4.387918e-03 6.354915e-03 3.997858e-03 5.782459e-03
1.166049e+00 4.382193e-03 6.349491e-03 3.995709e-03 5.776123e-03
1.168049e+00 4.370892e-03 6.335882e-03 3.993397e-03 5.769563e-03
1.170049e+00 4.354272e-03 6.314303e-03 3.990925e-03 5.762785e-03
1.172049e+00 4.332731e-03 6.285178e-03 3.988304e-03 5.755796e-03
1.174049e+00 4.306783e-03 6.249121e-03 3.985543e-03 5.748609e-03
1.176049e+00 4.277039e-03 6.206912e-03 3.982657e-03 5.741240e-03
1.178049e+00 4.244186e-03 6.159463e-03 3.979660e-03 5.733710e-03
1.180049e+00 4.208958e-03 6.107783e-03 3.976571e-03 5.726040e-03
1.182049e+00 4.172112e-03 6.052941e-03 3.973409e-03 5.718256e-03
1.184049e+00 4.134408e-03 5.996032e-03 3.970193e-03 5.710386e-03
1.186049e+00 4.096589e-03 5.938145e-03 3.966946e-03 5.702460e-03
1.188049e+00 4.059364e-03 5.880338e-03 3.963688e-03 5.694508e-03
1.190049e+00 4.023393e-03 5.823614e-03 3.960441e-03 5.686559e-03
1.192049e+00 3.989285e-03 5.768907e-03 3.957225e-03 5.678646e-03
1.194049e+00 3.957584e-03 5.717066e-03 3.954062e-03 5.670797e-03
1.196049e+00 3.928771e-03 5.668850e-03 3.950969e-03 5.663041e-03
1.198049e+00 3.903263e-03 5.624926e-03 3.947963e-03 5.655404e-03
1.200049e+00 3.881409e-03 5.585866e-03 3.945061e-03 5.647910e-03
1.202049e+00 3.863497e-03 5.552147e-03 3.942274e-03 5.640582e-03
1.204049e+00 3.849750e-03 5.524155e-03 3.939613e-03 5.633435e-03
1.206049e+00 3.840334e-03 5.502189e-03 3.937086e-03 5.626486e-03
1.208049e+00 3.835356e-03 5.486462e-03 3.934698e-03 5.619743e-03
1.210049e+00 3.834866e-03 5.477105e-03 3.932451e-03 5.613214e-03
1.212049e+00 3.838857e-03 5.474165e-03 3.930343e-03 5.606900e-03
1.214049e+00 3.847267e-03 5.477612e-03 3.928370e-03 5.600799e-03
1.216049e+00 3.859976e-03 5.487333e-03 3.926526e-03 5.594904e-03
1.218049e+00 3.876805e-03 5.503135e-03 3.924800e-03 5.589205e-03
1.220049e+00 3.897515e-03 5.524738e-03 3.923180e-03 5.583688e-03
1.222049e+00 3.921804e-03 5.551778e-03 3.921651e-03 5.578333e-03
1.224049e+00 3.949306e-03 5.583801e-03 3.920196e-03 5.573119e-03
1.226049e+00 3.979588e-03 5.620260e-03 3.918795e-03 5.568022e-03
1.228049e+00 4.012150e-03 5.660515e-03 3.917429e-03 5.563013e-03
1.230049e+00 4.046430e-03 5.703832e-03 3.916075e-03 5.558064e-03
1.232049e+00 4.081800e-03 5.749387e-03 3.914711e-03 5.553144e-03
1.234049e+00 4.117582e-03 5.796273e-03 3.913315e-03 5.548222e-03
1.236049e+00 4.153048e-03 5.843508e-03 3.911863e-03 5.543264e-03
1.238049e+00 4.187442e-03 5.890052e-03 3.910334e-03 5.538239e-03
1.240049e+00 4.219991e-03 5.934824e-03 3.908707e-03 5.533116e-03
1.242049e+00 4.249924e-03 5.976733e-03 3.906961e-03 5.527865e-03
1.244049e+00 4.276504e-03 6.014702e-03 3.905079e-03 5.522460e-03
1.246049e+00 4.299041e-03 6.047704e-03 3.903044e-03 5.516874e-03
1.248049e+00 4.316926e-03 6.074797e-03 3.900844e-03 5.511087e-03
1.250049e+00 4.329652e-03 6.095158e-03 3.898466e-03 5.505079e-03
1.252049e+00 4.336835e-03 6.108120e-03 3.895903e-03 5.498836e-03
1.254049e+00 4.338230e-03 6.113194e-03 3.893151e-03 5.492347e-03
1.256049e+00 4.333747e-03 6.110096e-03 3.890206e-03 5.485606e-03
1.258049e+00 4.323447e-03 6.098756e-03 3.887071e-03 5.478612e-03
1.260049e+00 4.307546e-03 6.079325e-03 3.883750e-03 5.471366e-03
1.262049e+00 4.286402e-03 6.052161e-03 3.880250e-03 5.463877e-03
1.264049e+00 4.260500e-03 6.017820e-03 3.876582e-03 5.456154e-03
1.266049e+00 4.230430e-03 5.977026e-03 3.872760e-03 5.448215e-03
1.268049e+00 4.196866e-03 5.930645e-03 3.868797e-03 5.440077e-03
1.270049e+00 4.160538e-03 5.879645e-03 3.864713e-03 5.431763e-03
1.272049e+00 4.122208e-03 5.825066e-03 3.860527e-03 5.423298e-03
1.274049e+00 4.082648e-03 5.767984e-03 3.856260e-03 5.414710e-03
1.276049e+00 4.042618e-03 5.709475e-03 3.851934e-03 5.406029e-03
1.278049e+00 4.002848e-03 5.650595e-03 3.847572e-03 5.397286e-03
1.280049e+00 3.964026e-03 5.592349e-03 3.843195e-03 5.388512e-03
1.282049e+00 3.926787e-03 5.535679e-03 3.838828e-03 5.379738e-03
1.284049e+00 3.891706e-03 5.481449e-03 3.834491e-03 5.370997e-03
1.286049e+00 3.859295e-03 5.430438e-03 3.830205e-03 5.362318e-03
1.288049e+00 3.830001e-03 5.383333e-03 3.825990e-03 5.353730e-03
1.290049e+00 3.804205e-03 5.340732e-03 3.821863e-03 5.345258e-03
1.292049e+00 3.782226e-03 5.303140e-03 3.817839e-03 5.336927e-03
1.294049e+00 3.764322e-03 5.270975e-03 3.813930e-03 5.328757e-03
1.296049e+00 3.750691e-03 5.244572e-03 3.810148e-03 5.320765e-03
1.298049e+00 3.741476e-03 5.224183e-03 3.806498e-03 5.312964e-03
1.300049e+00 3.736764e-03 5.209983e-03 3.802986e-03 5.305363e-03
1.302049e+00 3.736590e-03 5.202070e-03 3.799611e-03 5.297966e-03
1.304049e+00 3.740936e-03 5.200469e-03 3.796372e-03 5.290776e-03
1.306049e+00 3.749730e-03 5.205132e-03 3.793264e-03 5.283786e-03
1.308049e+00 3.762846e-03 5.215935e-03 3.790277e-03 5.276990e-03
1.310049e+00 3.780102e-03 5.232682e-03 3.787401e-03 5.270374e-03
1.312049e+00 3.801259e-03 5.255094e-03 3.784622e-03 5.263923e-03
1.314049e+00 3.826015e-03 5.282813e-03 3.781922e-03 5.257615e-03
1.316049e+00 3.854006e-03 5.315397e-03 3.779283e-03 5.251428e-03
1.318049e+00 3.884804e-03 5.352315e-03 3.776684e-03 5.245334e-03
1.320049e+00 3.917913e-03 5.392946e-03 3.774103e-03 5.239305e-03
1.322049e+00 3.952774e-03 5.436579e-03 3.771515e-03 5.233308e-03
1.324049e+00 3.988764e-03 5.482414e-03 3.768897e-03 5.227312e-03
1.326049e+00 4.025206e-03 5.529569e-03 3.766224e-03 5.221282e-03
1.328049e+00 4.061371e-03 5.577086e-03 3.763471e-03 5.215184e-03
1.330049e+00 4.096498e-03 5.623948e-03 3.760613e-03 5.208984e-03
1.332049e+00 4.129807e-03 5.669095e-03 3.757629e-03 5.202650e-03
1.334049e+00 4.160518e-03 5.711449e-03 3.754495e-03 5.196150e-03
1.336049e+00 4.187872e-03 5.749944e-03 3.751191e-03 5.189454e-03
1.338049e+00 4.211161e-03 5.783554e-03 3.747700e-03 5.182535e-03
1.340049e+00 4.229749e-03 5.811333e-03 3.744007e-03 5.175369e-03
1.342049e+00 4.243099e-03 5.832445e-03 3.740098e-03 5.167937e-03
1.344049e+00 4.250794e-03 5.846198e-03 3.735963e-03 5.160221e-03
1.346049e+00 4.252556e-03 5.852078e-03 3.731597e-03 5.152209e-03
1.348049e+00 4.248258e-03 5.849765e-03 3.726995e-03 5.143893e-03
1.350049e+00 4.237930e-03 5.839148e-03 3.722158e-03 5.135269e-03
1.352049e+00 4.221756e-03 5.820335e-03 3.717089e-03 5.126338e-03
1.354049e+00 4.200069e-03 5.793642e-03 3.711795e-03 5.117106e-03
1.356049e+00 4.173332e-03 5.759582e-03 3.706284e-03 5.107583e-03
1.358049e+00 4.142121e-03 5.718839e-03 3.700570e-03 5.097783e-03
1.360049e+00 4.107101e-03 5.672243e-03 3.694668e-03 5.087723e-03
1.362049e+00 4.068997e-03 5.620732e-03 3.688594e-03 5.077425e-03
1.364049e+00 4.028576e-03 5.565320e-03 3.682369e-03 5.066914e-03
1.366049e+00 3.986617e-03 5.507063e-03 3.676014e-03 5.056217e-03
1.368049e+00 3.943890e-03 5.447026e-03 3.669550e-03 5.045363e-03
1.370049e+00 3.901143e-03 5.386253e-03 3.663002e-03 5.034382e-03
1.372049e+00 3.859079e-03 5.325749e-03 3.656391e-03 5.023307e-03
1.374049e+00 3.818354e-03 5.266455e-03 3.649743e-03 5.012169e-03
1.376049e+00 3.779562e-03 5.209240e-03 3.643078e-03 5.001000e-03
1.378049e+00 3.743236e-03 5.154890e-03 3.636420e-03 4.989830e-03
1.380049e+00 3.709844e-03 5.104104e-03 3.629788e-03 4.978689e-03
1.382049e+00 3.679790e-03 5.057492e-03 3.623201e-03 4.967604e-03
1.384049e+00 3.653414e-03 5.015575e-03 3.616676e-03 4.956600e-03
1.386049e+00 3.630997e-03 4.978791e-03 3.610226e-03 4.945698e-03
1.388049e+00 3.612760e-03 4.947496e-03 3.603862e-03 4.934917e-03
1.390049e+00 3.598872e-03 4.921967e-03 3.597594e-03 4.924271e-03
1.392049e+00 3.589447e-03 4.902407e-03 3.591426e-03 4.913771e-03
1.394049e+00 3.584549e-03 4.888951e-03 3.585361e-03 4.903422e-03
