# results/qpc_wx1.0_B_B0_largeseed.npz: LDOS at x = 0, 1/(meV nm), Lorentzian; M_loc = 0.0000
# e-mu[meV] rho_up(eta=0.05) rho_dn(eta=0.05) rho_up(eta=0.1) rho_dn(eta=0.1)
-1.401946e+00 1.927479e-04 1.927191e-04 3.824745e-04 3.824176e-04
-1.399946e+00 1.935004e-04 1.934715e-04 3.839506e-04 3.838935e-04
-1.397946e+00 1.942577e-04 1.942287e-04 3.854361e-04 3.853788e-04
-1.395946e+00 1.950201e-04 1.949909e-04 3.869312e-04 3.868736e-04
-1.393946e+00 1.957874e-04 1.957581e-04 3.884359e-04 3.883780e-04
-1.391946e+00 1.965599e-04 1.965304e-04 3.899504e-04 3.898921e-04
-1.389946e+00 1.973374e-04 1.973077e-04 3.914746e-04 3.914160e-04
-1.387946e+00 1.981200e-04 1.980902e-04 3.930087e-04 3.929499e-04
-1.385946e+00 1.989079e-04 1.988780e-04 3.945529e-04 3.944937e-04
-1.383946e+00 1.997010e-04 1.996709e-04 3.961071e-04 3.960476e-04
-1.381946e+00 2.004995e-04 2.004692e-04 3.976714e-04 3.976117e-04
-1.379946e+00 2.013033e-04 2.012729e-04 3.992461e-04 3.991860e-04
-1.377946e+00 2.021125e-04 2.020819e-04 4.008311e-04 4.007707e-04
-1.375946e+00 2.029272e-04 2.028965e-04 4.024266e-04 4.023659e-04
-1.373946e+00 2.037474e-04 2.037165e-04 4.040327e-04 4.039717e-04
-1.371946e+00 2.045732e-04 2.045421e-04 4.056495e-04 4.055881e-04
-1.369946e+00 2.054046e-04 2.053734e-04 4.072770e-04 4.072154e-04
-1.367946e+00 2.062418e-04 2.062104e-04 4.089155e-04 4.088535e-04
-1.365946e+00 2.070846e-04 2.070531e-04 4.105649e-04 4.105026e-04
-1.363946e+00 2.079333e-04 2.079016e-04 4.122254e-04 4.121628e-04
-1.361946e+00 2.087879e-04 2.087560e-04 4.138972e-04 4.138342e-04
-1.359946e+00 2.096484e-04 2.096163e-04 4.155803e-04 4.155170e-04
-1.357946e+00 2.105149e-04 2.104826e-04 4.172748e-04 4.172111e-04
-1.355946e+00 2.113874e-04 2.113550e-04 4.189808e-04 4.189169e-04
-1.353946e+00 2.122661e-04 2.122335e-04 4.206986e-04 4.206342e-04
-1.351946e+00 2.131509e-04 2.131181e-04 4.224281e-04 4.223634e-04
-1.349946e+00 2.140420e-04 2.140090e-04 4.241695e-04 4.241045e-04
-1.347946e+00 2.149394e-04 2.149063e-04 4.259229e-04 4.258576e-04
-1.345946e+00 2.158432e-04 2.158099e-04 4.276885e-04 4.276228e-04
-1.343946e+00 2.167534e-04 2.167199e-04 4.294663e-04 4.294003e-04
-1.341946e+00 2.176702e-04 2.176365e-04 4.312566e-04 4.311902e-04
-1.339946e+00 2.185935e-04 2.185596e-04 4.330593e-04 4.329926e-04
-1.337946e+00 2.195235e-04 2.194895e-04 4.348747e-04 4.348076e-04
-1.335946e+00 2.204602e-04 2.204260e-04 4.367029e-04 4.366355e-04
-1.333946e+00 2.214038e-04 2.213694e-04 4.385441e-04 4.384762e-04
-1.331946e+00 2.223542e-04 2.223196e-04 4.403982e-04 4.403300e-04
-1.329946e+00 2.233116e-04 2.232768e-04 4.422656e-04 4.421969e-04
-1.327946e+00 2.242760e-04 2.242410e-04 4.441462e-04 4.440772e-04
-1.325946e+00 2.252476e-04 2.252124e-04 4.460403e-04 4.459710e-04
-1.323946e+00 2.262263e-04 2.261909e-04 4.479481e-04 4.478783e-04
-1.321946e+00 2.272123e-04 2.271767e-04 4.498696e-04 4.497994e-04
-1.319946e+00 2.282057e-04 2.281699e-04 4.518050e-04 4.517344e-04
-1.317946e+00 2.292065e-04 2.291705e-04 4.537544e-04 4.536835e-04
-1.315946e+00 2.302148e-04 2.301786e-04 4.557180e-04 4.556467e-04
-1.313946e+00 2.312308e-04 2.311944e-04 4.576960e-04 4.576243e-04
-1.311946e+00 2.322544e-04 2.322178e-04 4.596885e-04 4.596164e-04
-1.309946e+00 2.332859e-04 2.332491e-04 4.616957e-04 4.616232e-04
-1.307946e+00 2.343252e-04 2.342882e-04 4.637177e-04 4.636447e-04
-1.305946e+00 2.353725e-04 2.353352e-04 4.657547e-04 4.656813e-04
-1.303946e+00 2.364279e-04 2.363904e-04 4.678068e-04 4.677330e-04
-1.301946e+00 2.374914e-04 2.374537e-04 4.698742e-04 4.698001e-04
-1.299946e+00 2.385632e-04 2.385253e-04 4.719572e-04 4.718826e-04
-1.297946e+00 2.396433e-04 2.396052e-04 4.740558e-04 4.739808e-04
-1.295946e+00 2.407320e-04 2.406936e-04 4.761703e-04 4.760948e-04
-1.293946e+00 2.418291e-04 2.417906e-04 4.783008e-04 4.782248e-04
-1.291946e+00 2.429350e-04 2.428962e-04 4.804474e-04 4.803711e-04
-1.289946e+00 2.440496e-04 2.440106e-04 4.826105e-04 4.825337e-04
-1.287946e+00 2.451731e-04 2.451339e-04 4.847901e-04 4.847129e-04
-1.285946e+00 2.463056e-04 2.462661e-04 4.869866e-04 4.869089e-04
-1.283946e+00 2.474472e-04 2.474075e-04 4.891999e-04 4.891218e-04
-1.281946e+00 2.485981e-04 2.485581e-04 4.914304e-04 4.913518e-04
-1.279946e+00 2.497583e-04 2.497180e-04 4.936783e-04 4.935992e-04
-1.277946e+00 2.509279e-04 2.508874e-04 4.959437e-04 4.958642e-04
-1.275946e+00 2.521071e-04 2.520664e-04 4.982269e-04 4.981469e-04
-1.273946e+00 2.532960e-04 2.532551e-04 5.005280e-04 5.004476e-04
-1.271946e+00 2.544948e-04 2.544536e-04 5.028474e-04 5.027664e-04
-1.269946e+00 2.557035e-04 2.556620e-04 5.051851e-04 5.051037e-04
-1.267946e+00 2.569223e-04 2.568806e-04 5.075414e-04 5.074595e-04
-1.265946e+00 2.581513e-04 2.581093e-04 5.099166e-04 5.098342e-04
-1.263946e+00 2.593907e-04 2.593485e-04 5.123109e-04 5.122279e-04
-1.261946e+00 2.606406e-04 2.605981e-04 5.147244e-04 5.146410e-04
-1.259946e+00 2.619011e-04 2.618584e-04 5.171575e-04 5.170736e-04
-1.257946e+00 2.631724e-04 2.631294e-04 5.196103e-04 5.195259e-04
-1.255946e+00 2.644547e-04 2.644114e-04 5.220832e-04 5.219982e-04
-1.253946e+00 2.657480e-04 2.657045e-04 5.245763e-04 5.244908e-04
-1.251946e+00 2.670526e-04 2.670088e-04 5.270899e-04 5.270040e-04
-1.249946e+00 2.683686e-04 2.683245e-04 5.296243e-04 5.295378e-04
-1.247946e+00 2.696961e-04 2.696518e-04 5.321798e-04 5.320927e-04
-1.245946e+00 2.710354e-04 2.709908e-04 5.347565e-04 5.346689e-04
-1.243946e+00 2.723866e-04 2.723417e-04 5.373547e-04 5.372666e-04
-1.241946e+00 2.737498e-04 2.737046e-04 5.399748e-04 5.398861e-04
-1.239946e+00 2.751253e-04 2.750798e-04 5.426170e-04 5.425278e-04
-1.237946e+00 2.765133e-04 2.764675e-04 5.452816e-04 5.451918e-04
-1.235946e+00 2.779138e-04 2.778677e-04 5.479689e-04 5.478785e-04
-1.233946e+00 2.793272e-04 2.792808e-04 5.506791e-04 5.505881e-04
-1.231946e+00 2.807535e-04 2.807068e-04 5.534126e-04 5.533211e-04
-1.229946e+00 2.821931e-04 2.821461e-04 5.561696e-04 5.560775e-04
-1.227946e+00 2.836460e-04 2.835987e-04 5.589506e-04 5.588579e-04
-1.225946e+00 2.851126e-04 2.850650e-04 5.617557e-04 5.616624e-04
-1.223946e+00 2.865930e-04 2.865451e-04 5.645854e-04 5.644915e-04
-1.221946e+00 2.880875e-04 2.880392e-04 5.674399e-04 5.673454e-04
-1.219946e+00 2.895962e-04 2.895476e-04 5.703195e-04 5.702244e-04
-1.217946e+00 2.911194e-04 2.910705e-04 5.732247e-04 5.731289e-04
-1.215946e+00 2.926574e-04 2.926082e-04 5.761556e-04 5.760593e-04
-1.213946e+00 2.942104e-04 2.941608e-04 5.791128e-04 5.790159e-04
-1.211946e+00 2.957786e-04 2.957287e-04 5.820966e-04 5.819990e-04
-1.209946e+00 2.973624e-04 2.973121e-04 5.851072e-04 5.850090e-04
-1.207946e+00 2.989618e-04 2.989113e-04 5.881451e-04 5.880462e-04
-1.205946e+00 3.005774e-04 3.005264e-04 5.912107e-04 5.911112e-04
-1.203946e+00 3.022092e-04 3.021579e-04 5.943043e-04 5.942041e-04
-1.201946e+00 3.038577e-04 3.038061e-04 5.974263e-04 5.973255e-04
-1.199946e+00 3.055231e-04 3.054711e-04 6.005772e-04 6.004756e-04
-1.197946e+00 3.072057e-04 3.071533e-04 6.037572e-04 6.036550e-04
-1.195946e+00 3.089058e-04 3.088531e-04 6.069669e-04 6.068640e-04
-1.193946e+00 3.106238e-04 3.105707e-04 6.102066e-04 6.101030e-04
-1.191946e+00 3.123600e-04 3.123065e-04 6.134768e-04 6.133725e-04
-1.189946e+00 3.141147e-04 3.140609e-04 6.167778e-04 6.166728e-04
-1.187946e+00 3.158883e-04 3.158341e-04 6.201102e-04 6.200045e-04
-1.185946e+00 3.176812e-04 3.176266e-04 6.234744e-04 6.233679e-04
-1.183946e+00 3.194938e-04 3.194388e-04 6.268708e-04 6.267636e-04
-1.181946e+00 3.213264e-04 3.212710e-04 6.302998e-04 6.301919e-04
-1.179946e+00 3.231795e-04 3.231237e-04 6.337620e-04 6.336534e-04
-1.177946e+00 3.250534e-04 3.249972e-04 6.372579e-04 6.371485e-04
-1.175946e+00 3.269486e-04 3.268920e-04 6.407879e-04 6.406776e-04
-1.173946e+00 3.288657e-04 3.288086e-04 6.443524e-04 6.442414e-04
-1.171946e+00 3.308049e-04 3.307475e-04 6.479521e-04 6.478403e-04
-1.169946e+00 3.327669e-04 3.327090e-04 6.515874e-04 6.514748e-04
-1.167946e+00 3.347520e-04 3.346937e-04 6.552588e-04 6.551454e-04
-1.165946e+00 3.367609e-04 3.367022e-04 6.589668e-04 6.588527e-04
-1.163946e+00 3.387941e-04 3.387349e-04 6.627120e-04 6.625971e-04
-1.161946e+00 3.408521e-04 3.407924e-04 6.664950e-04 6.663792e-04
-1.159946e+00 3.429354e-04 3.428753e-04 6.703162e-04 6.701996e-04
-1.157946e+00 3.450447e-04 3.449842e-04 6.741762e-04 6.740588e-04
-1.155946e+00 3.471806e-04 3.471196e-04 6.780756e-04 6.779573e-04
-1.153946e+00 3.493437e-04 3.492823e-04 6.820150e-04 6.818958e-04
-1.151946e+00 3.515347e-04 3.514728e-04 6.859949e-04 6.858749e-04
-1.149946e+00 3.537542e-04 3.536918e-04 6.900159e-04 6.898950e-04
-1.147946e+00 3.560029e-04 3.559400e-04 6.940787e-04 6.939568e-04
-1.145946e+00 3.582815e-04 3.582181e-04 6.981837e-04 6.980610e-04
-1.143946e+00 3.605908e-04 3.605269e-04 7.023317e-04 7.022081e-04
-1.141946e+00 3.629315e-04 3.628671e-04 7.065232e-04 7.063987e-04
-1.139946e+00 3.653043e-04 3.652394e-04 7.107589e-04 7.106334e-04
-1.137946e+00 3.677101e-04 3.676446e-04 7.150394e-04 7.149130e-04
-1.135946e+00 3.701496e-04 3.700836e-04 7.193654e-04 7.192380e-04
-1.133946e+00 3.726236e-04 3.725570e-04 7.237374e-04 7.236090e-04
-1.131946e+00 3.751329e-04 3.750658e-04 7.281562e-04 7.280268e-04
-1.129946e+00 3.776783e-04 3.776107e-04 7.326224e-04 7.324920e-04
-1.127946e+00 3.802607e-04 3.801925e-04 7.371366e-04 7.370053e-04
-1.125946e+00 3.828809e-04 3.828121e-04 7.416996e-04 7.415673e-04
-1.123946e+00 3.855396e-04 3.854702e-04 7.463121e-04 7.461787e-04
-1.121946e+00 3.882376e-04 3.881677e-04 7.509746e-04 7.508403e-04
-1.119946e+00 3.909758e-04 3.909052e-04 7.556880e-04 7.555526e-04
-1.117946e+00 3.937548e-04 3.936837e-04 7.604530e-04 7.603165e-04
-1.115946e+00 3.965755e-04 3.965037e-04 7.652701e-04 7.651326e-04
-1.113946e+00 3.994384e-04 3.993660e-04 7.701403e-04 7.700016e-04
-1.111946e+00 4.023443e-04 4.022713e-04 7.750641e-04 7.749244e-04
-1.109946e+00 4.052939e-04 4.052202e-04 7.800423e-04 7.799015e-04
-1.107946e+00 4.082877e-04 4.082133e-04 7.850758e-04 7.849338e-04
-1.105946e+00 4.113263e-04 4.112513e-04 7.901651e-04 7.900220e-04
-1.103946e+00 4.144102e-04 4.143345e-04 7.953112e-04 7.951669e-04
-1.101946e+00 4.175401e-04 4.174637e-04 8.005147e-04 8.003693e-04
-1.099946e+00 4.207163e-04 4.206393e-04 8.057764e-04 8.056298e-04
-1.097946e+00 4.239395e-04 4.238617e-04 8.110972e-04 8.109494e-04
-1.095946e+00 4.272100e-04 4.271315e-04 8.164778e-04 8.163288e-04
-1.093946e+00 4.305284e-04 4.304492e-04 8.219190e-04 8.217688e-04
-1.091946e+00 4.338952e-04 4.338153e-04 8.274217e-04 8.272702e-04
-1.089946e+00 4.373109e-04 4.372302e-04 8.329866e-04 8.328339e-04
-1.087946e+00 4.407759e-04 4.406944e-04 8.386147e-04 8.384607e-04
-1.085946e+00 4.442909e-04 4.442086e-04 8.443067e-04 8.441514e-04
-1.083946e+00 4.478563e-04 4.477733e-04 8.500635e-04 8.499070e-04
-1.081946e+00 4.514729e-04 4.513891e-04 8.558861e-04 8.557282e-04
-1.079946e+00 4.551412e-04 4.550566e-04 8.617753e-04 8.616161e-04
-1.077946e+00 4.588619e-04 4.587765e-04 8.677319e-04 8.675714e-04
-1.075946e+00 4.626358e-04 4.625495e-04 8.737570e-04 8.735950e-04
-1.073946e+00 4.664635e-04 4.663764e-04 8.798513e-04 8.796880e-04
-1.071946e+00 4.703458e-04 4.702578e-04 8.860160e-04 8.858513e-04
-1.069946e+00 4.742836e-04 4.741947e-04 8.922519e-04 8.920858e-04
-1.067946e+00 4.782776e-04 4.781879e-04 8.985599e-04 8.983924e-04
-1.065946e+00 4.823289e-04 4.822383e-04 9.049412e-04 9.047722e-04
-1.063946e+00 4.864383e-04 4.863468e-04 9.113966e-04 9.112262e-04
-1.061946e+00 4.906067e-04 4.905143e-04 9.179273e-04 9.177553e-04
-1.059946e+00 4.948352e-04 4.947418e-04 9.245341e-04 9.243606e-04
-1.057946e+00 4.991247e-04 4.990304e-04 9.312182e-04 9.310432e-04
-1.055946e+00 5.034763e-04 5.033811e-04 9.379807e-04 9.378041e-04
-1.053946e+00 5.078911e-04 5.077949e-04 9.448225e-04 9.446444e-04
-1.051946e+00 5.123701e-04 5.122729e-04 9.517449e-04 9.515652e-04
-1.049946e+00 5.169145e-04 5.168163e-04 9.587489e-04 9.585676e-04
-1.047946e+00 5.215254e-04 5.214261e-04 9.658356e-04 9.656527e-04
-1.045946e+00 5.262040e-04 5.261037e-04 9.730062e-04 9.728216e-04
-1.043946e+00 5.309514e-04 5.308501e-04 9.802619e-04 9.800757e-04
-1.041946e+00 5.357690e-04 5.356665e-04 9.876038e-04 9.874159e-04
-1.039946e+00 5.406578e-04 5.405543e-04 9.950332e-04 9.948435e-04
-1.037946e+00 5.456193e-04 5.455147e-04 1.002551e-03 1.002360e-03
-1.035946e+00 5.506546e-04 5.505489e-04 1.010159e-03 1.009966e-03
-1.033946e+00 5.557652e-04 5.556583e-04 1.017858e-03 1.017663e-03
-1.031946e+00 5.609522e-04 5.608442e-04 1.025650e-03 1.025453e-03
-1.029946e+00 5.662172e-04 5.661079e-04 1.033535e-03 1.033336e-03
-1.027946e+00 5.715614e-04 5.714509e-04 1.041515e-03 1.041315e-03
-1.025946e+00 5.769863e-04 5.768746e-04 1.049592e-03 1.049390e-03
-1.023946e+00 5.824933e-04 5.823804e-04 1.057766e-03 1.057562e-03
-1.021946e+00 5.880838e-04 5.879697e-04 1.066040e-03 1.065834e-03
-1.019946e+00 5.937594e-04 5.936440e-04 1.074414e-03 1.074205e-03
-1.017946e+00 5.995216e-04 5.994048e-04 1.082889e-03 1.082679e-03
-1.015946e+00 6.053718e-04 6.052537e-04 1.091469e-03 1.091256e-03
-1.013946e+00 6.113116e-04 6.111922e-04 1.100152e-03 1.099938e-03
-1.011946e+00 6.173427e-04 6.172220e-04 1.108943e-03 1.108726e-03
-1.009946e+00 6.234667e-04 6.233445e-04 1.117841e-03 1.117622e-03
-1.007946e+00 6.296851e-04 6.295615e-04 1.126848e-03 1.126627e-03
-1.005946e+00 6.359996e-04 6.358746e-04 1.135966e-03 1.135743e-03
-1.003946e+00 6.424120e-04 6.422856e-04 1.145196e-03 1.144971e-03
-1.001946e+00 6.489240e-04 6.487961e-04 1.154540e-03 1.154313e-03
-9.999461e-01 6.555372e-04 6.554078e-04 1.164000e-03 1.163771e-03
-9.979461e-01 6.622536e-04 6.621226e-04 1.173577e-03 1.173346e-03
-9.959461e-01 6.690749e-04 6.689424e-04 1.183273e-03 1.183039e-03
-9.939461e-01 6.760029e-04 6.758688e-04 1.193089e-03 1.192853e-03
-9.919461e-01 6.830396e-04 6.829039e-04 1.203028e-03 1.202789e-03
-9.899461e-01 6.901869e-04 6.900496e-04 1.213090e-03 1.212849e-03
-9.879461e-01 6.974467e-04 6.973077e-04 1.223278e-03 1.223035e-03
-9.859461e-01 7.048210e-04 7.046803e-04 1.233594e-03 1.233348e-03
-9.839461e-01 7.123117e-04 7.121693e-04 1.244038e-03 1.243790e-03
-9.819461e-01 7.199210e-04 7.197768e-04 1.254614e-03 1.254363e-03
-9.799461e-01 7.276508e-04 7.275049e-04 1.265322e-03 1.265069e-03
-9.779461e-01 7.355033e-04 7.353556e-04 1.276165e-03 1.275909e-03
-9.759461e-01 7.434806e-04 7.433310e-04 1.287145e-03 1.286886e-03
-9.739461e-01 7.515849e-04 7.514335e-04 1.298263e-03 1.298002e-03
-9.719461e-01 7.598186e-04 7.596653e-04 1.309521e-03 1.309258e-03
-9.699461e-01 7.681838e-04 7.680286e-04 1.320922e-03 1.320656e-03
-9.679461e-01 7.766830e-04 7.765258e-04 1.332468e-03 1.332198e-03
-9.659461e-01 7.853184e-04 7.851592e-04 1.344159e-03 1.343887e-03
-9.639461e-01 7.940924e-04 7.939311e-04 1.355999e-03 1.355724e-03
-9.619461e-01 8.030074e-04 8.028440e-04 1.367990e-03 1.367712e-03
-9.599461e-01 8.120657e-04 8.119002e-04 1.380133e-03 1.379852e-03
-9.579461e-01 8.212698e-04 8.211022e-04 1.392430e-03 1.392146e-03
-9.559461e-01 8.306223e-04 8.304525e-04 1.404885e-03 1.404598e-03
-9.539461e-01 8.401256e-04 8.399536e-04 1.417498e-03 1.417208e-03
-9.519461e-01 8.497826e-04 8.496083e-04 1.430273e-03 1.429980e-03
-9.499461e-01 8.595959e-04 8.594193e-04 1.443211e-03 1.442915e-03
-9.479461e-01 8.695683e-04 8.693894e-04 1.456315e-03 1.456015e-03
-9.459461e-01 8.797028e-04 8.795215e-04 1.469586e-03 1.469283e-03
-9.439461e-01 8.900022e-04 8.898185e-04 1.483028e-03 1.482722e-03
-9.419461e-01 9.004693e-04 9.002831e-04 1.496642e-03 1.496333e-03
-9.399461e-01 9.111070e-04 9.109183e-04 1.510432e-03 1.510119e-03
-9.379461e-01 9.219181e-04 9.217269e-04 1.524398e-03 1.524082e-03
-9.359461e-01 9.329055e-04 9.327116e-04 1.538544e-03 1.538225e-03
-9.339461e-01 9.440719e-04 9.438754e-04 1.552873e-03 1.552549e-03
-9.319461e-01 9.554204e-04 9.552211e-04 1.567386e-03 1.567059e-03
-9.299461e-01 9.669540e-04 9.667521e-04 1.582086e-03 1.581756e-03
-9.279461e-01 9.786761e-04 9.784714e-04 1.596976e-03 1.596642e-03
-9.259461e-01 9.905901e-04 9.903825e-04 1.612058e-03 1.611720e-03
-9.239461e-01 1.002700e-03 1.002489e-03 1.627335e-03 1.626993e-03
-9.219461e-01 1.015008e-03 1.014795e-03 1.642809e-03 1.642464e-03
-9.199461e-01 1.027519e-03 1.027303e-03 1.658484e-03 1.658134e-03
-9.179461e-01 1.040237e-03 1.040018e-03 1.674361e-03 1.674007e-03
-9.159461e-01 1.053165e-03 1.052942e-03 1.690444e-03 1.690086e-03
-9.139461e-01 1.066306e-03 1.066080e-03 1.706735e-03 1.706373e-03
-9.119461e-01 1.079663e-03 1.079434e-03 1.723236e-03 1.722870e-03
-9.099461e-01 1.093241e-03 1.093008e-03 1.739952e-03 1.739582e-03
-9.079461e-01 1.107041e-03 1.106806e-03 1.756884e-03 1.756510e-03
-9.059461e-01 1.121068e-03 1.120829e-03 1.774036e-03 1.773657e-03
-9.039461e-01 1.135326e-03 1.135083e-03 1.791409e-03 1.791026e-03
-9.019461e-01 1.149817e-03 1.149571e-03 1.809009e-03 1.808621e-03
-8.999461e-01 1.164547e-03 1.164297e-03 1.826836e-03 1.826443e-03
-8.979461e-01 1.179520e-03 1.179267e-03 1.844894e-03 1.844497e-03
-8.959461e-01 1.194742e-03 1.194484e-03 1.863187e-03 1.862785e-03
-8.939461e-01 1.210216e-03 1.209955e-03 1.881716e-03 1.881310e-03
-8.919461e-01 1.225948e-03 1.225683e-03 1.900486e-03 1.900075e-03
-8.899461e-01 1.241943e-03 1.241674e-03 1.919499e-03 1.919083e-03
-8.879461e-01 1.258204e-03 1.257931e-03 1.938758e-03 1.938337e-03
-8.859461e-01 1.274736e-03 1.274459e-03 1.958267e-03 1.957841e-03
-8.839461e-01 1.291542e-03 1.291261e-03 1.978029e-03 1.977597e-03
-8.819461e-01 1.308626e-03 1.308340e-03 1.998046e-03 1.997610e-03
-8.799461e-01 1.325990e-03 1.325700e-03 2.018323e-03 2.017881e-03
-8.779461e-01 1.343639e-03 1.343345e-03 2.038861e-03 2.038414e-03
-8.759461e-01 1.361578e-03 1.361279e-03 2.059666e-03 2.059213e-03
-8.739461e-01 1.379810e-03 1.379507e-03 2.080739e-03 2.080281e-03
-8.719461e-01 1.398342e-03 1.398034e-03 2.102084e-03 2.101621e-03
-8.699461e-01 1.417180e-03 1.416867e-03 2.123705e-03 2.123236e-03
-8.679461e-01 1.436330e-03 1.436013e-03 2.145605e-03 2.145130e-03
-8.659461e-01 1.455800e-03 1.455478e-03 2.167787e-03 2.167306e-03
-8.639461e-01 1.475597e-03 1.475269e-03 2.190255e-03 2.189768e-03
-8.619461e-01 1.495726e-03 1.495393e-03 2.213012e-03 2.212519e-03
-8.599461e-01 1.516193e-03 1.515854e-03 2.236061e-03 2.235563e-03
-8.579461e-01 1.537002e-03 1.536659e-03 2.259407e-03 2.258902e-03
-8.559461e-01 1.558159e-03 1.557810e-03 2.283052e-03 2.282541e-03
-8.539461e-01 1.579665e-03 1.579311e-03 2.307001e-03 2.306483e-03
-8.519461e-01 1.601525e-03 1.601164e-03 2.331256e-03 2.330731e-03
-8.499461e-01 1.623740e-03 1.623374e-03 2.355821e-03 2.355290e-03
-8.479461e-01 1.646315e-03 1.645943e-03 2.380699e-03 2.380162e-03
-8.459461e-01 1.669254e-03 1.668876e-03 2.405896e-03 2.405351e-03
-8.439461e-01 1.692564e-03 1.692180e-03 2.431413e-03 2.430862e-03
-8.419461e-01 1.716253e-03 1.715862e-03 2.457254e-03 2.456696e-03
-8.399461e-01 1.740328e-03 1.739931e-03 2.483424e-03 2.482859e-03
-8.379461e-01 1.764800e-03 1.764397e-03 2.509926e-03 2.509354e-03
-8.359461e-01 1.789679e-03 1.789269e-03 2.536763e-03 2.536184e-03
-8.339461e-01 1.814975e-03 1.814558e-03 2.563940e-03 2.563353e-03
-8.319461e-01 1.840697e-03 1.840273e-03 2.591459e-03 2.590864e-03
-8.299461e-01 1.866852e-03 1.866421e-03 2.619324e-03 2.618722e-03
-8.279461e-01 1.893446e-03 1.893008e-03 2.647540e-03 2.646930e-03
-8.259461e-01 1.920482e-03 1.920038e-03 2.676110e-03 2.675492e-03
-8.239461e-01 1.947965e-03 1.947512e-03 2.705037e-03 2.704411e-03
-8.219461e-01 1.975893e-03 1.975434e-03 2.734326e-03 2.733692e-03
-8.199461e-01 2.004269e-03 2.003802e-03 2.763979e-03 2.763337e-03
-8.179461e-01 2.033095e-03 2.032619e-03 2.794001e-03 2.793350e-03
-8.159461e-01 2.062372e-03 2.061888e-03 2.824395e-03 2.823736e-03
-8.139461e-01 2.092107e-03 2.091615e-03 2.855165e-03 2.854498e-03
-8.119461e-01 2.122307e-03 2.121807e-03 2.886315e-03 2.885639e-03
-8.099461e-01 2.152983e-03 2.152475e-03 2.917848e-03 2.917163e-03
-8.079461e-01 2.184149e-03 2.183632e-03 2.949768e-03 2.949074e-03
-8.059461e-01 2.215819e-03 2.215293e-03 2.982078e-03 2.981375e-03
-8.039461e-01 2.248008e-03 2.247474e-03 3.014782e-03 3.014070e-03
-8.019461e-01 2.280732e-03 2.280188e-03 3.047885e-03 3.047163e-03
-7.999461e-01 2.314004e-03 2.313451e-03 3.081388e-03 3.080657e-03
-7.979461e-01 2.347834e-03 2.347271e-03 3.115296e-03 3.114556e-03
-7.959461e-01 2.382228e-03 2.381655e-03 3.149613e-03 3.148862e-03
-7.939461e-01 2.417189e-03 2.416607e-03 3.184341e-03 3.183581e-03
-7.919461e-01 2.452718e-03 2.452125e-03 3.219484e-03 3.218714e-03
-7.899461e-01 2.488810e-03 2.488207e-03 3.255046e-03 3.254266e-03
-7.879461e-01 2.525462e-03 2.524849e-03 3.291030e-03 3.290240e-03
-7.859461e-01 2.562670e-03 2.562046e-03 3.327440e-03 3.326638e-03
-7.839461e-01 2.600432e-03 2.599797e-03 3.364278e-03 3.363466e-03
-7.819461e-01 2.638749e-03 2.638103e-03 3.401547e-03 3.400725e-03
-7.799461e-01 2.677630e-03 2.676972e-03 3.439252e-03 3.438419e-03
-7.779461e-01 2.717084e-03 2.716416e-03 3.477395e-03 3.476551e-03
-7.759461e-01 2.757130e-03 2.756450e-03 3.515980e-03 3.515124e-03
-7.739461e-01 2.797788e-03 2.797095e-03 3.555008e-03 3.554141e-03
-7.719461e-01 2.839082e-03 2.838377e-03 3.594484e-03 3.593605e-03
-7.699461e-01 2.881035e-03 2.880318e-03 3.634410e-03 3.633519e-03
-7.679461e-01 2.923671e-03 2.922941e-03 3.674788e-03 3.673886e-03
-7.659461e-01 2.967008e-03 2.966265e-03 3.715622e-03 3.714708e-03
-7.639461e-01 3.011058e-03 3.010302e-03 3.756915e-03 3.755989e-03
-7.619461e-01 3.055828e-03 3.055059e-03 3.798668e-03 3.797730e-03
-7.599461e-01 3.101317e-03 3.100534e-03 3.840885e-03 3.839934e-03
-7.579461e-01 3.147516e-03 3.146719e-03 3.883567e-03 3.882603e-03
-7.559461e-01 3.194413e-03 3.193602e-03 3.926717e-03 3.925740e-03
-7.539461e-01 3.241993e-03 3.241167e-03 3.970337e-03 3.969348e-03
-7.519461e-01 3.290238e-03 3.289398e-03 4.014429e-03 4.013427e-03
-7.499461e-01 3.339138e-03 3.338283e-03 4.058996e-03 4.057980e-03
-7.479461e-01 3.388686e-03 3.387816e-03 4.104038e-03 4.103009e-03
-7.459461e-01 3.438883e-03 3.437997e-03 4.149558e-03 4.148515e-03
-7.439461e-01 3.489741e-03 3.488840e-03 4.195558e-03 4.194501e-03
-7.419461e-01 3.541281e-03 3.540363e-03 4.242038e-03 4.240967e-03
-7.399461e-01 3.593531e-03 3.592597e-03 4.289000e-03 4.287915e-03
-7.379461e-01 3.646527e-03 3.645577e-03 4.336446e-03 4.335346e-03
-7.359461e-01 3.700308e-03 3.699341e-03 4.384376e-03 4.383262e-03
-7.339461e-01 3.754911e-03 3.753926e-03 4.432791e-03 4.431662e-03
-7.319461e-01 3.810368e-03 3.809366e-03 4.481692e-03 4.480548e-03
-7.299461e-01 3.866703e-03 3.865683e-03 4.531079e-03 4.529921e-03
-7.279461e-01 3.923929e-03 3.922890e-03 4.580954e-03 4.579780e-03
-7.259461e-01 3.982043e-03 3.980986e-03 4.631316e-03 4.630127e-03
-7.239461e-01 4.041033e-03 4.039957e-03 4.682165e-03 4.680960e-03
-7.219461e-01 4.100873e-03 4.099777e-03 4.733501e-03 4.732280e-03
-7.199461e-01 4.161527e-03 4.160412e-03 4.785323e-03 4.784087e-03
-7.179461e-01 4.222957e-03 4.221822e-03 4.837632e-03 4.836380e-03
-7.159461e-01 4.285124e-03 4.283969e-03 4.890427e-03 4.889158e-03
-7.139461e-01 4.347996e-03 4.346821e-03 4.943706e-03 4.942421e-03
-7.119461e-01 4.411550e-03 4.410354e-03 4.997469e-03 4.996167e-03
-7.099461e-01 4.475779e-03 4.474562e-03 5.051713e-03 5.050395e-03
-7.079461e-01 4.540692e-03 4.539453e-03 5.106439e-03 5.105103e-03
-7.059461e-01 4.606315e-03 4.605054e-03 5.161643e-03 5.160290e-03
-7.039461e-01 4.672691e-03 4.671408e-03 5.217324e-03 5.215954e-03
-7.019461e-01 4.739873e-03 4.738568e-03 5.273480e-03 5.272092e-03
-6.999461e-01 4.807922e-03 4.806595e-03 5.330108e-03 5.328703e-03
-6.979461e-01 4.876899e-03 4.875549e-03 5.387205e-03 5.385782e-03
-6.959461e-01 4.946858e-03 4.945483e-03 5.444768e-03 5.443327e-03
-6.939461e-01 5.017837e-03 5.016439e-03 5.502795e-03 5.501336e-03
-6.919461e-01 5.089860e-03 5.088437e-03 5.561281e-03 5.559804e-03
-6.899461e-01 5.162925e-03 5.161477e-03 5.620223e-03 5.618727e-03
-6.879461e-01 5.237007e-03 5.235534e-03 5.679616e-03 5.678102e-03
-6.859461e-01 5.312058e-03 5.310560e-03 5.739457e-03 5.737924e-03
-6.839461e-01 5.388014e-03 5.386490e-03 5.799741e-03 5.798188e-03
-6.819461e-01 5.464795e-03 5.463245e-03 5.860462e-03 5.858891e-03
-6.799461e-01 5.542319e-03 5.540742e-03 5.921615e-03 5.920025e-03
-6.779461e-01 5.620505e-03 5.618901e-03 5.983196e-03 5.981586e-03
-6.759461e-01 5.699289e-03 5.697658e-03 6.045198e-03 6.043568e-03
-6.739461e-01 5.778624e-03 5.776966e-03 6.107615e-03 6.105966e-03
-6.719461e-01 5.858492e-03 5.856806e-03 6.170440e-03 6.168771e-03
-6.699461e-01 5.938903e-03 5.937189e-03 6.233668e-03 6.231979e-03
-6.679461e-01 6.019898e-03 6.018156e-03 6.297290e-03 6.295582e-03
-6.659461e-01 6.101544e-03 6.099773e-03 6.361301e-03 6.359572e-03
-6.639461e-01 6.183927e-03 6.182128e-03 6.425691e-03 6.423942e-03
-6.619461e-01 6.267145e-03 6.265316e-03 6.490453e-03 6.488684e-03
-6.599461e-01 6.351294e-03 6.349435e-03 6.555579e-03 6.553789e-03
-6.579461e-01 6.436459e-03 6.434570e-03 6.621061e-03 6.619250e-03
-6.559461e-01 6.522702e-03 6.520783e-03 6.686888e-03 6.685057e-03
-6.539461e-01 6.610054e-03 6.608103e-03 6.753053e-03 6.751200e-03
-6.519461e-01 6.698506e-03 6.696524e-03 6.819544e-03 6.817671e-03
-6.499461e-01 6.788013e-03 6.785999e-03 6.886353e-03 6.884459e-03
-6.479461e-01 6.878486e-03 6.876441e-03 6.953469e-03 6.951553e-03
-6.459461e-01 6.969807e-03 6.967729e-03 7.020881e-03 7.018944e-03
-6.439461e-01 7.061832e-03 7.059722e-03 7.088578e-03 7.086621e-03
-6.419461e-01 7.154405e-03 7.152261e-03 7.156550e-03 7.154571e-03
-6.399461e-01 7.247372e-03 7.245196e-03 7.224784e-03 7.222784e-03
-6.379461e-01 7.340598e-03 7.338389e-03 7.293269e-03 7.291247e-03
-6.359461e-01 7.433976e-03 7.431734e-03 7.361992e-03 7.359949e-03
-6.339461e-01 7.527441e-03 7.525166e-03 7.430941e-03 7.428876e-03
-6.319461e-01 7.620977e-03 7.618668e-03 7.500103e-03 7.498017e-03
-6.299461e-01 7.714616e-03 7.712274e-03 7.569465e-03 7.567358e-03
-6.279461e-01 7.808441e-03 7.806066e-03 7.639014e-03 7.636885e-03
-6.259461e-01 7.902573e-03 7.900164e-03 7.708736e-03 7.706586e-03
-6.239461e-01 7.997159e-03 7.994715e-03 7.778617e-03 7.776445e-03
-6.219461e-01 8.092356e-03 8.089879e-03 7.848643e-03 7.846449e-03
-6.199461e-01 8.188317e-03 8.185806e-03 7.918798e-03 7.916584e-03
-6.179461e-01 8.285168e-03 8.282621e-03 7.989070e-03 7.986834e-03
-6.159461e-01 8.382992e-03 8.380410e-03 8.059441e-03 8.057184e-03
-6.139461e-01 8.481820e-03 8.479204e-03 8.129897e-03 8.127618e-03
-6.119461e-01 8.581621e-03 8.578969e-03 8.200422e-03 8.198122e-03
-6.099461e-01 8.682296e-03 8.679609e-03 8.271000e-03 8.268679e-03
-6.079461e-01 8.783689e-03 8.780965e-03 8.341615e-03 8.339272e-03
-6.059461e-01 8.885588e-03 8.882829e-03 8.412250e-03 8.409886e-03
-6.039461e-01 8.987748e-03 8.984953e-03 8.482888e-03 8.480504e-03
-6.019461e-01 9.089905e-03 9.087075e-03 8.553513e-03 8.551108e-03
-5.999461e-01 9.191803e-03 9.188937e-03 8.624108e-03 8.621682e-03
-5.979461e-01 9.293209e-03 9.290310e-03 8.694655e-03 8.692209e-03
-5.959461e-01 9.393944e-03 9.391010e-03 8.765137e-03 8.762671e-03
-5.939461e-01 9.493890e-03 9.490921e-03 8.835537e-03 8.833050e-03
-5.919461e-01 9.593006e-03 9.590004e-03 8.905837e-03 8.903330e-03
-5.899461e-01 9.691333e-03 9.688298e-03 8.976019e-03 8.973492e-03
-5.879461e-01 9.788989e-03 9.785921e-03 9.046066e-03 9.043519e-03
-5.859461e-01 9.886155e-03 9.883054e-03 9.115960e-03 9.113393e-03
-5.839461e-01 9.983062e-03 9.979928e-03 9.185682e-03 9.183096e-03
-5.819461e-01 1.007996e-02 1.007680e-02 9.255215e-03 9.252610e-03
-5.799461e-01 1.017711e-02 1.017391e-02 9.324540e-03 9.321916e-03
-5.779461e-01 1.027472e-02 1.027149e-02 9.393640e-03 9.390997e-03
-5.759461e-01 1.037296e-02 1.036969e-02 9.462495e-03 9.459834e-03
-5.739461e-01 1.047192e-02 1.046863e-02 9.531088e-03 9.528408e-03
-5.719461e-01 1.057161e-02 1.056828e-02 9.599400e-03 9.596702e-03
-5.699461e-01 1.067192e-02 1.066856e-02 9.667412e-03 9.664696e-03
-5.679461e-01 1.077266e-02 1.076927e-02 9.735106e-03 9.732373e-03
-5.659461e-01 1.087356e-02 1.087013e-02 9.802464e-03 9.799713e-03
-5.639461e-01 1.097426e-02 1.097080e-02 9.869466e-03 9.866699e-03
-5.619461e-01 1.107439e-02 1.107090e-02 9.936095e-03 9.933312e-03
-5.599461e-01 1.117354e-02 1.117002e-02 1.000233e-02 9.999533e-03
-5.579461e-01 1.127134e-02 1.126779e-02 1.006816e-02 1.006534e-02
-5.559461e-01 1.136747e-02 1.136389e-02 1.013356e-02 1.013073e-02
-5.539461e-01 1.146168e-02 1.145808e-02 1.019852e-02 1.019567e-02
-5.519461e-01 1.155385e-02 1.155022e-02 1.026301e-02 1.026015e-02
-5.499461e-01 1.164394e-02 1.164030e-02 1.032702e-02 1.032414e-02
-5.479461e-01 1.173207e-02 1.172840e-02 1.039053e-02 1.038764e-02
-5.459461e-01 1.181843e-02 1.181473e-02 1.045353e-02 1.045063e-02
-5.439461e-01 1.190333e-02 1.189961e-02 1.051601e-02 1.051309e-02
-5.419461e-01 1.198713e-02 1.198339e-02 1.057793e-02 1.057500e-02
-5.399461e-01 1.207024e-02 1.206648e-02 1.063929e-02 1.063635e-02
-5.379461e-01 1.215305e-02 1.214926e-02 1.070007e-02 1.069712e-02
-5.359461e-01 1.223590e-02 1.223209e-02 1.076026e-02 1.075729e-02
-5.339461e-01 1.231906e-02 1.231524e-02 1.081984e-02 1.081686e-02
-5.319461e-01 1.240271e-02 1.239886e-02 1.087879e-02 1.087580e-02
-5.299461e-01 1.248688e-02 1.248301e-02 1.093711e-02 1.093410e-02
-5.279461e-01 1.257147e-02 1.256759e-02 1.099476e-02 1.099175e-02
-5.259461e-01 1.265626e-02 1.265236e-02 1.105175e-02 1.104873e-02
-5.239461e-01 1.274090e-02 1.273698e-02 1.110806e-02 1.110503e-02
-5.219461e-01 1.282494e-02 1.282100e-02 1.116367e-02 1.116063e-02
-5.199461e-01 1.290786e-02 1.290390e-02 1.121857e-02 1.121552e-02
-5.179461e-01 1.298913e-02 1.298515e-02 1.127274e-02 1.126969e-02
-5.159461e-01 1.306822e-02 1.306423e-02 1.132618e-02 1.132312e-02
-5.139461e-01 1.314468e-02 1.314068e-02 1.137887e-02 1.137580e-02
-5.119461e-01 1.321814e-02 1.321414e-02 1.143080e-02 1.142773e-02
-5.099461e-01 1.328838e-02 1.328437e-02 1.148196e-02 1.147888e-02
-5.079461e-01 1.335532e-02 1.335130e-02 1.153234e-02 1.152925e-02
-5.059461e-01 1.341904e-02 1.341502e-02 1.158193e-02 1.157883e-02
-5.039461e-01 1.347980e-02 1.347577e-02 1.163071e-02 1.162761e-02
-5.019461e-01 1.353796e-02 1.353392e-02 1.167869e-02 1.167559e-02
-4.999461e-01 1.359401e-02 1.358998e-02 1.172584e-02 1.172274e-02
-4.979461e-01 1.364852e-02 1.364448e-02 1.177217e-02 1.176907e-02
-4.959461e-01 1.370206e-02 1.369802e-02 1.181767e-02 1.181456e-02
-4.939461e-01 1.375519e-02 1.375114e-02 1.186233e-02 1.185922e-02
-4.919461e-01 1.380838e-02 1.380434e-02 1.190614e-02 1.190303e-02
-4.899461e-01 1.386202e-02 1.385797e-02 1.194910e-02 1.194598e-02
-4.879461e-01 1.391631e-02 1.391226e-02 1.199119e-02 1.198808e-02
-4.859461e-01 1.397134e-02 1.396728e-02 1.203242e-02 1.202931e-02
-4.839461e-01 1.402697e-02 1.402291e-02 1.207278e-02 1.206967e-02
-4.819461e-01 1.408292e-02 1.407887e-02 1.211227e-02 1.210915e-02
-4.799461e-01 1.413876e-02 1.413471e-02 1.215087e-02 1.214775e-02
-4.779461e-01 1.419393e-02 1.418988e-02 1.218859e-02 1.218547e-02
-4.759461e-01 1.424779e-02 1.424374e-02 1.222542e-02 1.222231e-02
-4.739461e-01 1.429967e-02 1.429562e-02 1.226135e-02 1.225824e-02
-4.719461e-01 1.434891e-02 1.434487e-02 1.229639e-02 1.229329e-02
-4.699461e-01 1.439494e-02 1.439092e-02 1.233054e-02 1.232744e-02
-4.679461e-01 1.443730e-02 1.443329e-02 1.236378e-02 1.236069e-02
-4.659461e-01 1.447569e-02 1.447169e-02 1.239613e-02 1.239304e-02
-4.639461e-01 1.451000e-02 1.450600e-02 1.242758e-02 1.242449e-02
-4.619461e-01 1.454029e-02 1.453632e-02 1.245812e-02 1.245504e-02
-4.599461e-01 1.456687e-02 1.456291e-02 1.248777e-02 1.248469e-02
-4.579461e-01 1.459018e-02 1.458623e-02 1.251652e-02 1.251345e-02
-4.559461e-01 1.461082e-02 1.460689e-02 1.254437e-02 1.254131e-02
-4.539461e-01 1.462949e-02 1.462558e-02 1.257134e-02 1.256828e-02
-4.519461e-01 1.464695e-02 1.464305e-02 1.259741e-02 1.259436e-02
-4.499461e-01 1.466392e-02 1.466004e-02 1.262259e-02 1.261955e-02
-4.479461e-01 1.468110e-02 1.467724e-02 1.264690e-02 1.264386e-02
-4.459461e-01 1.469905e-02 1.469520e-02 1.267032e-02 1.266729e-02
-4.439461e-01 1.471817e-02 1.471434e-02 1.269286e-02 1.268985e-02
-4.419461e-01 1.473871e-02 1.473489e-02 1.271454e-02 1.271153e-02
-4.399461e-01 1.476068e-02 1.475687e-02 1.273535e-02 1.273235e-02
-4.379461e-01 1.478390e-02 1.478011e-02 1.275529e-02 1.275230e-02
-4.359461e-01 1.480801e-02 1.480424e-02 1.277438e-02 1.277140e-02
-4.339461e-01 1.483246e-02 1.482870e-02 1.279261e-02 1.278964e-02
-4.319461e-01 1.485656e-02 1.485282e-02 1.280999e-02 1.280703e-02
-4.299461e-01 1.487957e-02 1.487585e-02 1.282652e-02 1.282358e-02
-4.279461e-01 1.490068e-02 1.489698e-02 1.284222e-02 1.283929e-02
-4.259461e-01 1.491915e-02 1.491547e-02 1.285708e-02 1.285416e-02
-4.239461e-01 1.493429e-02 1.493063e-02 1.287112e-02 1.286821e-02
-4.219461e-01 1.494557e-02 1.494193e-02 1.288433e-02 1.288144e-02
-4.199461e-01 1.495263e-02 1.494903e-02 1.289673e-02 1.289385e-02
-4.179461e-01 1.495534e-02 1.495176e-02 1.290832e-02 1.290545e-02
-4.159461e-01 1.495377e-02 1.495023e-02 1.291912e-02 1.291626e-02
-4.139461e-01 1.494824e-02 1.494473e-02 1.292912e-02 1.292628e-02
-4.119461e-01 1.493926e-02 1.493577e-02 1.293835e-02 1.293552e-02
-4.099461e-01 1.492750e-02 1.492404e-02 1.294680e-02 1.294399e-02
-4.079461e-01 1.491376e-02 1.491033e-02 1.295450e-02 1.295170e-02
-4.059461e-01 1.489892e-02 1.489551e-02 1.296144e-02 1.295866e-02
-4.039461e-01 1.488385e-02 1.488047e-02 1.296764e-02 1.296488e-02
-4.019461e-01 1.486937e-02 1.486602e-02 1.297312e-02 1.297037e-02
-3.999461e-01 1.485621e-02 1.485289e-02 1.297787e-02 1.297513e-02
-3.979461e-01 1.484494e-02 1.484164e-02 1.298191e-02 1.297919e-02
-3.959461e-01 1.483593e-02 1.483265e-02 1.298525e-02 1.298255e-02
-3.939461e-01 1.482935e-02 1.482609e-02 1.298790e-02 1.298521e-02
-3.919461e-01 1.482512e-02 1.482189e-02 1.298986e-02 1.298719e-02
-3.899461e-01 1.482298e-02 1.481977e-02 1.299116e-02 1.298850e-02
-3.879461e-01 1.482243e-02 1.481923e-02 1.299179e-02 1.298915e-02
-3.859461e-01 1.482280e-02 1.481963e-02 1.299176e-02 1.298914e-02
-3.839461e-01 1.482332e-02 1.482017e-02 1.299109e-02 1.298849e-02
-3.819461e-01 1.482311e-02 1.481999e-02 1.298978e-02 1.298719e-02
-3.799461e-01 1.482128e-02 1.481819e-02 1.298784e-02 1.298527e-02
-3.779461e-01 1.481700e-02 1.481393e-02 1.298528e-02 1.298273e-02
-3.759461e-01 1.480951e-02 1.480648e-02 1.298211e-02 1.297958e-02
-3.739461e-01 1.479824e-02 1.479523e-02 1.297834e-02 1.297582e-02
-3.719461e-01 1.478278e-02 1.477981e-02 1.297397e-02 1.297148e-02
-3.699461e-01 1.476298e-02 1.476004e-02 1.296903e-02 1.296655e-02
-3.679461e-01 1.473890e-02 1.473600e-02 1.296351e-02 1.296105e-02
-3.659461e-01 1.471088e-02 1.470801e-02 1.295744e-02 1.295500e-02
-3.639461e-01 1.467944e-02 1.467660e-02 1.295082e-02 1.294839e-02
-3.619461e-01 1.464530e-02 1.464250e-02 1.294366e-02 1.294125e-02
-3.599461e-01 1.460932e-02 1.460655e-02 1.293598e-02 1.293359e-02
-3.579461e-01 1.457243e-02 1.456969e-02 1.292778e-02 1.292542e-02
-3.559461e-01 1.453559e-02 1.453288e-02 1.291909e-02 1.291674e-02
-3.539461e-01 1.449973e-02 1.449704e-02 1.290991e-02 1.290758e-02
-3.519461e-01 1.446566e-02 1.446300e-02 1.290025e-02 1.289793e-02
-3.499461e-01 1.443407e-02 1.443143e-02 1.289012e-02 1.288783e-02
-3.479461e-01 1.440546e-02 1.440285e-02 1.287954e-02 1.287726e-02
-3.459461e-01 1.438011e-02 1.437752e-02 1.286851e-02 1.286625e-02
-3.439461e-01 1.435807e-02 1.435550e-02 1.285705e-02 1.285481e-02
-3.419461e-01 1.433917e-02 1.433662e-02 1.284516e-02 1.284294e-02
-3.399461e-01 1.432300e-02 1.432047e-02 1.283285e-02 1.283065e-02
-3.379461e-01 1.430897e-02 1.430646e-02 1.282013e-02 1.281795e-02
-3.359461e-01 1.429631e-02 1.429383e-02 1.280701e-02 1.280485e-02
-3.339461e-01 1.428414e-02 1.428168e-02 1.279350e-02 1.279136e-02
-3.319461e-01 1.427152e-02 1.426908e-02 1.277960e-02 1.277748e-02
-3.299461e-01 1.425749e-02 1.425508e-02 1.276532e-02 1.276322e-02
-3.279461e-01 1.424115e-02 1.423877e-02 1.275067e-02 1.274859e-02
-3.259461e-01 1.422172e-02 1.421937e-02 1.273566e-02 1.273359e-02
-3.239461e-01 1.419858e-02 1.419626e-02 1.272029e-02 1.271824e-02
-3.219461e-01 1.417132e-02 1.416903e-02 1.270457e-02 1.270254e-02
-3.199461e-01 1.413975e-02 1.413749e-02 1.268851e-02 1.268650e-02
-3.179461e-01 1.410394e-02 1.410171e-02 1.267212e-02 1.267014e-02
-3.159461e-01 1.406421e-02 1.406201e-02 1.265542e-02 1.265345e-02
-3.139461e-01 1.402108e-02 1.401892e-02 1.263840e-02 1.263645e-02
-3.119461e-01 1.397530e-02 1.397317e-02 1.262108e-02 1.261915e-02
-3.099461e-01 1.392774e-02 1.392564e-02 1.260348e-02 1.260156e-02
-3.079461e-01 1.387935e-02 1.387728e-02 1.258559e-02 1.258370e-02
-3.059461e-01 1.383115e-02 1.382910e-02 1.256744e-02 1.256556e-02
-3.039461e-01 1.378409e-02 1.378207e-02 1.254902e-02 1.254717e-02
-3.019461e-01 1.373909e-02 1.373708e-02 1.253036e-02 1.252852e-02
-2.999461e-01 1.369689e-02 1.369491e-02 1.251146e-02 1.250964e-02
-2.979461e-01 1.365810e-02 1.365614e-02 1.249232e-02 1.249053e-02
-2.959461e-01 1.362310e-02 1.362116e-02 1.247297e-02 1.247119e-02
-2.939461e-01 1.359206e-02 1.359013e-02 1.245340e-02 1.245164e-02
-2.919461e-01 1.356491e-02 1.356300e-02 1.243362e-02 1.243188e-02
-2.899461e-01 1.354136e-02 1.353947e-02 1.241364e-02 1.241191e-02
-2.879461e-01 1.352091e-02 1.351903e-02 1.239346e-02 1.239175e-02
-2.859461e-01 1.350285e-02 1.350100e-02 1.237309e-02 1.237140e-02
-2.839461e-01 1.348636e-02 1.348452e-02 1.235253e-02 1.235086e-02
-2.819461e-01 1.347048e-02 1.346866e-02 1.233178e-02 1.233014e-02
-2.799461e-01 1.345422e-02 1.345243e-02 1.231086e-02 1.230924e-02
-2.779461e-01 1.343660e-02 1.343483e-02 1.228977e-02 1.228816e-02
-2.759461e-01 1.341668e-02 1.341494e-02 1.226850e-02 1.226691e-02
-2.739461e-01 1.339368e-02 1.339196e-02 1.224706e-02 1.224549e-02
-2.719461e-01 1.336694e-02 1.336526e-02 1.222546e-02 1.222391e-02
-2.699461e-01 1.333606e-02 1.333441e-02 1.220371e-02 1.220218e-02
-2.679461e-01 1.330084e-02 1.329922e-02 1.218180e-02 1.218029e-02
-2.659461e-01 1.326135e-02 1.325975e-02 1.215975e-02 1.215826e-02
-2.639461e-01 1.321787e-02 1.321630e-02 1.213756e-02 1.213608e-02
-2.619461e-01 1.317095e-02 1.316941e-02 1.211524e-02 1.211378e-02
-2.599461e-01 1.312131e-02 1.311980e-02 1.209280e-02 1.209136e-02
-2.579461e-01 1.306982e-02 1.306833e-02 1.207024e-02 1.206881e-02
-2.559461e-01 1.301744e-02 1.301598e-02 1.204757e-02 1.204616e-02
-2.539461e-01 1.296521e-02 1.296377e-02 1.202480e-02 1.202341e-02
-2.519461e-01 1.291411e-02 1.291269e-02 1.200194e-02 1.200057e-02
-2.499461e-01 1.286508e-02 1.286369e-02 1.197900e-02 1.197765e-02
-2.479461e-01 1.281896e-02 1.281758e-02 1.195597e-02 1.195464e-02
-2.459461e-01 1.277640e-02 1.277503e-02 1.193288e-02 1.193157e-02
-2.439461e-01 1.273788e-02 1.273653e-02 1.190972e-02 1.190843e-02
-2.419461e-01 1.270367e-02 1.270234e-02 1.188650e-02 1.188522e-02
-2.399461e-01 1.267382e-02 1.267250e-02 1.186323e-02 1.186197e-02
-2.379461e-01 1.264814e-02 1.264684e-02 1.183990e-02 1.183866e-02
-2.359461e-01 1.262625e-02 1.262496e-02 1.181652e-02 1.181530e-02
-2.339461e-01 1.260755e-02 1.260628e-02 1.179309e-02 1.179189e-02
-2.319461e-01 1.259127e-02 1.259002e-02 1.176962e-02 1.176843e-02
-2.299461e-01 1.257652e-02 1.257529e-02 1.174610e-02 1.174493e-02
-2.279461e-01 1.256232e-02 1.256110e-02 1.172254e-02 1.172138e-02
-2.259461e-01 1.254764e-02 1.254645e-02 1.169893e-02 1.169779e-02
-2.239461e-01 1.253150e-02 1.253033e-02 1.167527e-02 1.167415e-02
-2.219461e-01 1.251296e-02 1.251182e-02 1.165157e-02 1.165048e-02
-2.199461e-01 1.249122e-02 1.249010e-02 1.162783e-02 1.162675e-02
-2.179461e-01 1.246564e-02 1.246456e-02 1.160405e-02 1.160299e-02
-2.159461e-01 1.243581e-02 1.243476e-02 1.158024e-02 1.157919e-02
-2.139461e-01 1.240154e-02 1.240052e-02 1.155638e-02 1.155535e-02
-2.119461e-01 1.236289e-02 1.236189e-02 1.153250e-02 1.153148e-02
-2.099461e-01 1.232014e-02 1.231917e-02 1.150858e-02 1.150759e-02
-2.079461e-01 1.227382e-02 1.227288e-02 1.148465e-02 1.148367e-02
-2.059461e-01 1.222464e-02 1.222373e-02 1.146069e-02 1.145973e-02
-2.039461e-01 1.217346e-02 1.217258e-02 1.143673e-02 1.143579e-02
-2.019461e-01 1.212125e-02 1.212039e-02 1.141276e-02 1.141183e-02
-1.999461e-01 1.206903e-02 1.206819e-02 1.138879e-02 1.138788e-02
-1.979461e-01 1.201780e-02 1.201699e-02 1.136483e-02 1.136394e-02
-1.959461e-01 1.196854e-02 1.196775e-02 1.134089e-02 1.134001e-02
-1.939461e-01 1.192210e-02 1.192133e-02 1.131696e-02 1.131610e-02
-1.919461e-01 1.187921e-02 1.187845e-02 1.129305e-02 1.129221e-02
-1.899461e-01 1.184042e-02 1.183968e-02 1.126918e-02 1.126835e-02
-1.879461e-01 1.180608e-02 1.180536e-02 1.124533e-02 1.124452e-02
-1.859461e-01 1.177635e-02 1.177564e-02 1.122152e-02 1.122072e-02
-1.839461e-01 1.175114e-02 1.175045e-02 1.119774e-02 1.119696e-02
-1.819461e-01 1.173018e-02 1.172951e-02 1.117400e-02 1.117324e-02
-1.799461e-01 1.171299e-02 1.171233e-02 1.115030e-02 1.114955e-02
-1.779461e-01 1.169889e-02 1.169824e-02 1.112663e-02 1.112590e-02
-1.759461e-01 1.168706e-02 1.168644e-02 1.110299e-02 1.110228e-02
-1.739461e-01 1.167659e-02 1.167598e-02 1.107939e-02 1.107869e-02
-1.719461e-01 1.166646e-02 1.166587e-02 1.105582e-02 1.105513e-02
-1.699461e-01 1.165564e-02 1.165508e-02 1.103227e-02 1.103160e-02
-1.679461e-01 1.164315e-02 1.164261e-02 1.100875e-02 1.100810e-02
-1.659461e-01 1.162806e-02 1.162755e-02 1.098526e-02 1.098462e-02
-1.639461e-01 1.160958e-02 1.160910e-02 1.096179e-02 1.096116e-02
-1.619461e-01 1.158711e-02 1.158665e-02 1.093834e-02 1.093773e-02
-1.599461e-01 1.156023e-02 1.155980e-02 1.091492e-02 1.091432e-02
-1.579461e-01 1.152875e-02 1.152835e-02 1.089152e-02 1.089093e-02
-1.559461e-01 1.149275e-02 1.149238e-02 1.086815e-02 1.086757e-02
-1.539461e-01 1.145252e-02 1.145217e-02 1.084481e-02 1.084425e-02
-1.519461e-01 1.140856e-02 1.140824e-02 1.082150e-02 1.082095e-02
-1.499461e-01 1.136159e-02 1.136129e-02 1.079823e-02 1.079770e-02
-1.479461e-01 1.131246e-02 1.131217e-02 1.077500e-02 1.077448e-02
-1.459461e-01 1.126212e-02 1.126185e-02 1.075182e-02 1.075132e-02
-1.439461e-01 1.121158e-02 1.121133e-02 1.072870e-02 1.072820e-02
-1.419461e-01 1.116188e-02 1.116164e-02 1.070563e-02 1.070515e-02
-1.399461e-01 1.111397e-02 1.111374e-02 1.068264e-02 1.068216e-02
-1.379461e-01 1.106876e-02 1.106854e-02 1.065971e-02 1.065925e-02
-1.359461e-01 1.102700e-02 1.102679e-02 1.063685e-02 1.063640e-02
-1.339461e-01 1.098931e-02 1.098910e-02 1.061407e-02 1.061364e-02
-1.319461e-01 1.095611e-02 1.095591e-02 1.059138e-02 1.059095e-02
-1.299461e-01 1.092765e-02 1.092744e-02 1.056877e-02 1.056835e-02
-1.279461e-01 1.090394e-02 1.090373e-02 1.054624e-02 1.054583e-02
-1.259461e-01 1.088481e-02 1.088460e-02 1.052379e-02 1.052340e-02
-1.239461e-01 1.086988e-02 1.086968e-02 1.050142e-02 1.050104e-02
-1.219461e-01 1.085859e-02 1.085839e-02 1.047914e-02 1.047877e-02
-1.199461e-01 1.085023e-02 1.085002e-02 1.045693e-02 1.045657e-02
-1.179461e-01 1.084392e-02 1.084371e-02 1.043480e-02 1.043444e-02
-1.159461e-01 1.083871e-02 1.083850e-02 1.041273e-02 1.041239e-02
-1.139461e-01 1.083360e-02 1.083339e-02 1.039074e-02 1.039040e-02
-1.119461e-01 1.082755e-02 1.082735e-02 1.036880e-02 1.036848e-02
-1.099461e-01 1.081959e-02 1.081939e-02 1.034692e-02 1.034661e-02
-1.079461e-01 1.080882e-02 1.080862e-02 1.032510e-02 1.032480e-02
-1.059461e-01 1.079446e-02 1.079426e-02 1.030333e-02 1.030304e-02
-1.039461e-01 1.077593e-02 1.077574e-02 1.028161e-02 1.028133e-02
-1.019461e-01 1.075284e-02 1.075265e-02 1.025995e-02 1.025967e-02
-9.994612e-02 1.072503e-02 1.072483e-02 1.023833e-02 1.023806e-02
-9.794612e-02 1.069255e-02 1.069236e-02 1.021676e-02 1.021650e-02
-9.594612e-02 1.065571e-02 1.065552e-02 1.019525e-02 1.019500e-02
-9.394612e-02 1.061503e-02 1.061484e-02 1.017379e-02 1.017355e-02
-9.194612e-02 1.057119e-02 1.057099e-02 1.015240e-02 1.015217e-02
-8.994612e-02 1.052503e-02 1.052483e-02 1.013107e-02 1.013084e-02
-8.794612e-02 1.047751e-02 1.047730e-02 1.010981e-02 1.010959e-02
-8.594612e-02 1.042962e-02 1.042941e-02 1.008862e-02 1.008842e-02
-8.394612e-02 1.038238e-02 1.038216e-02 1.006752e-02 1.006732e-02
-8.194612e-02 1.033677e-02 1.033654e-02 1.004650e-02 1.004631e-02
-7.994612e-02 1.029369e-02 1.029346e-02 1.002557e-02 1.002539e-02
-7.794612e-02 1.025394e-02 1.025369e-02 1.000474e-02 1.000457e-02
-7.594612e-02 1.021815e-02 1.021790e-02 9.984006e-03 9.983849e-03
-7.394612e-02 1.018683e-02 1.018656e-02 9.963374e-03 9.963228e-03
-7.194612e-02 1.016026e-02 1.015999e-02 9.942846e-03 9.942710e-03
-6.994612e-02 1.013855e-02 1.013827e-02 9.922421e-03 9.922295e-03
-6.794612e-02 1.012163e-02 1.012134e-02 9.902100e-03 9.901984e-03
-6.594612e-02 1.010920e-02 1.010891e-02 9.881879e-03 9.881775e-03
-6.394612e-02 1.010080e-02 1.010051e-02 9.861757e-03 9.861664e-03
-6.194612e-02 1.009581e-02 1.009552e-02 9.841730e-03 9.841648e-03
-5.994612e-02 1.009345e-02 1.009317e-02 9.821793e-03 9.821722e-03
-5.794612e-02 1.009283e-02 1.009255e-02 9.801942e-03 9.801883e-03
-5.594612e-02 1.009296e-02 1.009270e-02 9.782170e-03 9.782123e-03
-5.394612e-02 1.009285e-02 1.009260e-02 9.762473e-03 9.762439e-03
-5.194612e-02 1.009147e-02 1.009123e-02 9.742846e-03 9.742824e-03
-4.994612e-02 1.008786e-02 1.008765e-02 9.723282e-03 9.723273e-03
-4.794612e-02 1.008116e-02 1.008097e-02 9.703779e-03 9.703783e-03
-4.594612e-02 1.007062e-02 1.007046e-02 9.684333e-03 9.684350e-03
-4.394612e-02 1.005570e-02 1.005557e-02 9.664940e-03 9.664971e-03
-4.194612e-02 1.003602e-02 1.003593e-02 9.645600e-03 9.645645e-03
-3.994612e-02 1.001146e-02 1.001140e-02 9.626312e-03 9.626371e-03
-3.794612e-02 9.982114e-03 9.982082e-03 9.607077e-03 9.607151e-03
-3.594612e-02 9.948284e-03 9.948286e-03 9.587897e-03 9.587985e-03
-3.394612e-02 9.910495e-03 9.910531e-03 9.568775e-03 9.568878e-03
-3.194612e-02 9.869445e-03 9.869514e-03 9.549715e-03 9.549832e-03
-2.994612e-02 9.825972e-03 9.826072e-03 9.530721e-03 9.530854e-03
-2.794612e-02 9.781016e-03 9.781147e-03 9.511800e-03 9.511948e-03
-2.594612e-02 9.735573e-03 9.735733e-03 9.492956e-03 9.493120e-03
-2.394612e-02 9.690653e-03 9.690840e-03 9.474196e-03 9.474376e-03
-2.194612e-02 9.647232e-03 9.647445e-03 9.455526e-03 9.455722e-03
-1.994612e-02 9.606220e-03 9.606456e-03 9.436951e-03 9.437163e-03
-1.794612e-02 9.568422e-03 9.568681e-03 9.418475e-03 9.418703e-03
-1.594612e-02 9.534511e-03 9.534792e-03 9.400104e-03 9.400348e-03
-1.394612e-02 9.505010e-03 9.505313e-03 9.381839e-03 9.382099e-03
-1.194612e-02 9.480270e-03 9.480593e-03 9.363683e-03 9.363960e-03
-9.946117e-03 9.460460e-03 9.460805e-03 9.345636e-03 9.345929e-03
-7.946117e-03 9.445566e-03 9.445933e-03 9.327698e-03 9.328008e-03
-5.946117e-03 9.435390e-03 9.435780e-03 9.309866e-03 9.310193e-03
-3.946117e-03 9.429552e-03 9.429966e-03 9.292139e-03 9.292483e-03
-1.946117e-03 9.427508e-03 9.427948e-03 9.274511e-03 9.274872e-03
5.388279e-05 9.428561e-03 9.429029e-03 9.256978e-03 9.257356e-03
2.053883e-03 9.431889e-03 9.432386e-03 9.239534e-03 9.239929e-03
4.053883e-03 9.436570e-03 9.437099e-03 9.222173e-03 9.222584e-03
6.053883e-03 9.441618e-03 9.442182e-03 9.204888e-03 9.205316e-03
8.053883e-03 9.446020e-03 9.446621e-03 9.187672e-03 9.188117e-03
1.005388e-02 9.448781e-03 9.449420e-03 9.170519e-03 9.170981e-03
1.205388e-02 9.448963e-03 9.449642e-03 9.153424e-03 9.153902e-03
1.405388e-02 9.445731e-03 9.446452e-03 9.136381e-03 9.136876e-03
1.605388e-02 9.438392e-03 9.439155e-03 9.119386e-03 9.119897e-03
1.805388e-02 9.426430e-03 9.427235e-03 9.102436e-03 9.102964e-03
2.005388e-02 9.409530e-03 9.410377e-03 9.085530e-03 9.086074e-03
2.205388e-02 9.387595e-03 9.388483e-03 9.068667e-03 9.069227e-03
2.405388e-02 9.360752e-03 9.361680e-03 9.051847e-03 9.052424e-03
2.605388e-02 9.329342e-03 9.330309e-03 9.035074e-03 9.035666e-03
2.805388e-02 9.293904e-03 9.294907e-03 9.018350e-03 9.018957e-03
3.005388e-02 9.255148e-03 9.256184e-03 9.001679e-03 9.002302e-03
3.205388e-02 9.213916e-03 9.214983e-03 8.985067e-03 8.985705e-03
3.405388e-02 9.171147e-03 9.172242e-03 8.968521e-03 8.969174e-03
3.605388e-02 9.127832e-03 9.128953e-03 8.952046e-03 8.952713e-03
3.805388e-02 9.084974e-03 9.086116e-03 8.935649e-03 8.936331e-03
4.005388e-02 9.043543e-03 9.044706e-03 8.919336e-03 8.920032e-03
4.205388e-02 9.004446e-03 9.005627e-03 8.903114e-03 8.903824e-03
4.405388e-02 8.968494e-03 8.969691e-03 8.886988e-03 8.887712e-03
4.605388e-02 8.936373e-03 8.937585e-03 8.870963e-03 8.871700e-03
4.805388e-02 8.908625e-03 8.909851e-03 8.855043e-03 8.855793e-03
5.005388e-02 8.885636e-03 8.886875e-03 8.839229e-03 8.839991e-03
5.205388e-02 8.867619e-03 8.868870e-03 8.823523e-03 8.824297e-03
5.405388e-02 8.854613e-03 8.855877e-03 8.807924e-03 8.808710e-03
5.605388e-02 8.846483e-03 8.847759e-03 8.792430e-03 8.793229e-03
5.805388e-02 8.842920e-03 8.844209e-03 8.777039e-03 8.777849e-03
6.005388e-02 8.843450e-03 8.844752e-03 8.761746e-03 8.762567e-03
6.205388e-02 8.847450e-03 8.848766e-03 8.746546e-03 8.747377e-03
6.405388e-02 8.854163e-03 8.855493e-03 8.731431e-03 8.732273e-03
6.605388e-02 8.862722e-03 8.864067e-03 8.716396e-03 8.717248e-03
6.805388e-02 8.872180e-03 8.873540e-03 8.701431e-03 8.702293e-03
7.005388e-02 8.881540e-03 8.882917e-03 8.686531e-03 8.687402e-03
7.205388e-02 8.889798e-03 8.891190e-03 8.671686e-03 8.672566e-03
7.405388e-02 8.895977e-03 8.897385e-03 8.656890e-03 8.657779e-03
7.605388e-02 8.899174e-03 8.900597e-03 8.642137e-03 8.643034e-03
7.805388e-02 8.898596e-03 8.900034e-03 8.627420e-03 8.628325e-03
8.005388e-02 8.893603e-03 8.895054e-03 8.612735e-03 8.613649e-03
8.205388e-02 8.883730e-03 8.885193e-03 8.598080e-03 8.599000e-03
8.405388e-02 8.868720e-03 8.870193e-03 8.583452e-03 8.584379e-03
8.605388e-02 8.848529e-03 8.850010e-03 8.568851e-03 8.569785e-03
8.805388e-02 8.823330e-03 8.824816e-03 8.554278e-03 8.555219e-03
9.005388e-02 8.793505e-03 8.794995e-03 8.539736e-03 8.540683e-03
9.205388e-02 8.759625e-03 8.761117e-03 8.525228e-03 8.526181e-03
9.405388e-02 8.722422e-03 8.723913e-03 8.510761e-03 8.511719e-03
9.605388e-02 8.682752e-03 8.684239e-03 8.496339e-03 8.497302e-03
9.805388e-02 8.641557e-03 8.643038e-03 8.481970e-03 8.482938e-03
1.000539e-01 8.599826e-03 8.601300e-03 8.467661e-03 8.468634e-03
1.020539e-01 8.558555e-03 8.560020e-03 8.453420e-03 8.454396e-03
1.040539e-01 8.518707e-03 8.520162e-03 8.439253e-03 8.440234e-03
1.060539e-01 8.481181e-03 8.482624e-03 8.425169e-03 8.426153e-03
1.080539e-01 8.446782e-03 8.448213e-03 8.411172e-03 8.412160e-03
1.100539e-01 8.416197e-03 8.417616e-03 8.397270e-03 8.398261e-03
1.120539e-01 8.389978e-03 8.391385e-03 8.383465e-03 8.384459e-03
1.140539e-01 8.368526e-03 8.369921e-03 8.369761e-03 8.370758e-03
1.160539e-01 8.352081e-03 8.353464e-03 8.356159e-03 8.357159e-03
1.180539e-01 8.340719e-03 8.342092e-03 8.342659e-03 8.343661e-03
1.200539e-01 8.334349e-03 8.335713e-03 8.329260e-03 8.330265e-03
1.220539e-01 8.332714e-03 8.334070e-03 8.315959e-03 8.316965e-03
1.240539e-01 8.335399e-03 8.336748e-03 8.302750e-03 8.303758e-03
1.260539e-01 8.341839e-03 8.343182e-03 8.289628e-03 8.290638e-03
1.280539e-01 8.351335e-03 8.352674e-03 8.276587e-03 8.277598e-03
1.300539e-01 8.363071e-03 8.364408e-03 8.263617e-03 8.264630e-03
1.320539e-01 8.376141e-03 8.377477e-03 8.250712e-03 8.251726e-03
1.340539e-01 8.389575e-03 8.390911e-03 8.237861e-03 8.238876e-03
1.360539e-01 8.402373e-03 8.403710e-03 8.225057e-03 8.226073e-03
1.380539e-01 8.413541e-03 8.414881e-03 8.212291e-03 8.213308e-03
1.400539e-01 8.422134e-03 8.423475e-03 8.199554e-03 8.200572e-03
1.420539e-01 8.427289e-03 8.428634e-03 8.186842e-03 8.187860e-03
1.440539e-01 8.428270e-03 8.429618e-03 8.174146e-03 8.175165e-03
1.460539e-01 8.424499e-03 8.425849e-03 8.161463e-03 8.162483e-03
1.480539e-01 8.415582e-03 8.416935e-03 8.148790e-03 8.149810e-03
1.500539e-01 8.401331e-03 8.402685e-03 8.136126e-03 8.137146e-03
1.520539e-01 8.381770e-03 8.383125e-03 8.123470e-03 8.124490e-03
1.540539e-01 8.357138e-03 8.358492e-03 8.110824e-03 8.111844e-03
1.560539e-01 8.327870e-03 8.329222e-03 8.098192e-03 8.099212e-03
1.580539e-01 8.294583e-03 8.295931e-03 8.085579e-03 8.086599e-03
1.600539e-01 8.258039e-03 8.259382e-03 8.072991e-03 8.074010e-03
1.620539e-01 8.219115e-03 8.220452e-03 8.060434e-03 8.061454e-03
1.640539e-01 8.178765e-03 8.180094e-03 8.047918e-03 8.048936e-03
1.660539e-01 8.137976e-03 8.139296e-03 8.035449e-03 8.036467e-03
1.680539e-01 8.097737e-03 8.099047e-03 8.023038e-03 8.024055e-03
1.700539e-01 8.058998e-03 8.060298e-03 8.010691e-03 8.011708e-03
1.720539e-01 8.022645e-03 8.023933e-03 7.998418e-03 7.999434e-03
1.740539e-01 7.989467e-03 7.990745e-03 7.986226e-03 7.987241e-03
1.760539e-01 7.960143e-03 7.961409e-03 7.974120e-03 7.975134e-03
1.780539e-01 7.935218e-03 7.936473e-03 7.962106e-03 7.963119e-03
1.800539e-01 7.915095e-03 7.916340e-03 7.950187e-03 7.951200e-03
1.820539e-01 7.900025e-03 7.901260e-03 7.938366e-03 7.939377e-03
1.840539e-01 7.890102e-03 7.891329e-03 7.926643e-03 7.927653e-03
1.860539e-01 7.885264e-03 7.886483e-03 7.915015e-03 7.916024e-03
1.880539e-01 7.885287e-03 7.886500e-03 7.903481e-03 7.904489e-03
1.900539e-01 7.889799e-03 7.891006e-03 7.892035e-03 7.893042e-03
1.920539e-01 7.898281e-03 7.899484e-03 7.880672e-03 7.881677e-03
1.940539e-01 7.910079e-03 7.911279e-03 7.869383e-03 7.870387e-03
1.960539e-01 7.924424e-03 7.925623e-03 7.858161e-03 7.859164e-03
1.980539e-01 7.940448e-03 7.941646e-03 7.846996e-03 7.847997e-03
2.000539e-01 7.957207e-03 7.958406e-03 7.835878e-03 7.836878e-03
2.020539e-01 7.973717e-03 7.974917e-03 7.824798e-03 7.825797e-03
2.040539e-01 7.988980e-03 7.990183e-03 7.813746e-03 7.814744e-03
2.060539e-01 8.002027e-03 8.003232e-03 7.802714e-03 7.803710e-03
2.080539e-01 8.011950e-03 8.013158e-03 7.791692e-03 7.792687e-03
2.100539e-01 8.017945e-03 8.019157e-03 7.780674e-03 7.781667e-03
2.120539e-01 8.019346e-03 8.020560e-03 7.769654e-03 7.770646e-03
2.140539e-01 8.015653e-03 8.016870e-03 7.758628e-03 7.759618e-03
2.160539e-01 8.006558e-03 8.007777e-03 7.747593e-03 7.748581e-03
2.180539e-01 7.991962e-03 7.993182e-03 7.736548e-03 7.737535e-03
2.200539e-01 7.971974e-03 7.973193e-03 7.725495e-03 7.726480e-03
2.220539e-01 7.946908e-03 7.948126e-03 7.714436e-03 7.715420e-03
2.240539e-01 7.917270e-03 7.918486e-03 7.703375e-03 7.704358e-03
2.260539e-01 7.883728e-03 7.884940e-03 7.692320e-03 7.693300e-03
2.280539e-01 7.847087e-03 7.848294e-03 7.681276e-03 7.682255e-03
2.300539e-01 7.808249e-03 7.809449e-03 7.670253e-03 7.671230e-03
2.320539e-01 7.768177e-03 7.769370e-03 7.659260e-03 7.660235e-03
2.340539e-01 7.727860e-03 7.729044e-03 7.648305e-03 7.649278e-03
2.360539e-01 7.688274e-03 7.689448e-03 7.637400e-03 7.638371e-03
2.380539e-01 7.650351e-03 7.651516e-03 7.626553e-03 7.627523e-03
2.400539e-01 7.614953e-03 7.616108e-03 7.615774e-03 7.616742e-03
2.420539e-01 7.582849e-03 7.583994e-03 7.605071e-03 7.606037e-03
2.440539e-01 7.554693e-03 7.555827e-03 7.594451e-03 7.595415e-03
2.460539e-01 7.531012e-03 7.532137e-03 7.583920e-03 7.584881e-03
2.480539e-01 7.512197e-03 7.513313e-03 7.573481e-03 7.574440e-03
2.500539e-01 7.498495e-03 7.499602e-03 7.563138e-03 7.564095e-03
2.520539e-01 7.490002e-03 7.491101e-03 7.552890e-03 7.553845e-03
2.540539e-01 7.486667e-03 7.487759e-03 7.542737e-03 7.543690e-03
2.560539e-01 7.488288e-03 7.489374e-03 7.532675e-03 7.533626e-03
2.580539e-01 7.494516e-03 7.495597e-03 7.522699e-03 7.523649e-03
2.600539e-01 7.504866e-03 7.505944e-03 7.512803e-03 7.513751e-03
2.620539e-01 7.518720e-03 7.519795e-03 7.502980e-03 7.503925e-03
2.640539e-01 7.535343e-03 7.536416e-03 7.493218e-03 7.494162e-03
2.660539e-01 7.553899e-03 7.554972e-03 7.483510e-03 7.484451e-03
2.680539e-01 7.573474e-03 7.574548e-03 7.473843e-03 7.474782e-03
2.700539e-01 7.593100e-03 7.594174e-03 7.464208e-03 7.465145e-03
2.720539e-01 7.611783e-03 7.612860e-03 7.454593e-03 7.455528e-03
2.740539e-01 7.628545e-03 7.629623e-03 7.444988e-03 7.445921e-03
2.760539e-01 7.642449e-03 7.643530e-03 7.435383e-03 7.436315e-03
2.780539e-01 7.652645e-03 7.653729e-03 7.425771e-03 7.426701e-03
2.800539e-01 7.658402e-03 7.659489e-03 7.416145e-03 7.417072e-03
2.820539e-01 7.659140e-03 7.660230e-03 7.406498e-03 7.407423e-03
2.840539e-01 7.654460e-03 7.655552e-03 7.396827e-03 7.397750e-03
2.860539e-01 7.644158e-03 7.645250e-03 7.387130e-03 7.388051e-03
2.880539e-01 7.628236e-03 7.629329e-03 7.377408e-03 7.378327e-03
2.900539e-01 7.606906e-03 7.607997e-03 7.367663e-03 7.368579e-03
2.920539e-01 7.580571e-03 7.581660e-03 7.357898e-03 7.358812e-03
2.940539e-01 7.549814e-03 7.550900e-03 7.348119e-03 7.349031e-03
2.960539e-01 7.515366e-03 7.516447e-03 7.338335e-03 7.339245e-03
2.980539e-01 7.478073e-03 7.479149e-03 7.328553e-03 7.329461e-03
3.000539e-01 7.438866e-03 7.439935e-03 7.318784e-03 7.319689e-03
3.020539e-01 7.398716e-03 7.399778e-03 7.309037e-03 7.309940e-03
3.040539e-01 7.358606e-03 7.359660e-03 7.299324e-03 7.300225e-03
3.060539e-01 7.319496e-03 7.320541e-03 7.289657e-03 7.290555e-03
3.080539e-01 7.282292e-03 7.283328e-03 7.280044e-03 7.280940e-03
3.100539e-01 7.247825e-03 7.248851e-03 7.270498e-03 7.271392e-03
3.120539e-01 7.216828e-03 7.217844e-03 7.261026e-03 7.261917e-03
3.140539e-01 7.189921e-03 7.190929e-03 7.251636e-03 7.252525e-03
3.160539e-01 7.167604e-03 7.168603e-03 7.242335e-03 7.243222e-03
3.180539e-01 7.150241e-03 7.151231e-03 7.233128e-03 7.234013e-03
3.200539e-01 7.138060e-03 7.139042e-03 7.224017e-03 7.224899e-03
3.220539e-01 7.131148e-03 7.132123e-03 7.215002e-03 7.215882e-03
3.240539e-01 7.129449e-03 7.130418e-03 7.206082e-03 7.206960e-03
3.260539e-01 7.132768e-03 7.133732e-03 7.197254e-03 7.198130e-03
3.280539e-01 7.140770e-03 7.141730e-03 7.188513e-03 7.189386e-03
3.300539e-01 7.152988e-03 7.153945e-03 7.179850e-03 7.180721e-03
3.320539e-01 7.168827e-03 7.169782e-03 7.171259e-03 7.172128e-03
3.340539e-01 7.187580e-03 7.188533e-03 7.162728e-03 7.163595e-03
3.360539e-01 7.208435e-03 7.209388e-03 7.154247e-03 7.155111e-03
3.380539e-01 7.230502e-03 7.231456e-03 7.145804e-03 7.146666e-03
3.400539e-01 7.252830e-03 7.253785e-03 7.137387e-03 7.138247e-03
3.420539e-01 7.274436e-03 7.275393e-03 7.128985e-03 7.129842e-03
3.440539e-01 7.294337e-03 7.295295e-03 7.120585e-03 7.121440e-03
3.460539e-01 7.311582e-03 7.312543e-03 7.112177e-03 7.113030e-03
3.480539e-01 7.325291e-03 7.326255e-03 7.103751e-03 7.104602e-03
3.500539e-01 7.334689e-03 7.335655e-03 7.095299e-03 7.096148e-03
3.520539e-01 7.339138e-03 7.340107e-03 7.086814e-03 7.087661e-03
3.540539e-01 7.338168e-03 7.339138e-03 7.078292e-03 7.079137e-03
3.560539e-01 7.331495e-03 7.332467e-03 7.069730e-03 7.070572e-03
3.580539e-01 7.319039e-03 7.320011e-03 7.061127e-03 7.061967e-03
3.600539e-01 7.300923e-03 7.301895e-03 7.052484e-03 7.053322e-03
3.620539e-01 7.277469e-03 7.278439e-03 7.043806e-03 7.044642e-03
3.640539e-01 7.249181e-03 7.250149e-03 7.035098e-03 7.035931e-03
3.660539e-01 7.216726e-03 7.217690e-03 7.026366e-03 7.027197e-03
3.680539e-01 7.180896e-03 7.181855e-03 7.017621e-03 7.018450e-03
3.700539e-01 7.142583e-03 7.143536e-03 7.008872e-03 7.009699e-03
3.720539e-01 7.102738e-03 7.103685e-03 7.000131e-03 7.000956e-03
3.740539e-01 7.062337e-03 7.063277e-03 6.991410e-03 6.992232e-03
3.760539e-01 7.022351e-03 7.023283e-03 6.982721e-03 6.983540e-03
3.780539e-01 6.983713e-03 6.984636e-03 6.974075e-03 6.974893e-03
3.800539e-01 6.947293e-03 6.948208e-03 6.965486e-03 6.966301e-03
3.820539e-01 6.913881e-03 6.914788e-03 6.956964e-03 6.957776e-03
3.840539e-01 6.884166e-03 6.885064e-03 6.948518e-03 6.949328e-03
3.860539e-01 6.858724e-03 6.859613e-03 6.940158e-03 6.940966e-03
3.880539e-01 6.838011e-03 6.838893e-03 6.931889e-03 6.932694e-03
3.900539e-01 6.822358e-03 6.823232e-03 6.923716e-03 6.924519e-03
3.920539e-01 6.811961e-03 6.812828e-03 6.915642e-03 6.916444e-03
3.940539e-01 6.806884e-03 6.807746e-03 6.907669e-03 6.908467e-03
3.960539e-01 6.807060e-03 6.807916e-03 6.899792e-03 6.900589e-03
3.980539e-01 6.812284e-03 6.813135e-03 6.892010e-03 6.892804e-03
4.000539e-01 6.822223e-03 6.823071e-03 6.884316e-03 6.885108e-03
4.020539e-01 6.836418e-03 6.837263e-03 6.876702e-03 6.877492e-03
4.040539e-01 6.854287e-03 6.855131e-03 6.869158e-03 6.869946e-03
4.060539e-01 6.875139e-03 6.875981e-03 6.861675e-03 6.862460e-03
4.080539e-01 6.898181e-03 6.899024e-03 6.854239e-03 6.855022e-03
4.100539e-01 6.922541e-03 6.923385e-03 6.846838e-03 6.847619e-03
4.120539e-01 6.947283e-03 6.948128e-03 6.839458e-03 6.840237e-03
4.140539e-01 6.971433e-03 6.972280e-03 6.832088e-03 6.832864e-03
4.160539e-01 6.994012e-03 6.994860e-03 6.824713e-03 6.825487e-03
4.180539e-01 7.014061e-03 7.014913e-03 6.817321e-03 6.818094e-03
4.200539e-01 7.030685e-03 7.031538e-03 6.809903e-03 6.810674e-03
4.220539e-01 7.043078e-03 7.043934e-03 6.802448e-03 6.803217e-03
4.240539e-01 7.050564e-03 7.051423e-03 6.794949e-03 6.795715e-03
4.260539e-01 7.052624e-03 7.053484e-03 6.787400e-03 6.788164e-03
4.280539e-01 7.048916e-03 7.049778e-03 6.779796e-03 6.780559e-03
4.300539e-01 7.039296e-03 7.040159e-03 6.772138e-03 6.772898e-03
4.320539e-01 7.023822e-03 7.024685e-03 6.764426e-03 6.765183e-03
4.340539e-01 7.002751e-03 7.003612e-03 6.756662e-03 6.757418e-03
4.360539e-01 6.976525e-03 6.977384e-03 6.748852e-03 6.749606e-03
4.380539e-01 6.945754e-03 6.946610e-03 6.741005e-03 6.741756e-03
4.400539e-01 6.911186e-03 6.912038e-03 6.733127e-03 6.733877e-03
4.420539e-01 6.873675e-03 6.874523e-03 6.725232e-03 6.725979e-03
4.440539e-01 6.834151e-03 6.834992e-03 6.717330e-03 6.718075e-03
4.460539e-01 6.793577e-03 6.794412e-03 6.709434e-03 6.710177e-03
4.480539e-01 6.752925e-03 6.753753e-03 6.701558e-03 6.702299e-03
4.500539e-01 6.713141e-03 6.713962e-03 6.693716e-03 6.694455e-03
4.520539e-01 6.675122e-03 6.675935e-03 6.685921e-03 6.686657e-03
4.540539e-01 6.639692e-03 6.640498e-03 6.678185e-03 6.678919e-03
4.560539e-01 6.607588e-03 6.608386e-03 6.670521e-03 6.671252e-03
4.580539e-01 6.579443e-03 6.580233e-03 6.662938e-03 6.663667e-03
4.600539e-01 6.555781e-03 6.556563e-03 6.655445e-03 6.656172e-03
4.620539e-01 6.537006e-03 6.537781e-03 6.648049e-03 6.648774e-03
4.640539e-01 6.523401e-03 6.524170e-03 6.640755e-03 6.641478e-03
4.660539e-01 6.515124e-03 6.515887e-03 6.633565e-03 6.634286e-03
4.680539e-01 6.512208e-03 6.512966e-03 6.626479e-03 6.627197e-03
4.700539e-01 6.514559e-03 6.515313e-03 6.619495e-03 6.620211e-03
4.720539e-01 6.521958e-03 6.522708e-03 6.612608e-03 6.613322e-03
4.740539e-01 6.534061e-03 6.534808e-03 6.605811e-03 6.606523e-03
4.760539e-01 6.550407e-03 6.551151e-03 6.599096e-03 6.599806e-03
4.780539e-01 6.570417e-03 6.571160e-03 6.592452e-03 6.593160e-03
4.800539e-01 6.593408e-03 6.594151e-03 6.585867e-03 6.586573e-03
4.820539e-01 6.618598e-03 6.619342e-03 6.579328e-03 6.580032e-03
4.840539e-01 6.645127e-03 6.645871e-03 6.572820e-03 6.573522e-03
4.860539e-01 6.672070e-03 6.672816e-03 6.566330e-03 6.567030e-03
4.880539e-01 6.698464e-03 6.699211e-03 6.559843e-03 6.560541e-03
4.900539e-01 6.723331e-03 6.724081e-03 6.553344e-03 6.554040e-03
4.920539e-01 6.745716e-03 6.746468e-03 6.546821e-03 6.547515e-03
4.940539e-01 6.764713e-03 6.765467e-03 6.540262e-03 6.540954e-03
4.960539e-01 6.779501e-03 6.780259e-03 6.533655e-03 6.534346e-03
4.980539e-01 6.789383e-03 6.790143e-03 6.526993e-03 6.527681e-03
5.000539e-01 6.793806e-03 6.794567e-03 6.520268e-03 6.520955e-03
5.020539e-01 6.792392e-03 6.793155e-03 6.513477e-03 6.514161e-03
5.040539e-01 6.784955e-03 6.785719e-03 6.506616e-03 6.507299e-03
5.060539e-01 6.771507e-03 6.772271e-03 6.499687e-03 6.500368e-03
5.080539e-01 6.752257e-03 6.753021e-03 6.492692e-03 6.493371e-03
5.100539e-01 6.727605e-03 6.728367e-03 6.485636e-03 6.486313e-03
5.120539e-01 6.698118e-03 6.698877e-03 6.478528e-03 6.479203e-03
5.140539e-01 6.664508e-03 6.665264e-03 6.471376e-03 6.472048e-03
5.160539e-01 6.627600e-03 6.628352e-03 6.464191e-03 6.464862e-03
5.180539e-01 6.588301e-03 6.589047e-03 6.456987e-03 6.457656e-03
5.200539e-01 6.547562e-03 6.548303e-03 6.449777e-03 6.450444e-03
5.220539e-01 6.506351e-03 6.507086e-03 6.442576e-03 6.443240e-03
5.240539e-01 6.465619e-03 6.466347e-03 6.435398e-03 6.436061e-03
5.260539e-01 6.426275e-03 6.426997e-03 6.428259e-03 6.428919e-03
5.280539e-01 6.389168e-03 6.389882e-03 6.421172e-03 6.421831e-03
5.300539e-01 6.355062e-03 6.355769e-03 6.414152e-03 6.414809e-03
5.320539e-01 6.324631e-03 6.325331e-03 6.407211e-03 6.407865e-03
5.340539e-01 6.298443e-03 6.299136e-03 6.400358e-03 6.401011e-03
5.360539e-01 6.276960e-03 6.277646e-03 6.393604e-03 6.394254e-03
5.380539e-01 6.260525e-03 6.261205e-03 6.386953e-03 6.387602e-03
5.400539e-01 6.249368e-03 6.250043e-03 6.380412e-03 6.381058e-03
5.420539e-01 6.243599e-03 6.244269e-03 6.373980e-03 6.374625e-03
5.440539e-01 6.243211e-03 6.243877e-03 6.367659e-03 6.368302e-03
5.460539e-01 6.248078e-03 6.248739e-03 6.361444e-03 6.362085e-03
5.480539e-01 6.257954e-03 6.258613e-03 6.355330e-03 6.355969e-03
5.500539e-01 6.272480e-03 6.273136e-03 6.349309e-03 6.349946e-03
5.520539e-01 6.291182e-03 6.291837e-03 6.343371e-03 6.344007e-03
5.540539e-01 6.313477e-03 6.314131e-03 6.337505e-03 6.338138e-03
5.560539e-01 6.338682e-03 6.339335e-03 6.331696e-03 6.332327e-03
5.580539e-01 6.366018e-03 6.366672e-03 6.325930e-03 6.326560e-03
5.600539e-01 6.394630e-03 6.395286e-03 6.320192e-03 6.320820e-03
5.620539e-01 6.423602e-03 6.424259e-03 6.314467e-03 6.315093e-03
5.640539e-01 6.451977e-03 6.452636e-03 6.308737e-03 6.309362e-03
5.660539e-01 6.478785e-03 6.479446e-03 6.302989e-03 6.303612e-03
5.680539e-01 6.503071e-03 6.503735e-03 6.297208e-03 6.297829e-03
5.700539e-01 6.523931e-03 6.524598e-03 6.291380e-03 6.292000e-03
5.720539e-01 6.540541e-03 6.541210e-03 6.285495e-03 6.286112e-03
5.740539e-01 6.552190e-03 6.552861e-03 6.279542e-03 6.280157e-03
5.760539e-01 6.558314e-03 6.558987e-03 6.273513e-03 6.274127e-03
5.780539e-01 6.558516e-03 6.559191e-03 6.267405e-03 6.268017e-03
5.800539e-01 6.552586e-03 6.553262e-03 6.261214e-03 6.261825e-03
5.820539e-01 6.540512e-03 6.541188e-03 6.254941e-03 6.255549e-03
5.840539e-01 6.522476e-03 6.523152e-03 6.248587e-03 6.249194e-03
5.860539e-01 6.498849e-03 6.499524e-03 6.242159e-03 6.242765e-03
5.880539e-01 6.470174e-03 6.470846e-03 6.235664e-03 6.236268e-03
5.900539e-01 6.437137e-03 6.437806e-03 6.229112e-03 6.229714e-03
5.920539e-01 6.400544e-03 6.401209e-03 6.222515e-03 6.223115e-03
5.940539e-01 6.361283e-03 6.361945e-03 6.215886e-03 6.216484e-03
5.960539e-01 6.320297e-03 6.320954e-03 6.209239e-03 6.209836e-03
5.980539e-01 6.278546e-03 6.279196e-03 6.202592e-03 6.203186e-03
6.000539e-01 6.236979e-03 6.237624e-03 6.195959e-03 6.196551e-03
6.020539e-01 6.196513e-03 6.197152e-03 6.189357e-03 6.189948e-03
6.040539e-01 6.158005e-03 6.158637e-03 6.182802e-03 6.183391e-03
6.060539e-01 6.122238e-03 6.122864e-03 6.176310e-03 6.176897e-03
6.080539e-01 6.089909e-03 6.090528e-03 6.169893e-03 6.170478e-03
6.100539e-01 6.061616e-03 6.062229e-03 6.163565e-03 6.164148e-03
6.120539e-01 6.037856e-03 6.038463e-03 6.157335e-03 6.157917e-03
6.140539e-01 6.019017e-03 6.019619e-03 6.151214e-03 6.151793e-03
6.160539e-01 6.005379e-03 6.005975e-03 6.145205e-03 6.145783e-03
6.180539e-01 5.997110e-03 5.997701e-03 6.139314e-03 6.139890e-03
6.200539e-01 5.994268e-03 5.994855e-03 6.133540e-03 6.134115e-03
6.220539e-01 5.996797e-03 5.997381e-03 6.127883e-03 6.128456e-03
6.240539e-01 6.004534e-03 6.005115e-03 6.122337e-03 6.122908e-03
6.260539e-01 6.017203e-03 6.017781e-03 6.116895e-03 6.117465e-03
6.280539e-01 6.034418e-03 6.034994e-03 6.111549e-03 6.112117e-03
6.300539e-01 6.055687e-03 6.056262e-03 6.106287e-03 6.106853e-03
6.320539e-01 6.080416e-03 6.080991e-03 6.101095e-03 6.101660e-03
6.340539e-01 6.107913e-03 6.108488e-03 6.095959e-03 6.096522e-03
6.360539e-01 6.137397e-03 6.137973e-03 6.090862e-03 6.091423e-03
6.380539e-01 6.168014e-03 6.168591e-03 6.085788e-03 6.086348e-03
6.400539e-01 6.198850e-03 6.199428e-03 6.080720e-03 6.081278e-03
6.420539e-01 6.228953e-03 6.229534e-03 6.075640e-03 6.076197e-03
6.440539e-01 6.257360e-03 6.257943e-03 6.070533e-03 6.071088e-03
6.460539e-01 6.283123e-03 6.283708e-03 6.065382e-03 6.065935e-03
6.480539e-01 6.305342e-03 6.305931e-03 6.060174e-03 6.060726e-03
6.500539e-01 6.323200e-03 6.323791e-03 6.054896e-03 6.055446e-03
6.520539e-01 6.335989e-03 6.336582e-03 6.049538e-03 6.050087e-03
6.540539e-01 6.343145e-03 6.343740e-03 6.044092e-03 6.044639e-03
6.560539e-01 6.344271e-03 6.344868e-03 6.038552e-03 6.039098e-03
6.580539e-01 6.339153e-03 6.339751e-03 6.032916e-03 6.033461e-03
6.600539e-01 6.327772e-03 6.328371e-03 6.027184e-03 6.027727e-03
6.620539e-01 6.310304e-03 6.310902e-03 6.021358e-03 6.021899e-03
6.640539e-01 6.287110e-03 6.287708e-03 6.015444e-03 6.015983e-03
6.660539e-01 6.258722e-03 6.259318e-03 6.009449e-03 6.009987e-03
6.680539e-01 6.225817e-03 6.226410e-03 6.003385e-03 6.003922e-03
6.700539e-01 6.189188e-03 6.189778e-03 5.997264e-03 5.997799e-03
6.720539e-01 6.149716e-03 6.150302e-03 5.991100e-03 5.991633e-03
6.740539e-01 6.108332e-03 6.108914e-03 5.984908e-03 5.985440e-03
6.760539e-01 6.065992e-03 6.066568e-03 5.978707e-03 5.979237e-03
6.780539e-01 6.023641e-03 6.024212e-03 5.972512e-03 5.973041e-03
6.800539e-01 5.982193e-03 5.982758e-03 5.966343e-03 5.966870e-03
6.820539e-01 5.942508e-03 5.943068e-03 5.960216e-03 5.960741e-03
6.840539e-01 5.905376e-03 5.905930e-03 5.954147e-03 5.954671e-03
6.860539e-01 5.871504e-03 5.872052e-03 5.948153e-03 5.948676e-03
6.880539e-01 5.841507e-03 5.842049e-03 5.942248e-03 5.942769e-03
6.900539e-01 5.815901e-03 5.816437e-03 5.936444e-03 5.936963e-03
6.920539e-01 5.795102e-03 5.795633e-03 5.930751e-03 5.931268e-03
6.940539e-01 5.779422e-03 5.779949e-03 5.925176e-03 5.925692e-03
6.960539e-01 5.769070e-03 5.769592e-03 5.919725e-03 5.920239e-03
6.980539e-01 5.764150e-03 5.764668e-03 5.914400e-03 5.914913e-03
7.000539e-01 5.764662e-03 5.765176e-03 5.909201e-03 5.909712e-03
7.020539e-01 5.770500e-03 5.771011e-03 5.904123e-03 5.904633e-03
7.040539e-01 5.781457e-03 5.781966e-03 5.899162e-03 5.899670e-03
7.060539e-01 5.797221e-03 5.797728e-03 5.894309e-03 5.894815e-03
7.080539e-01 5.817375e-03 5.817881e-03 5.889552e-03 5.890057e-03
7.100539e-01 5.841404e-03 5.841909e-03 5.884878e-03 5.885382e-03
7.120539e-01 5.868694e-03 5.869199e-03 5.880272e-03 5.880774e-03
7.140539e-01 5.898539e-03 5.899045e-03 5.875718e-03 5.876219e-03
7.160539e-01 5.930151e-03 5.930658e-03 5.871198e-03 5.871698e-03
7.180539e-01 5.962669e-03 5.963178e-03 5.866694e-03 5.867192e-03
7.200539e-01 5.995181e-03 5.995691e-03 5.862187e-03 5.862684e-03
7.220539e-01 6.026738e-03 6.027250e-03 5.857659e-03 5.858154e-03
7.240539e-01 6.056382e-03 6.056897e-03 5.853092e-03 5.853587e-03
7.260539e-01 6.083176e-03 6.083694e-03 5.848471e-03 5.848964e-03
7.280539e-01 6.106233e-03 6.106753e-03 5.843780e-03 5.844271e-03
7.300539e-01 6.124747e-03 6.125270e-03 5.839006e-03 5.839496e-03
7.320539e-01 6.138029e-03 6.138554e-03 5.834138e-03 5.834627e-03
7.340539e-01 6.145529e-03 6.146056e-03 5.829168e-03 5.829656e-03
7.360539e-01 6.146866e-03 6.147395e-03 5.824091e-03 5.824577e-03
7.380539e-01 6.141842e-03 6.142372e-03 5.818903e-03 5.819388e-03
7.400539e-01 6.130451e-03 6.130981e-03 5.813605e-03 5.814088e-03
7.420539e-01 6.112879e-03 6.113409e-03 5.808199e-03 5.808681e-03
7.440539e-01 6.089496e-03 6.090026e-03 5.802693e-03 5.803174e-03
7.460539e-01 6.060840e-03 6.061368e-03 5.797094e-03 5.797573e-03
7.480539e-01 6.027589e-03 6.028115e-03 5.791413e-03 5.791891e-03
7.500539e-01 5.990538e-03 5.991061e-03 5.785665e-03 5.786141e-03
7.520539e-01 5.950562e-03 5.951082e-03 5.779863e-03 5.780339e-03
7.540539e-01 5.908590e-03 5.909106e-03 5.774026e-03 5.774500e-03
7.560539e-01 5.865570e-03 5.866081e-03 5.768172e-03 5.768644e-03
7.580539e-01 5.822441e-03 5.822947e-03 5.762318e-03 5.762789e-03
7.600539e-01 5.780111e-03 5.780612e-03 5.756485e-03 5.756954e-03
7.620539e-01 5.739436e-03 5.739931e-03 5.750690e-03 5.751158e-03
7.640539e-01 5.701201e-03 5.701691e-03 5.744952e-03 5.745419e-03
7.660539e-01 5.666113e-03 5.666599e-03 5.739289e-03 5.739755e-03
7.680539e-01 5.634792e-03 5.635271e-03 5.733716e-03 5.734180e-03
7.700539e-01 5.607760e-03 5.608235e-03 5.728246e-03 5.728709e-03
7.720539e-01 5.585447e-03 5.585917e-03 5.722892e-03 5.723353e-03
7.740539e-01 5.568183e-03 5.568648e-03 5.717662e-03 5.718122e-03
7.760539e-01 5.556201e-03 5.556661e-03 5.712563e-03 5.713021e-03
7.780539e-01 5.549635e-03 5.550092e-03 5.707598e-03 5.708055e-03
7.800539e-01 5.548523e-03 5.548977e-03 5.702769e-03 5.703225e-03
7.820539e-01 5.552804e-03 5.553255e-03 5.698072e-03 5.698527e-03
7.840539e-01 5.562322e-03 5.562771e-03 5.693503e-03 5.693956e-03
7.860539e-01 5.576821e-03 5.577268e-03 5.689054e-03 5.689505e-03
7.880539e-01 5.595947e-03 5.596393e-03 5.684713e-03 5.685164e-03
7.900539e-01 5.619251e-03 5.619696e-03 5.680468e-03 5.680917e-03
7.920539e-01 5.646188e-03 5.646633e-03 5.676304e-03 5.676752e-03
7.940539e-01 5.676119e-03 5.676564e-03 5.672203e-03 5.672650e-03
7.960539e-01 5.708319e-03 5.708765e-03 5.668148e-03 5.668593e-03
7.980539e-01 5.741987e-03 5.742434e-03 5.664118e-03 5.664563e-03
8.000539e-01 5.776253e-03 5.776702e-03 5.660095e-03 5.660539e-03
8.020539e-01 5.810201e-03 5.810652e-03 5.656059e-03 5.656501e-03
8.040539e-01 5.842885e-03 5.843339e-03 5.651989e-03 5.652430e-03
8.060539e-01 5.873356e-03 5.873812e-03 5.647868e-03 5.648308e-03
8.080539e-01 5.900690e-03 5.901148e-03 5.643679e-03 5.644117e-03
8.100539e-01 5.924017e-03 5.924478e-03 5.639405e-03 5.639842e-03
8.120539e-01 5.942558e-03 5.943022e-03 5.635033e-03 5.635470e-03
8.140539e-01 5.955649e-03 5.956115e-03 5.630553e-03 5.630988e-03
8.160539e-01 5.962773e-03 5.963241e-03 5.625956e-03 5.626390e-03
8.180539e-01 5.963582e-03 5.964052e-03 5.621236e-03 5.621669e-03
8.200539e-01 5.957910e-03 5.958381e-03 5.616392e-03 5.616824e-03
8.220539e-01 5.945784e-03 5.946255e-03 5.611423e-03 5.611854e-03
8.240539e-01 5.927419e-03 5.927890e-03 5.606334e-03 5.606764e-03
8.260539e-01 5.903211e-03 5.903682e-03 5.601132e-03 5.601560e-03
8.280539e-01 5.873717e-03 5.874186e-03 5.595825e-03 5.596252e-03
8.300539e-01 5.839631e-03 5.840099e-03 5.590425e-03 5.590851e-03
8.320539e-01 5.801756e-03 5.802221e-03 5.584949e-03 5.585374e-03
8.340539e-01 5.760972e-03 5.761434e-03 5.579411e-03 5.579835e-03
8.360539e-01 5.718205e-03 5.718663e-03 5.573831e-03 5.574253e-03
8.380539e-01 5.674397e-03 5.674852e-03 5.568227e-03 5.568648e-03
8.400539e-01 5.630480e-03 5.630929e-03 5.562619e-03 5.563039e-03
8.420539e-01 5.587349e-03 5.587794e-03 5.557029e-03 5.557448e-03
8.440539e-01 5.545848e-03 5.546288e-03 5.551476e-03 5.551893e-03
8.460539e-01 5.506752e-03 5.507187e-03 5.545980e-03 5.546396e-03
8.480539e-01 5.470758e-03 5.471189e-03 5.540559e-03 5.540974e-03
8.500539e-01 5.438477e-03 5.438903e-03 5.535231e-03 5.535645e-03
8.520539e-01 5.410430e-03 5.410851e-03 5.530010e-03 5.530423e-03
8.540539e-01 5.387045e-03 5.387461e-03 5.524910e-03 5.525322e-03
8.560539e-01 5.368658e-03 5.369070e-03 5.519941e-03 5.520351e-03
8.580539e-01 5.355514e-03 5.355921e-03 5.515111e-03 5.515520e-03
8.600539e-01 5.347763e-03 5.348167e-03 5.510424e-03 5.510832e-03
8.620539e-01 5.345467e-03 5.345868e-03 5.505882e-03 5.506288e-03
8.640539e-01 5.348595e-03 5.348993e-03 5.501483e-03 5.501888e-03
8.660539e-01 5.357026e-03 5.357423e-03 5.497222e-03 5.497627e-03
8.680539e-01 5.370549e-03 5.370944e-03 5.493093e-03 5.493496e-03
8.700539e-01 5.388858e-03 5.389252e-03 5.489085e-03 5.489487e-03
8.720539e-01 5.411558e-03 5.411950e-03 5.485185e-03 5.485585e-03
8.740539e-01 5.438159e-03 5.438551e-03 5.481376e-03 5.481776e-03
8.760539e-01 5.468081e-03 5.468474e-03 5.477643e-03 5.478042e-03
8.780539e-01 5.500660e-03 5.501053e-03 5.473966e-03 5.474364e-03
8.800539e-01 5.535145e-03 5.535540e-03 5.470325e-03 5.470722e-03
8.820539e-01 5.570718e-03 5.571114e-03 5.466699e-03 5.467095e-03
8.840539e-01 5.606497e-03 5.606895e-03 5.463066e-03 5.463461e-03
8.860539e-01 5.641562e-03 5.641962e-03 5.459406e-03 5.459800e-03
8.880539e-01 5.674968e-03 5.675370e-03 5.455698e-03 5.456091e-03
8.900539e-01 5.705778e-03 5.706182e-03 5.451923e-03 5.452315e-03
8.920539e-01 5.733085e-03 5.733493e-03 5.448063e-03 5.448454e-03
8.940539e-01 5.756050e-03 5.756460e-03 5.444103e-03 5.444493e-03
8.960539e-01 5.773926e-03 5.774339e-03 5.440028e-03 5.440417e-03
8.980539e-01 5.786092e-03 5.786507e-03 5.435828e-03 5.436216e-03
9.000539e-01 5.792078e-03 5.792495e-03 5.431495e-03 5.431882e-03
9.020539e-01 5.791585e-03 5.792004e-03 5.427024e-03 5.427409e-03
9.040539e-01 5.784500e-03 5.784920e-03 5.422413e-03 5.422798e-03
9.060539e-01 5.770900e-03 5.771320e-03 5.417664e-03 5.418048e-03
9.080539e-01 5.751046e-03 5.751466e-03 5.412781e-03 5.413164e-03
9.100539e-01 5.725375e-03 5.725795e-03 5.407773e-03 5.408155e-03
9.120539e-01 5.694479e-03 5.694898e-03 5.402650e-03 5.403031e-03
9.140539e-01 5.659077e-03 5.659493e-03 5.397425e-03 5.397805e-03
9.160539e-01 5.619988e-03 5.620402e-03 5.392115e-03 5.392493e-03
9.180539e-01 5.578101e-03 5.578512e-03 5.386736e-03 5.387114e-03
9.200539e-01 5.534342e-03 5.534750e-03 5.381310e-03 5.381687e-03
9.220539e-01 5.489647e-03 5.490051e-03 5.375856e-03 5.376232e-03
9.240539e-01 5.444934e-03 5.445334e-03 5.370397e-03 5.370771e-03
9.260539e-01 5.401084e-03 5.401480e-03 5.364953e-03 5.365326e-03
9.280539e-01 5.358921e-03 5.359313e-03 5.359547e-03 5.359919e-03
9.300539e-01 5.319202e-03 5.319589e-03 5.354199e-03 5.354570e-03
9.320539e-01 5.282604e-03 5.282987e-03 5.348929e-03 5.349299e-03
9.340539e-01 5.249721e-03 5.250099e-03 5.343756e-03 5.344125e-03
9.360539e-01 5.221060e-03 5.221434e-03 5.338696e-03 5.339064e-03
9.380539e-01 5.197040e-03 5.197409e-03 5.333763e-03 5.334130e-03
9.400539e-01 5.177990e-03 5.178355e-03 5.328968e-03 5.329334e-03
9.420539e-01 5.164154e-03 5.164516e-03 5.324320e-03 5.324685e-03
9.440539e-01 5.155690e-03 5.156048e-03 5.319824e-03 5.320188e-03
9.460539e-01 5.152669e-03 5.153025e-03 5.315483e-03 5.315846e-03
9.480539e-01 5.155080e-03 5.155433e-03 5.311296e-03 5.311658e-03
9.500539e-01 5.162825e-03 5.163176e-03 5.307258e-03 5.307619e-03
9.520539e-01 5.175723e-03 5.176072e-03 5.303362e-03 5.303722e-03
9.540539e-01 5.193505e-03 5.193853e-03 5.299598e-03 5.299957e-03
9.560539e-01 5.215816e-03 5.216163e-03 5.295953e-03 5.296311e-03
9.580539e-01 5.242213e-03 5.242560e-03 5.292411e-03 5.292769e-03
9.600539e-01 5.272166e-03 5.272513e-03 5.288955e-03 5.289311e-03
9.620539e-01 5.305057e-03 5.305405e-03 5.285564e-03 5.285919e-03
9.640539e-01 5.340187e-03 5.340536e-03 5.282217e-03 5.282572e-03
9.660539e-01 5.376781e-03 5.377131e-03 5.278893e-03 5.279247e-03
9.680539e-01 5.413998e-03 5.414349e-03 5.275569e-03 5.275922e-03
9.700539e-01 5.450944e-03 5.451298e-03 5.272222e-03 5.272574e-03
9.720539e-01 5.486693e-03 5.487049e-03 5.268830e-03 5.269181e-03
9.740539e-01 5.520306e-03 5.520665e-03 5.265372e-03 5.265722e-03
9.760539e-01 5.550862e-03 5.551223e-03 5.261828e-03 5.262177e-03
9.780539e-01 5.577482e-03 5.577845e-03 5.258179e-03 5.258528e-03
9.800539e-01 5.599362e-03 5.599728e-03 5.254412e-03 5.254759e-03
9.820539e-01 5.615804e-03 5.616173e-03 5.250511e-03 5.250858e-03
9.840539e-01 5.626245e-03 5.626616e-03 5.246467e-03 5.246813e-03
9.860539e-01 5.630278e-03 5.630651e-03 5.242272e-03 5.242617e-03
9.880539e-01 5.627675e-03 5.628049e-03 5.237923e-03 5.238268e-03
9.900539e-01 5.618390e-03 5.618765e-03 5.233419e-03 5.233763e-03
9.920539e-01 5.602568e-03 5.602944e-03 5.228763e-03 5.229105e-03
9.940539e-01 5.580533e-03 5.580909e-03 5.223960e-03 5.224302e-03
9.960539e-01 5.552778e-03 5.553154e-03 5.219020e-03 5.219361e-03
9.980539e-01 5.519939e-03 5.520313e-03 5.213956e-03 5.214296e-03
1.000054e+00 5.482767e-03 5.483140e-03 5.208782e-03 5.209121e-03
1.002054e+00 5.442107e-03 5.442477e-03 5.203515e-03 5.203854e-03
1.004054e+00 5.398855e-03 5.399223e-03 5.198176e-03 5.198513e-03
1.006054e+00 5.353939e-03 5.354304e-03 5.192785e-03 5.193121e-03
1.008054e+00 5.308285e-03 5.308646e-03 5.187365e-03 5.187700e-03
1.010054e+00 5.262794e-03 5.263151e-03 5.181938e-03 5.182272e-03
1.012054e+00 5.218325e-03 5.218679e-03 5.176527e-03 5.176861e-03
1.014054e+00 5.175678e-03 5.176027e-03 5.171157e-03 5.171489e-03
1.016054e+00 5.135579e-03 5.135924e-03 5.165848e-03 5.166179e-03
1.018054e+00 5.098681e-03 5.099022e-03 5.160621e-03 5.160952e-03
1.020054e+00 5.065551e-03 5.065887e-03 5.155497e-03 5.155827e-03
1.022054e+00 5.036671e-03 5.037004e-03 5.150492e-03 5.150821e-03
1.024054e+00 5.012442e-03 5.012771e-03 5.145621e-03 5.145949e-03
1.026054e+00 4.993180e-03 4.993504e-03 5.140897e-03 5.141224e-03
1.028054e+00 4.979116e-03 4.979438e-03 5.136328e-03 5.136654e-03
1.030054e+00 4.970405e-03 4.970723e-03 5.131920e-03 5.132245e-03
1.032054e+00 4.967120e-03 4.967436e-03 5.127677e-03 5.128001e-03
1.034054e+00 4.969257e-03 4.969571e-03 5.123597e-03 5.123920e-03
1.036054e+00 4.976732e-03 4.977044e-03 5.119676e-03 5.119999e-03
1.038054e+00 4.989384e-03 4.989694e-03 5.115907e-03 5.116229e-03
1.040054e+00 5.006968e-03 5.007277e-03 5.112280e-03 5.112601e-03
1.042054e+00 5.029161e-03 5.029469e-03 5.108782e-03 5.109102e-03
1.044054e+00 5.055555e-03 5.055863e-03 5.105395e-03 5.105714e-03
1.046054e+00 5.085658e-03 5.085965e-03 5.102102e-03 5.102420e-03
1.048054e+00 5.118893e-03 5.119201e-03 5.098882e-03 5.099200e-03
1.050054e+00 5.154603e-03 5.154912e-03 5.095713e-03 5.096030e-03
1.052054e+00 5.192052e-03 5.192362e-03 5.092572e-03 5.092889e-03
1.054054e+00 5.230436e-03 5.230747e-03 5.089436e-03 5.089751e-03
1.056054e+00 5.268891e-03 5.269204e-03 5.086279e-03 5.086593e-03
1.058054e+00 5.306511e-03 5.306826e-03 5.083078e-03 5.083392e-03
1.060054e+00 5.342367e-03 5.342685e-03 5.079810e-03 5.080124e-03
1.062054e+00 5.375532e-03 5.375853e-03 5.076454e-03 5.076767e-03
1.064054e+00 5.405107e-03 5.405431e-03 5.072989e-03 5.073301e-03
1.066054e+00 5.430251e-03 5.430577e-03 5.069398e-03 5.069710e-03
1.068054e+00 5.450212e-03 5.450541e-03 5.065666e-03 5.065976e-03
1.070054e+00 5.464357e-03 5.464688e-03 5.061779e-03 5.062089e-03
1.072054e+00 5.472196e-03 5.472529e-03 5.057728e-03 5.058038e-03
1.074054e+00 5.473406e-03 5.473740e-03 5.053509e-03 5.053817e-03
1.076054e+00 5.467844e-03 5.468180e-03 5.049117e-03 5.049424e-03
1.078054e+00 5.455553e-03 5.455890e-03 5.044554e-03 5.044861e-03
1.080054e+00 5.436762e-03 5.437100e-03 5.039824e-03 5.040130e-03
1.082054e+00 5.411872e-03 5.412210e-03 5.034935e-03 5.035241e-03
1.084054e+00 5.381440e-03 5.381777e-03 5.029899e-03 5.030203e-03
1.086054e+00 5.346154e-03 5.346490e-03 5.024728e-03 5.025032e-03
1.088054e+00 5.306808e-03 5.307142e-03 5.019441e-03 5.019744e-03
1.090054e+00 5.264266e-03 5.264598e-03 5.014057e-03 5.014359e-03
1.092054e+00 5.219437e-03 5.219766e-03 5.008595e-03 5.008897e-03
1.094054e+00 5.173244e-03 5.173570e-03 5.003080e-03 5.003381e-03
1.096054e+00 5.126599e-03 5.126922e-03 4.997535e-03 4.997835e-03
1.098054e+00 5.080382e-03 5.080701e-03 4.991985e-03 4.992284e-03
1.100054e+00 5.035421e-03 5.035736e-03 4.986453e-03 4.986752e-03
1.102054e+00 4.992481e-03 4.992793e-03 4.980965e-03 4.981262e-03
1.104054e+00 4.952256e-03 4.952564e-03 4.975543e-03 4.975840e-03
1.106054e+00 4.915361e-03 4.915665e-03 4.970209e-03 4.970505e-03
1.108054e+00 4.882329e-03 4.882629e-03 4.964984e-03 4.965279e-03
1.110054e+00 4.853612e-03 4.853908e-03 4.959884e-03 4.960178e-03
1.112054e+00 4.829582e-03 4.829875e-03 4.954927e-03 4.955220e-03
1.114054e+00 4.810533e-03 4.810822e-03 4.950123e-03 4.950416e-03
1.116054e+00 4.796679e-03 4.796965e-03 4.945483e-03 4.945775e-03
1.118054e+00 4.788161e-03 4.788445e-03 4.941013e-03 4.941304e-03
1.120054e+00 4.785047e-03 4.785328e-03 4.936716e-03 4.937005e-03
1.122054e+00 4.787332e-03 4.787611e-03 4.932589e-03 4.932879e-03
1.124054e+00 4.794937e-03 4.795214e-03 4.928631e-03 4.928919e-03
1.126054e+00 4.807710e-03 4.807986e-03 4.924832e-03 4.925119e-03
1.128054e+00 4.825426e-03 4.825700e-03 4.921182e-03 4.921469e-03
1.130054e+00 4.847779e-03 4.848053e-03 4.917666e-03 4.917953e-03
1.132054e+00 4.874389e-03 4.874662e-03 4.914269e-03 4.914555e-03
1.134054e+00 4.904792e-03 4.905066e-03 4.910971e-03 4.911256e-03
1.136054e+00 4.938445e-03 4.938718e-03 4.907749e-03 4.908034e-03
1.138054e+00 4.974722e-03 4.974997e-03 4.904583e-03 4.904866e-03
1.140054e+00 5.012923e-03 5.013198e-03 4.901445e-03 4.901728e-03
1.142054e+00 5.052273e-03 5.052550e-03 4.898313e-03 4.898595e-03
1.144054e+00 5.091937e-03 5.092216e-03 4.895159e-03 4.895441e-03
1.146054e+00 5.131031e-03 5.131312e-03 4.891959e-03 4.892240e-03
1.148054e+00 5.168638e-03 5.168921e-03 4.888688e-03 4.888969e-03
1.150054e+00 5.203834e-03 5.204120e-03 4.885323e-03 4.885603e-03
1.152054e+00 5.235711e-03 5.235999e-03 4.881841e-03 4.882121e-03
1.154054e+00 5.263405e-03 5.263696e-03 4.878224e-03 4.878503e-03
1.156054e+00 5.286128e-03 5.286421e-03 4.874453e-03 4.874731e-03
1.158054e+00 5.303197e-03 5.303493e-03 4.870515e-03 4.870792e-03
1.160054e+00 5.314061e-03 5.314359e-03 4.866398e-03 4.866675e-03
1.162054e+00 5.318326e-03 5.318626e-03 4.862094e-03 4.862370e-03
1.164054e+00 5.315771e-03 5.316073e-03 4.857599e-03 4.857875e-03
1.166054e+00 5.306358e-03 5.306661e-03 4.852913e-03 4.853188e-03
1.168054e+00 5.290235e-03 5.290539e-03 4.848037e-03 4.848312e-03
1.170054e+00 5.267727e-03 5.268031e-03 4.842979e-03 4.843253e-03
1.172054e+00 5.239322e-03 5.239626e-03 4.837749e-03 4.838022e-03
1.174054e+00 5.205651e-03 5.205954e-03 4.832360e-03 4.832632e-03
1.176054e+00 5.167458e-03 5.167760e-03 4.826828e-03 4.827099e-03
1.178054e+00 5.125575e-03 5.125876e-03 4.821171e-03 4.821442e-03
1.180054e+00 5.080889e-03 5.081187e-03 4.815412e-03 4.815682e-03
1.182054e+00 5.034314e-03 5.034609e-03 4.809572e-03 4.809842e-03
1.184054e+00 4.986762e-03 4.987055e-03 4.803677e-03 4.803946e-03
1.186054e+00 4.939126e-03 4.939416e-03 4.797752e-03 4.798020e-03
1.188054e+00 4.892252e-03 4.892539e-03 4.791822e-03 4.792090e-03
1.190054e+00 4.846933e-03 4.847215e-03 4.785914e-03 4.786181e-03
1.192054e+00 4.803890e-03 4.804170e-03 4.780052e-03 4.780318e-03
1.194054e+00 4.763775e-03 4.764050e-03 4.774261e-03 4.774526e-03
1.196054e+00 4.727158e-03 4.727430e-03 4.768562e-03 4.768826e-03
1.198054e+00 4.694531e-03 4.694800e-03 4.762977e-03 4.763241e-03
1.200054e+00 4.666310e-03 4.666574e-03 4.757524e-03 4.757787e-03
1.202054e+00 4.642830e-03 4.643091e-03 4.752218e-03 4.752480e-03
1.204054e+00 4.624356e-03 4.624614e-03 4.747071e-03 4.747333e-03
1.206054e+00 4.611079e-03 4.611334e-03 4.742094e-03 4.742355e-03
1.208054e+00 4.603122e-03 4.603375e-03 4.737291e-03 4.737551e-03
1.210054e+00 4.600540e-03 4.600790e-03 4.732666e-03 4.732925e-03
1.212054e+00 4.603318e-03 4.603566e-03 4.728216e-03 4.728475e-03
1.214054e+00 4.611378e-03 4.611624e-03 4.723938e-03 4.724196e-03
1.216054e+00 4.624570e-03 4.624815e-03 4.719822e-03 4.720079e-03
1.218054e+00 4.642678e-03 4.642922e-03 4.715856e-03 4.716113e-03
1.220054e+00 4.665409e-03 4.665652e-03 4.712026e-03 4.712282e-03
1.222054e+00 4.692399e-03 4.692642e-03 4.708315e-03 4.708570e-03
1.224054e+00 4.723207e-03 4.723450e-03 4.704701e-03 4.704955e-03
1.226054e+00 4.757311e-03 4.757554e-03 4.701161e-03 4.701415e-03
1.228054e+00 4.794112e-03 4.794357e-03 4.697673e-03 4.697926e-03
1.230054e+00 4.832936e-03 4.833181e-03 4.694208e-03 4.694461e-03
1.232054e+00 4.873034e-03 4.873281e-03 4.690742e-03 4.690995e-03
1.234054e+00 4.913594e-03 4.913842e-03 4.687247e-03 4.687499e-03
1.236054e+00 4.953751e-03 4.954001e-03 4.683696e-03 4.683947e-03
1.238054e+00 4.992603e-03 4.992855e-03 4.680063e-03 4.680313e-03
1.240054e+00 5.029231e-03 5.029486e-03 4.676322e-03 4.676572e-03
1.242054e+00 5.062726e-03 5.062984e-03 4.672450e-03 4.672700e-03
1.244054e+00 5.092212e-03 5.092472e-03 4.668425e-03 4.668675e-03
1.246054e+00 5.116878e-03 5.117141e-03 4.664229e-03 4.664478e-03
1.248054e+00 5.136008e-03 5.136273e-03 4.659846e-03 4.660094e-03
1.250054e+00 5.149008e-03 5.149276e-03 4.655261e-03 4.655509e-03
1.252054e+00 5.155434e-03 5.155703e-03 4.650467e-03 4.650714e-03
1.254054e+00 5.155005e-03 5.155277e-03 4.645456e-03 4.645702e-03
1.256054e+00 5.147625e-03 5.147898e-03 4.640226e-03 4.640472e-03
1.258054e+00 5.133377e-03 5.133651e-03 4.634780e-03 4.635025e-03
1.260054e+00 5.112527e-03 5.112802e-03 4.629121e-03 4.629366e-03
1.262054e+00 5.085508e-03 5.085783e-03 4.623260e-03 4.623505e-03
1.264054e+00 5.052901e-03 5.053175e-03 4.617209e-03 4.617452e-03
1.266054e+00 5.015409e-03 5.015683e-03 4.610982e-03 4.611225e-03
1.268054e+00 4.973834e-03 4.974107e-03 4.604598e-03 4.604841e-03
1.270054e+00 4.929040e-03 4.929311e-03 4.598079e-03 4.598321e-03
1.272054e+00 4.881930e-03 4.882198e-03 4.591448e-03 4.591689e-03
1.274054e+00 4.833413e-03 4.833679e-03 4.584728e-03 4.584969e-03
1.276054e+00 4.784384e-03 4.784647e-03 4.577947e-03 4.578187e-03
1.278054e+00 4.735702e-03 4.735962e-03 4.571130e-03 4.571369e-03
1.280054e+00 4.688174e-03 4.688430e-03 4.564305e-03 4.564544e-03
1.282054e+00 4.642544e-03 4.642797e-03 4.557499e-03 4.557736e-03
1.284054e+00 4.599485e-03 4.599735e-03 4.550736e-03 4.550973e-03
1.286054e+00 4.559596e-03 4.559842e-03 4.544041e-03 4.544278e-03
1.288054e+00 4.523396e-03 4.523639e-03 4.537438e-03 4.537673e-03
1.290054e+00 4.491331e-03 4.491570e-03 4.530946e-03 4.531181e-03
1.292054e+00 4.463770e-03 4.464006e-03 4.524583e-03 4.524817e-03
1.294054e+00 4.441012e-03 4.441245e-03 4.518365e-03 4.518598e-03
1.296054e+00 4.423285e-03 4.423515e-03 4.512303e-03 4.512536e-03
1.298054e+00 4.410752e-03 4.410980e-03 4.506406e-03 4.506638e-03
1.300054e+00 4.403513e-03 4.403739e-03 4.500678e-03 4.500909e-03
1.302054e+00 4.401604e-03 4.401827e-03 4.495121e-03 4.495352e-03
1.304054e+00 4.405000e-03 4.405221e-03 4.489732e-03 4.489963e-03
1.306054e+00 4.413612e-03 4.413832e-03 4.484506e-03 4.484735e-03
1.308054e+00 4.427290e-03 4.427508e-03 4.479432e-03 4.479661e-03
1.310054e+00 4.445818e-03 4.446035e-03 4.474496e-03 4.474725e-03
1.312054e+00 4.468910e-03 4.469126e-03 4.469684e-03 4.469911e-03
1.314054e+00 4.496211e-03 4.496427e-03 4.464974e-03 4.465201e-03
1.316054e+00 4.527293e-03 4.527509e-03 4.460346e-03 4.460572e-03
1.318054e+00 4.561651e-03 4.561867e-03 4.455774e-03 4.456000e-03
1.320054e+00 4.598702e-03 4.598920e-03 4.451232e-03 4.451458e-03
1.322054e+00 4.637791e-03 4.638010e-03 4.446694e-03 4.446919e-03
1.324054e+00 4.678188e-03 4.678408e-03 4.442130e-03 4.442354e-03
1.326054e+00 4.719099e-03 4.719320e-03 4.437511e-03 4.437735e-03
1.328054e+00 4.759674e-03 4.759897e-03 4.432809e-03 4.433032e-03
1.330054e+00 4.799024e-03 4.799250e-03 4.427995e-03 4.428218e-03
1.332054e+00 4.836239e-03 4.836466e-03 4.423042e-03 4.423265e-03
1.334054e+00 4.870408e-03 4.870639e-03 4.417925e-03 4.418147e-03
1.336054e+00 4.900653e-03 4.900886e-03 4.412620e-03 4.412842e-03
1.338054e+00 4.926150e-03 4.926385e-03 4.407107e-03 4.407328e-03
1.340054e+00 4.946163e-03 4.946401e-03 4.401367e-03 4.401587e-03
1.342054e+00 4.960071e-03 4.960311e-03 4.395385e-03 4.395605e-03
1.344054e+00 4.967396e-03 4.967638e-03 4.389149e-03 4.389369e-03
1.346054e+00 4.967820e-03 4.968064e-03 4.382653e-03 4.382872e-03
1.348054e+00 4.961202e-03 4.961447e-03 4.375892e-03 4.376111e-03
1.350054e+00 4.947583e-03 4.947831e-03 4.368866e-03 4.369084e-03
1.352054e+00 4.927187e-03 4.927435e-03 4.361579e-03 4.361796e-03
1.354054e+00 4.900403e-03 4.900652e-03 4.354038e-03 4.354255e-03
1.356054e+00 4.867777e-03 4.868025e-03 4.346255e-03 4.346471e-03
1.358054e+00 4.829981e-03 4.830228e-03 4.338243e-03 4.338458e-03
1.360054e+00 4.787789e-03 4.788036e-03 4.330020e-03 4.330235e-03
1.362054e+00 4.742048e-03 4.742293e-03 4.321607e-03 4.321822e-03
1.364054e+00 4.693646e-03 4.693889e-03 4.313027e-03 4.313241e-03
1.366054e+00 4.643487e-03 4.643728e-03 4.304303e-03 4.304516e-03
1.368054e+00 4.592466e-03 4.592704e-03 4.295461e-03 4.295674e-03
1.370054e+00 4.541444e-03 4.541679e-03 4.286529e-03 4.286741e-03
1.372054e+00 4.491236e-03 4.491469e-03 4.277533e-03 4.277744e-03
1.374054e+00 4.442599e-03 4.442828e-03 4.268501e-03 4.268711e-03
1.376054e+00 4.396218e-03 4.396444e-03 4.259458e-03 4.259668e-03
1.378054e+00 4.352708e-03 4.352930e-03 4.250431e-03 4.250640e-03
1.380054e+00 4.312606e-03 4.312825e-03 4.241442e-03 4.241650e-03
1.382054e+00 4.276376e-03 4.276592e-03 4.232514e-03 4.232722e-03
1.384054e+00 4.244410e-03 4.244623e-03 4.223666e-03 4.223872e-03
1.386054e+00 4.217028e-03 4.217238e-03 4.214913e-03 4.215119e-03
1.388054e+00 4.194485e-03 4.194691e-03 4.206270e-03 4.206475e-03
1.390054e+00 4.176970e-03 4.177174e-03 4.197746e-03 4.197950e-03
1.392054e+00 4.164614e-03 4.164815e-03 4.189347e-03 4.189551e-03
1.394054e+00 4.157488e-03 4.157687e-03 4.181075e-03 4.181279e-03
