# results/qpc_wx1.0_B_B6.npz: LDOS at x = 0, 1/(meV nm), Lorentzian; M_loc = 0.4476
# e-mu[meV] rho_up(eta=0.05) rho_dn(eta=0.05) rho_up(eta=0.1) rho_dn(eta=0.1)
-1.479685e+00 3.966775e-04 1.023006e-04 7.818768e-04 2.037661e-04
-1.477685e+00 3.988277e-04 1.025894e-04 7.860380e-04 2.043379e-04
-1.475685e+00 4.009967e-04 1.028795e-04 7.902344e-04 2.049124e-04
-1.473685e+00 4.031847e-04 1.031709e-04 7.944667e-04 2.054895e-04
-1.471685e+00 4.053920e-04 1.034638e-04 7.987351e-04 2.060694e-04
-1.469685e+00 4.076187e-04 1.037580e-04 8.030401e-04 2.066519e-04
-1.467685e+00 4.098651e-04 1.040536e-04 8.073822e-04 2.072371e-04
-1.465685e+00 4.121315e-04 1.043506e-04 8.117617e-04 2.078251e-04
-1.463685e+00 4.144181e-04 1.046490e-04 8.161792e-04 2.084159e-04
-1.461685e+00 4.167252e-04 1.049489e-04 8.206351e-04 2.090094e-04
-1.459685e+00 4.190530e-04 1.052501e-04 8.251299e-04 2.096057e-04
-1.457685e+00 4.214018e-04 1.055528e-04 8.296640e-04 2.102048e-04
-1.455685e+00 4.237718e-04 1.058569e-04 8.342379e-04 2.108068e-04
-1.453685e+00 4.261633e-04 1.061625e-04 8.388521e-04 2.114116e-04
-1.451685e+00 4.285767e-04 1.064696e-04 8.435070e-04 2.120192e-04
-1.449685e+00 4.310121e-04 1.067781e-04 8.482033e-04 2.126298e-04
-1.447685e+00 4.334699e-04 1.070881e-04 8.529413e-04 2.132433e-04
-1.445685e+00 4.359504e-04 1.073997e-04 8.577217e-04 2.138597e-04
-1.443685e+00 4.384538e-04 1.077127e-04 8.625449e-04 2.144791e-04
-1.441685e+00 4.409804e-04 1.080273e-04 8.674115e-04 2.151014e-04
-1.439685e+00 4.435306e-04 1.083433e-04 8.723220e-04 2.157267e-04
-1.437685e+00 4.461046e-04 1.086610e-04 8.772769e-04 2.163551e-04
-1.435685e+00 4.487028e-04 1.089801e-04 8.822769e-04 2.169865e-04
-1.433685e+00 4.513256e-04 1.093009e-04 8.873224e-04 2.176209e-04
-1.431685e+00 4.539731e-04 1.096232e-04 8.924142e-04 2.182584e-04
-1.429685e+00 4.566458e-04 1.099471e-04 8.975527e-04 2.188991e-04
-1.427685e+00 4.593440e-04 1.102726e-04 9.027385e-04 2.195428e-04
-1.425685e+00 4.620680e-04 1.105997e-04 9.079723e-04 2.201897e-04
-1.423685e+00 4.648182e-04 1.109284e-04 9.132547e-04 2.208398e-04
-1.421685e+00 4.675949e-04 1.112588e-04 9.185862e-04 2.214930e-04
-1.419685e+00 4.703986e-04 1.115908e-04 9.239677e-04 2.221495e-04
-1.417685e+00 4.732295e-04 1.119245e-04 9.293996e-04 2.228092e-04
-1.415685e+00 4.760880e-04 1.122598e-04 9.348826e-04 2.234722e-04
-1.413685e+00 4.789746e-04 1.125968e-04 9.404175e-04 2.241385e-04
-1.411685e+00 4.818897e-04 1.129356e-04 9.460049e-04 2.248080e-04
-1.409685e+00 4.848335e-04 1.132760e-04 9.516454e-04 2.254809e-04
-1.407685e+00 4.878065e-04 1.136181e-04 9.573399e-04 2.261572e-04
-1.405685e+00 4.908092e-04 1.139620e-04 9.630890e-04 2.268368e-04
-1.403685e+00 4.938420e-04 1.143076e-04 9.688934e-04 2.275199e-04
-1.401685e+00 4.969052e-04 1.146550e-04 9.747539e-04 2.282064e-04
-1.399685e+00 4.999993e-04 1.150042e-04 9.806713e-04 2.288963e-04
-1.397685e+00 5.031248e-04 1.153551e-04 9.866462e-04 2.295898e-04
-1.395685e+00 5.062822e-04 1.157079e-04 9.926796e-04 2.302867e-04
-1.393685e+00 5.094717e-04 1.160624e-04 9.987721e-04 2.309872e-04
-1.391685e+00 5.126941e-04 1.164188e-04 1.004925e-03 2.316912e-04
-1.389685e+00 5.159496e-04 1.167770e-04 1.011138e-03 2.323989e-04
-1.387685e+00 5.192389e-04 1.171371e-04 1.017413e-03 2.331101e-04
-1.385685e+00 5.225624e-04 1.174991e-04 1.023750e-03 2.338250e-04
-1.383685e+00 5.259206e-04 1.178629e-04 1.030151e-03 2.345436e-04
-1.381685e+00 5.293140e-04 1.182287e-04 1.036616e-03 2.352658e-04
-1.379685e+00 5.327432e-04 1.185963e-04 1.043147e-03 2.359918e-04
-1.377685e+00 5.362087e-04 1.189659e-04 1.049743e-03 2.367216e-04
-1.375685e+00 5.397110e-04 1.193375e-04 1.056406e-03 2.374551e-04
-1.373685e+00 5.432508e-04 1.197110e-04 1.063138e-03 2.381925e-04
-1.371685e+00 5.468286e-04 1.200864e-04 1.069938e-03 2.389337e-04
-1.369685e+00 5.504449e-04 1.204639e-04 1.076808e-03 2.396787e-04
-1.367685e+00 5.541004e-04 1.208434e-04 1.083749e-03 2.404277e-04
-1.365685e+00 5.577957e-04 1.212248e-04 1.090762e-03 2.411806e-04
-1.363685e+00 5.615313e-04 1.216084e-04 1.097848e-03 2.419375e-04
-1.361685e+00 5.653080e-04 1.219940e-04 1.105008e-03 2.426984e-04
-1.359685e+00 5.691264e-04 1.223816e-04 1.112243e-03 2.434633e-04
-1.357685e+00 5.729872e-04 1.227714e-04 1.119554e-03 2.442323e-04
-1.355685e+00 5.768909e-04 1.231632e-04 1.126943e-03 2.450053e-04
-1.353685e+00 5.808384e-04 1.235572e-04 1.134410e-03 2.457825e-04
-1.351685e+00 5.848303e-04 1.239534e-04 1.141956e-03 2.465639e-04
-1.349685e+00 5.888673e-04 1.243516e-04 1.149584e-03 2.473494e-04
-1.347685e+00 5.929503e-04 1.247521e-04 1.157293e-03 2.481392e-04
-1.345685e+00 5.970798e-04 1.251548e-04 1.165086e-03 2.489332e-04
-1.343685e+00 6.012568e-04 1.255596e-04 1.172963e-03 2.497315e-04
-1.341685e+00 6.054820e-04 1.259667e-04 1.180926e-03 2.505341e-04
-1.339685e+00 6.097562e-04 1.263761e-04 1.188976e-03 2.513411e-04
-1.337685e+00 6.140802e-04 1.267877e-04 1.197115e-03 2.521525e-04
-1.335685e+00 6.184549e-04 1.272016e-04 1.205343e-03 2.529684e-04
-1.333685e+00 6.228811e-04 1.276178e-04 1.213662e-03 2.537887e-04
-1.331685e+00 6.273598e-04 1.280364e-04 1.222074e-03 2.546135e-04
-1.329685e+00 6.318917e-04 1.284573e-04 1.230580e-03 2.554428e-04
-1.327685e+00 6.364780e-04 1.288805e-04 1.239181e-03 2.562768e-04
-1.325685e+00 6.411195e-04 1.293062e-04 1.247879e-03 2.571154e-04
-1.323685e+00 6.458171e-04 1.297343e-04 1.256676e-03 2.579586e-04
-1.321685e+00 6.505719e-04 1.301647e-04 1.265573e-03 2.588065e-04
-1.319685e+00 6.553850e-04 1.305977e-04 1.274571e-03 2.596592e-04
-1.317685e+00 6.602573e-04 1.310331e-04 1.283672e-03 2.605166e-04
-1.315685e+00 6.651899e-04 1.314710e-04 1.292879e-03 2.613789e-04
-1.313685e+00 6.701839e-04 1.319114e-04 1.302192e-03 2.622460e-04
-1.311685e+00 6.752405e-04 1.323544e-04 1.311613e-03 2.631180e-04
-1.309685e+00 6.803608e-04 1.327999e-04 1.321144e-03 2.639950e-04
-1.307685e+00 6.855460e-04 1.332480e-04 1.330787e-03 2.648769e-04
-1.305685e+00 6.907973e-04 1.336987e-04 1.340544e-03 2.657639e-04
-1.303685e+00 6.961160e-04 1.341520e-04 1.350416e-03 2.666559e-04
-1.301685e+00 7.015034e-04 1.346080e-04 1.360405e-03 2.675531e-04
-1.299685e+00 7.069607e-04 1.350667e-04 1.370514e-03 2.684554e-04
-1.297685e+00 7.124893e-04 1.355281e-04 1.380744e-03 2.693629e-04
-1.295685e+00 7.180907e-04 1.359922e-04 1.391097e-03 2.702757e-04
-1.293685e+00 7.237662e-04 1.364590e-04 1.401576e-03 2.711938e-04
-1.291685e+00 7.295174e-04 1.369286e-04 1.412182e-03 2.721172e-04
-1.289685e+00 7.353456e-04 1.374011e-04 1.422918e-03 2.730460e-04
-1.287685e+00 7.412526e-04 1.378763e-04 1.433786e-03 2.739802e-04
-1.285685e+00 7.472399e-04 1.383544e-04 1.444788e-03 2.749200e-04
-1.283685e+00 7.533091e-04 1.388354e-04 1.455926e-03 2.758652e-04
-1.281685e+00 7.594620e-04 1.393193e-04 1.467202e-03 2.768161e-04
-1.279685e+00 7.657002e-04 1.398062e-04 1.478620e-03 2.777726e-04
-1.277685e+00 7.720257e-04 1.402960e-04 1.490181e-03 2.787347e-04
-1.275685e+00 7.784402e-04 1.407887e-04 1.501889e-03 2.797027e-04
-1.273685e+00 7.849456e-04 1.412846e-04 1.513744e-03 2.806764e-04
-1.271685e+00 7.915439e-04 1.417834e-04 1.525751e-03 2.816559e-04
-1.269685e+00 7.982373e-04 1.422854e-04 1.537912e-03 2.826414e-04
-1.267685e+00 8.050276e-04 1.427904e-04 1.550229e-03 2.836328e-04
-1.265685e+00 8.119172e-04 1.432986e-04 1.562705e-03 2.846302e-04
-1.263685e+00 8.189082e-04 1.438100e-04 1.575343e-03 2.856337e-04
-1.261685e+00 8.260030e-04 1.443245e-04 1.588146e-03 2.866433e-04
-1.259685e+00 8.332038e-04 1.448423e-04 1.601116e-03 2.876591e-04
-1.257685e+00 8.405133e-04 1.453634e-04 1.614258e-03 2.886811e-04
-1.255685e+00 8.479339e-04 1.458878e-04 1.627573e-03 2.897094e-04
-1.253685e+00 8.554682e-04 1.464155e-04 1.641065e-03 2.907441e-04
-1.251685e+00 8.631190e-04 1.469465e-04 1.654737e-03 2.917851e-04
-1.249685e+00 8.708891e-04 1.474810e-04 1.668593e-03 2.928327e-04
-1.247685e+00 8.787813e-04 1.480189e-04 1.682635e-03 2.938868e-04
-1.245685e+00 8.867987e-04 1.485602e-04 1.696867e-03 2.949475e-04
-1.243685e+00 8.949444e-04 1.491051e-04 1.711292e-03 2.960149e-04
-1.241685e+00 9.032215e-04 1.496535e-04 1.725914e-03 2.970890e-04
-1.239685e+00 9.116334e-04 1.502055e-04 1.740737e-03 2.981699e-04
-1.237685e+00 9.201835e-04 1.507611e-04 1.755764e-03 2.992577e-04
-1.235685e+00 9.288753e-04 1.513204e-04 1.770999e-03 3.003524e-04
-1.233685e+00 9.377126e-04 1.518834e-04 1.786445e-03 3.014541e-04
-1.231685e+00 9.466991e-04 1.524501e-04 1.802107e-03 3.025629e-04
-1.229685e+00 9.558387e-04 1.530205e-04 1.817988e-03 3.036788e-04
-1.227685e+00 9.651355e-04 1.535948e-04 1.834092e-03 3.048019e-04
-1.225685e+00 9.745936e-04 1.541730e-04 1.850425e-03 3.059324e-04
-1.223685e+00 9.842173e-04 1.547550e-04 1.866988e-03 3.070702e-04
-1.221685e+00 9.940110e-04 1.553410e-04 1.883788e-03 3.082154e-04
-1.219685e+00 1.003979e-03 1.559310e-04 1.900828e-03 3.093681e-04
-1.217685e+00 1.014127e-03 1.565250e-04 1.918112e-03 3.105285e-04
-1.215685e+00 1.024458e-03 1.571230e-04 1.935646e-03 3.116965e-04
-1.213685e+00 1.034979e-03 1.577252e-04 1.953433e-03 3.128722e-04
-1.211685e+00 1.045693e-03 1.583316e-04 1.971478e-03 3.140558e-04
-1.209685e+00 1.056607e-03 1.589422e-04 1.989787e-03 3.152473e-04
-1.207685e+00 1.067725e-03 1.595570e-04 2.008363e-03 3.164467e-04
-1.205685e+00 1.079052e-03 1.601762e-04 2.027212e-03 3.176543e-04
-1.203685e+00 1.090594e-03 1.607997e-04 2.046339e-03 3.188700e-04
-1.201685e+00 1.102356e-03 1.614277e-04 2.065748e-03 3.200940e-04
-1.199685e+00 1.114344e-03 1.620601e-04 2.085446e-03 3.213263e-04
-1.197685e+00 1.126563e-03 1.626970e-04 2.105436e-03 3.225671e-04
-1.195685e+00 1.139019e-03 1.633386e-04 2.125726e-03 3.238164e-04
-1.193685e+00 1.151717e-03 1.639847e-04 2.146319e-03 3.250743e-04
-1.191685e+00 1.164662e-03 1.646356e-04 2.167222e-03 3.263409e-04
-1.189685e+00 1.177859e-03 1.652911e-04 2.188440e-03 3.276163e-04
-1.187685e+00 1.191315e-03 1.659515e-04 2.209979e-03 3.289006e-04
-1.185685e+00 1.205035e-03 1.666168e-04 2.231844e-03 3.301939e-04
-1.183685e+00 1.219023e-03 1.672870e-04 2.254043e-03 3.314963e-04
-1.181685e+00 1.233286e-03 1.679622e-04 2.276580e-03 3.328079e-04
-1.179685e+00 1.247828e-03 1.686424e-04 2.299463e-03 3.341289e-04
-1.177685e+00 1.262655e-03 1.693278e-04 2.322697e-03 3.354592e-04
-1.175685e+00 1.277773e-03 1.700184e-04 2.346288e-03 3.367991e-04
-1.173685e+00 1.293186e-03 1.707142e-04 2.370244e-03 3.381486e-04
-1.171685e+00 1.308901e-03 1.714153e-04 2.394571e-03 3.395078e-04
-1.169685e+00 1.324923e-03 1.721219e-04 2.419275e-03 3.408769e-04
-1.167685e+00 1.341258e-03 1.728339e-04 2.444365e-03 3.422559e-04
-1.165685e+00 1.357912e-03 1.735514e-04 2.469846e-03 3.436451e-04
-1.163685e+00 1.374892e-03 1.742746e-04 2.495725e-03 3.450444e-04
-1.161685e+00 1.392204e-03 1.750035e-04 2.522012e-03 3.464541e-04
-1.159685e+00 1.409854e-03 1.757382e-04 2.548712e-03 3.478742e-04
-1.157685e+00 1.427850e-03 1.764787e-04 2.575833e-03 3.493049e-04
-1.155685e+00 1.446200e-03 1.772252e-04 2.603383e-03 3.507463e-04
-1.153685e+00 1.464911e-03 1.779778e-04 2.631371e-03 3.521985e-04
-1.151685e+00 1.483990e-03 1.787364e-04 2.659804e-03 3.536617e-04
-1.149685e+00 1.503447e-03 1.795013e-04 2.688690e-03 3.551359e-04
-1.147685e+00 1.523289e-03 1.802725e-04 2.718038e-03 3.566214e-04
-1.145685e+00 1.543525e-03 1.810500e-04 2.747857e-03 3.581183e-04
-1.143685e+00 1.564166e-03 1.818341e-04 2.778154e-03 3.596266e-04
-1.141685e+00 1.585219e-03 1.826248e-04 2.808940e-03 3.611467e-04
-1.139685e+00 1.606696e-03 1.834222e-04 2.840224e-03 3.626784e-04
-1.137685e+00 1.628606e-03 1.842265e-04 2.872013e-03 3.642222e-04
-1.135685e+00 1.650959e-03 1.850376e-04 2.904319e-03 3.657780e-04
-1.133685e+00 1.673767e-03 1.858558e-04 2.937151e-03 3.673461e-04
-1.131685e+00 1.697040e-03 1.866812e-04 2.970518e-03 3.689265e-04
-1.129685e+00 1.720790e-03 1.875138e-04 3.004431e-03 3.705196e-04
-1.127685e+00 1.745029e-03 1.883538e-04 3.038900e-03 3.721253e-04
-1.125685e+00 1.769769e-03 1.892014e-04 3.073935e-03 3.737439e-04
-1.123685e+00 1.795022e-03 1.900566e-04 3.109548e-03 3.753756e-04
-1.121685e+00 1.820801e-03 1.909196e-04 3.145748e-03 3.770205e-04
-1.119685e+00 1.847120e-03 1.917905e-04 3.182548e-03 3.786787e-04
-1.117685e+00 1.873991e-03 1.926695e-04 3.219958e-03 3.803505e-04
-1.115685e+00 1.901430e-03 1.935568e-04 3.257990e-03 3.820361e-04
-1.113685e+00 1.929449e-03 1.944524e-04 3.296655e-03 3.837356e-04
-1.111685e+00 1.958064e-03 1.953565e-04 3.335967e-03 3.854492e-04
-1.109685e+00 1.987290e-03 1.962694e-04 3.375936e-03 3.871770e-04
-1.107685e+00 2.017143e-03 1.971911e-04 3.416575e-03 3.889194e-04
-1.105685e+00 2.047638e-03 1.981219e-04 3.457897e-03 3.906764e-04
-1.103685e+00 2.078791e-03 1.990619e-04 3.499916e-03 3.924483e-04
-1.101685e+00 2.110621e-03 2.000113e-04 3.542643e-03 3.942352e-04
-1.099685e+00 2.143144e-03 2.009704e-04 3.586092e-03 3.960374e-04
-1.097685e+00 2.176377e-03 2.019392e-04 3.630278e-03 3.978551e-04
-1.095685e+00 2.210340e-03 2.029181e-04 3.675213e-03 3.996885e-04
-1.093685e+00 2.245050e-03 2.039072e-04 3.720913e-03 4.015377e-04
-1.091685e+00 2.280528e-03 2.049067e-04 3.767390e-03 4.034030e-04
-1.089685e+00 2.316793e-03 2.059170e-04 3.814661e-03 4.052847e-04
-1.087685e+00 2.353866e-03 2.069382e-04 3.862739e-03 4.071829e-04
-1.085685e+00 2.391767e-03 2.079705e-04 3.911640e-03 4.090978e-04
-1.083685e+00 2.430518e-03 2.090143e-04 3.961380e-03 4.110297e-04
-1.081685e+00 2.470141e-03 2.100698e-04 4.011973e-03 4.129789e-04
-1.079685e+00 2.510660e-03 2.111373e-04 4.063436e-03 4.149454e-04
-1.077685e+00 2.552097e-03 2.122170e-04 4.115785e-03 4.169297e-04
-1.075685e+00 2.594476e-03 2.133093e-04 4.169037e-03 4.189318e-04
-1.073685e+00 2.637823e-03 2.144144e-04 4.223207e-03 4.209521e-04
-1.071685e+00 2.682162e-03 2.155327e-04 4.278313e-03 4.229908e-04
-1.069685e+00 2.727520e-03 2.166644e-04 4.334373e-03 4.250481e-04
-1.067685e+00 2.773924e-03 2.178099e-04 4.391402e-03 4.271243e-04
-1.065685e+00 2.821401e-03 2.189696e-04 4.449420e-03 4.292196e-04
-1.063685e+00 2.869980e-03 2.201438e-04 4.508445e-03 4.313343e-04
-1.061685e+00 2.919689e-03 2.213327e-04 4.568493e-03 4.334687e-04
-1.059685e+00 2.970559e-03 2.225368e-04 4.629584e-03 4.356229e-04
-1.057685e+00 3.022620e-03 2.237564e-04 4.691737e-03 4.377972e-04
-1.055685e+00 3.075904e-03 2.249919e-04 4.754970e-03 4.399920e-04
-1.053685e+00 3.130444e-03 2.262436e-04 4.819302e-03 4.422074e-04
-1.051685e+00 3.186272e-03 2.275118e-04 4.884754e-03 4.444438e-04
-1.049685e+00 3.243424e-03 2.287969e-04 4.951344e-03 4.467014e-04
-1.047685e+00 3.301936e-03 2.300992e-04 5.019092e-03 4.489804e-04
-1.045685e+00 3.361842e-03 2.314191e-04 5.088019e-03 4.512811e-04
-1.043685e+00 3.423180e-03 2.327569e-04 5.158144e-03 4.536039e-04
-1.041685e+00 3.485989e-03 2.341128e-04 5.229489e-03 4.559490e-04
-1.039685e+00 3.550308e-03 2.354872e-04 5.302074e-03 4.583166e-04
-1.037685e+00 3.616175e-03 2.368803e-04 5.375919e-03 4.607070e-04
-1.035685e+00 3.683633e-03 2.382923e-04 5.451046e-03 4.631206e-04
-1.033685e+00 3.752724e-03 2.397236e-04 5.527476e-03 4.655576e-04
-1.031685e+00 3.823491e-03 2.411742e-04 5.605230e-03 4.680182e-04
-1.029685e+00 3.895980e-03 2.426444e-04 5.684330e-03 4.705028e-04
-1.027685e+00 3.970237e-03 2.441345e-04 5.764797e-03 4.730117e-04
-1.025685e+00 4.046311e-03 2.456444e-04 5.846652e-03 4.755452e-04
-1.023685e+00 4.124248e-03 2.471745e-04 5.929919e-03 4.781035e-04
-1.021685e+00 4.204100e-03 2.487249e-04 6.014617e-03 4.806869e-04
-1.019685e+00 4.285917e-03 2.502956e-04 6.100769e-03 4.832958e-04
-1.017685e+00 4.369750e-03 2.518869e-04 6.188398e-03 4.859304e-04
-1.015685e+00 4.455652e-03 2.534989e-04 6.277524e-03 4.885911e-04
-1.013685e+00 4.543676e-03 2.551318e-04 6.368169e-03 4.912782e-04
-1.011685e+00 4.633878e-03 2.567857e-04 6.460356e-03 4.939919e-04
-1.009685e+00 4.726314e-03 2.584607e-04 6.554105e-03 4.967327e-04
-1.007685e+00 4.821044e-03 2.601572e-04 6.649439e-03 4.995007e-04
-1.005685e+00 4.918128e-03 2.618752e-04 6.746378e-03 5.022964e-04
-1.003685e+00 5.017629e-03 2.636151e-04 6.844944e-03 5.051201e-04
-1.001685e+00 5.119612e-03 2.653770e-04 6.945157e-03 5.079721e-04
-9.996851e-01 5.224142e-03 2.671611e-04 7.047039e-03 5.108527e-04
-9.976851e-01 5.331286e-03 2.689679e-04 7.150609e-03 5.137623e-04
-9.956851e-01 5.441112e-03 2.707974e-04 7.255887e-03 5.167013e-04
-9.936851e-01 5.553685e-03 2.726501e-04 7.362894e-03 5.196699e-04
-9.916851e-01 5.669074e-03 2.745262e-04 7.471647e-03 5.226685e-04
-9.896851e-01 5.787347e-03 2.764261e-04 7.582166e-03 5.256975e-04
-9.876851e-01 5.908573e-03 2.783502e-04 7.694469e-03 5.287573e-04
-9.856851e-01 6.032823e-03 2.802986e-04 7.808573e-03 5.318483e-04
-9.836851e-01 6.160170e-03 2.822719e-04 7.924494e-03 5.349707e-04
-9.816851e-01 6.290691e-03 2.842704e-04 8.042249e-03 5.381250e-04
-9.796851e-01 6.424465e-03 2.862944e-04 8.161853e-03 5.413116e-04
-9.776851e-01 6.561574e-03 2.883445e-04 8.283320e-03 5.445308e-04
-9.756851e-01 6.702101e-03 2.904209e-04 8.406663e-03 5.477831e-04
-9.736851e-01 6.846132e-03 2.925240e-04 8.531895e-03 5.510689e-04
-9.716851e-01 6.993752e-03 2.946544e-04 8.659027e-03 5.543885e-04
-9.696851e-01 7.145042e-03 2.968124e-04 8.788068e-03 5.577425e-04
-9.676851e-01 7.300084e-03 2.989985e-04 8.919028e-03 5.611311e-04
-9.656851e-01 7.458957e-03 3.012131e-04 9.051914e-03 5.645548e-04
-9.636851e-01 7.621737e-03 3.034567e-04 9.186732e-03 5.680141e-04
-9.616851e-01 7.788500e-03 3.057297e-04 9.323486e-03 5.715094e-04
-9.596851e-01 7.959321e-03 3.080325e-04 9.462179e-03 5.750411e-04
-9.576851e-01 8.134277e-03 3.103657e-04 9.602812e-03 5.786097e-04
-9.556851e-01 8.313449e-03 3.127298e-04 9.745385e-03 5.822157e-04
-9.536851e-01 8.496921e-03 3.151252e-04 9.889893e-03 5.858594e-04
-9.516851e-01 8.684781e-03 3.175524e-04 1.003633e-02 5.895414e-04
-9.496851e-01 8.877120e-03 3.200119e-04 1.018470e-02 5.932621e-04
-9.476851e-01 9.074030e-03 3.225043e-04 1.033498e-02 5.970221e-04
-9.456851e-01 9.275601e-03 3.250300e-04 1.048716e-02 6.008217e-04
-9.436851e-01 9.481918e-03 3.275896e-04 1.064124e-02 6.046616e-04
-9.416851e-01 9.693059e-03 3.301836e-04 1.079719e-02 6.085421e-04
-9.396851e-01 9.909094e-03 3.328125e-04 1.095499e-02 6.124638e-04
-9.376851e-01 1.013008e-02 3.354769e-04 1.111462e-02 6.164272e-04
-9.356851e-01 1.035607e-02 3.381774e-04 1.127606e-02 6.204328e-04
-9.336851e-01 1.058709e-02 3.409144e-04 1.143928e-02 6.244811e-04
-9.316851e-01 1.082319e-02 3.436886e-04 1.160424e-02 6.285727e-04
-9.296851e-01 1.106439e-02 3.465006e-04 1.177092e-02 6.327080e-04
-9.276851e-01 1.131074e-02 3.493509e-04 1.193927e-02 6.368878e-04
-9.256851e-01 1.156226e-02 3.522401e-04 1.210925e-02 6.411123e-04
-9.236851e-01 1.181899e-02 3.551688e-04 1.228083e-02 6.453824e-04
-9.216851e-01 1.208099e-02 3.581376e-04 1.245394e-02 6.496984e-04
-9.196851e-01 1.234830e-02 3.611472e-04 1.262853e-02 6.540610e-04
-9.176851e-01 1.262095e-02 3.641982e-04 1.280456e-02 6.584707e-04
-9.156851e-01 1.289897e-02 3.672912e-04 1.298195e-02 6.629281e-04
-9.136851e-01 1.318237e-02 3.704268e-04 1.316065e-02 6.674338e-04
-9.116851e-01 1.347113e-02 3.736058e-04 1.334058e-02 6.719885e-04
-9.096851e-01 1.376521e-02 3.768287e-04 1.352168e-02 6.765926e-04
-9.076851e-01 1.406454e-02 3.800963e-04 1.370386e-02 6.812468e-04
-9.056851e-01 1.436901e-02 3.834091e-04 1.388705e-02 6.859517e-04
-9.036851e-01 1.467850e-02 3.867680e-04 1.407115e-02 6.907080e-04
-9.016851e-01 1.499286e-02 3.901735e-04 1.425608e-02 6.955162e-04
-8.996851e-01 1.531194e-02 3.936264e-04 1.444175e-02 7.003771e-04
-8.976851e-01 1.563559e-02 3.971275e-04 1.462805e-02 7.052912e-04
-8.956851e-01 1.596365e-02 4.006775e-04 1.481488e-02 7.102591e-04
-8.936851e-01 1.629599e-02 4.042770e-04 1.500213e-02 7.152817e-04
-8.916851e-01 1.663246e-02 4.079270e-04 1.518969e-02 7.203594e-04
-8.896851e-01 1.697292e-02 4.116281e-04 1.537746e-02 7.254930e-04
-8.876851e-01 1.731722e-02 4.153811e-04 1.556529e-02 7.306832e-04
-8.856851e-01 1.766520e-02 4.191867e-04 1.575308e-02 7.359307e-04
-8.836851e-01 1.801663e-02 4.230458e-04 1.594070e-02 7.412360e-04
-8.816851e-01 1.837126e-02 4.269590e-04 1.612800e-02 7.466000e-04
-8.796851e-01 1.872877e-02 4.309272e-04 1.631487e-02 7.520234e-04
-8.776851e-01 1.908880e-02 4.349512e-04 1.650115e-02 7.575068e-04
-8.756851e-01 1.945089e-02 4.390319e-04 1.668671e-02 7.630510e-04
-8.736851e-01 1.981458e-02 4.431701e-04 1.687140e-02 7.686568e-04
-8.716851e-01 2.017934e-02 4.473668e-04 1.705508e-02 7.743247e-04
-8.696851e-01 2.054464e-02 4.516230e-04 1.723759e-02 7.800557e-04
-8.676851e-01 2.090995e-02 4.559393e-04 1.741878e-02 7.858505e-04
-8.656851e-01 2.127475e-02 4.603169e-04 1.759851e-02 7.917097e-04
-8.636851e-01 2.163857e-02 4.647565e-04 1.777660e-02 7.976342e-04
-8.616851e-01 2.200094e-02 4.692589e-04 1.795292e-02 8.036248e-04
-8.596851e-01 2.236146e-02 4.738250e-04 1.812729e-02 8.096822e-04
-8.576851e-01 2.271971e-02 4.784556e-04 1.829957e-02 8.158073e-04
-8.556851e-01 2.307530e-02 4.831518e-04 1.846959e-02 8.220008e-04
-8.536851e-01 2.342781e-02 4.879143e-04 1.863719e-02 8.282636e-04
-8.516851e-01 2.377675e-02 4.927444e-04 1.880222e-02 8.345963e-04
-8.496851e-01 2.412159e-02 4.976429e-04 1.896453e-02 8.410000e-04
-8.476851e-01 2.446172e-02 5.026112e-04 1.912395e-02 8.474754e-04
-8.456851e-01 2.479644e-02 5.076502e-04 1.928033e-02 8.540234e-04
-8.436851e-01 2.512500e-02 5.127612e-04 1.943352e-02 8.606447e-04
-8.416851e-01 2.544659e-02 5.179453e-04 1.958339e-02 8.673403e-04
-8.396851e-01 2.576041e-02 5.232034e-04 1.972977e-02 8.741110e-04
-8.376851e-01 2.606565e-02 5.285365e-04 1.987253e-02 8.809577e-04
-8.356851e-01 2.636160e-02 5.339455e-04 2.001153e-02 8.878812e-04
-8.336851e-01 2.664760e-02 5.394313e-04 2.014664e-02 8.948826e-04
-8.316851e-01 2.692313e-02 5.449948e-04 2.027774e-02 9.019625e-04
-8.296851e-01 2.718778e-02 5.506369e-04 2.040469e-02 9.091220e-04
-8.276851e-01 2.744124e-02 5.563587e-04 2.052739e-02 9.163620e-04
-8.256851e-01 2.768331e-02 5.621615e-04 2.064571e-02 9.236834e-04
-8.236851e-01 2.791384e-02 5.680466e-04 2.075956e-02 9.310870e-04
-8.216851e-01 2.813268e-02 5.740156e-04 2.086884e-02 9.385739e-04
-8.196851e-01 2.833969e-02 5.800698e-04 2.097345e-02 9.461450e-04
-8.176851e-01 2.853465e-02 5.862109e-04 2.107332e-02 9.538012e-04
-8.156851e-01 2.871729e-02 5.924403e-04 2.116835e-02 9.615435e-04
-8.136851e-01 2.888724e-02 5.987593e-04 2.125849e-02 9.693729e-04
-8.116851e-01 2.904405e-02 6.051689e-04 2.134367e-02 9.772903e-04
-8.096851e-01 2.918725e-02 6.116703e-04 2.142384e-02 9.852967e-04
-8.076851e-01 2.931636e-02 6.182641e-04 2.149894e-02 9.933932e-04
-8.056851e-01 2.943093e-02 6.249511e-04 2.156895e-02 1.001581e-03
-8.036851e-01 2.953062e-02 6.317323e-04 2.163383e-02 1.009860e-03
-8.016851e-01 2.961522e-02 6.386085e-04 2.169355e-02 1.018233e-03
-7.996851e-01 2.968471e-02 6.455809e-04 2.174812e-02 1.026699e-03
-7.976851e-01 2.973924e-02 6.526509e-04 2.179750e-02 1.035261e-03
-7.956851e-01 2.977915e-02 6.598205e-04 2.184172e-02 1.043918e-03
-7.936851e-01 2.980491e-02 6.670914e-04 2.188078e-02 1.052673e-03
-7.916851e-01 2.981713e-02 6.744659e-04 2.191469e-02 1.061526e-03
-7.896851e-01 2.981646e-02 6.819462e-04 2.194349e-02 1.070478e-03
-7.876851e-01 2.980355e-02 6.895343e-04 2.196720e-02 1.079531e-03
-7.856851e-01 2.977899e-02 6.972320e-04 2.198586e-02 1.088685e-03
-7.836851e-01 2.974326e-02 7.050408e-04 2.199952e-02 1.097941e-03
-7.816851e-01 2.969673e-02 7.129616e-04 2.200823e-02 1.107302e-03
-7.796851e-01 2.963960e-02 7.209953e-04 2.201205e-02 1.116766e-03
-7.776851e-01 2.957195e-02 7.291424e-04 2.201105e-02 1.126337e-03
-7.756851e-01 2.949380e-02 7.374031e-04 2.200529e-02 1.136014e-03
-7.736851e-01 2.940507e-02 7.457779e-04 2.199486e-02 1.145799e-03
-7.716851e-01 2.930572e-02 7.542677e-04 2.197983e-02 1.155693e-03
-7.696851e-01 2.919579e-02 7.628736e-04 2.196030e-02 1.165698e-03
-7.676851e-01 2.907540e-02 7.715974e-04 2.193635e-02 1.175814e-03
-7.656851e-01 2.894487e-02 7.804415e-04 2.190808e-02 1.186042e-03
-7.636851e-01 2.880466e-02 7.894088e-04 2.187558e-02 1.196384e-03
-7.616851e-01 2.865542e-02 7.985024e-04 2.183897e-02 1.206841e-03
-7.596851e-01 2.849796e-02 8.077256e-04 2.179835e-02 1.217414e-03
-7.576851e-01 2.833317e-02 8.170815e-04 2.175382e-02 1.228104e-03
-7.556851e-01 2.816202e-02 8.265729e-04 2.170549e-02 1.238912e-03
-7.536851e-01 2.798545e-02 8.362017e-04 2.165349e-02 1.249839e-03
-7.516851e-01 2.780434e-02 8.459693e-04 2.159792e-02 1.260887e-03
-7.496851e-01 2.761943e-02 8.558761e-04 2.153891e-02 1.272057e-03
-7.476851e-01 2.743131e-02 8.659220e-04 2.147656e-02 1.283350e-03
-7.456851e-01 2.724038e-02 8.761065e-04 2.141100e-02 1.294767e-03
-7.436851e-01 2.704682e-02 8.864290e-04 2.134235e-02 1.306309e-03
-7.416851e-01 2.685069e-02 8.968891e-04 2.127072e-02 1.317978e-03
-7.396851e-01 2.665187e-02 9.074872e-04 2.119623e-02 1.329774e-03
-7.376851e-01 2.645021e-02 9.182245e-04 2.111901e-02 1.341700e-03
-7.356851e-01 2.624548e-02 9.291033e-04 2.103917e-02 1.353756e-03
-7.336851e-01 2.603755e-02 9.401271e-04 2.095683e-02 1.365943e-03
-7.316851e-01 2.582633e-02 9.513003e-04 2.087210e-02 1.378262e-03
-7.296851e-01 2.561191e-02 9.626277e-04 2.078510e-02 1.390716e-03
-7.276851e-01 2.539452e-02 9.741148e-04 2.069595e-02 1.403304e-03
-7.256851e-01 2.517454e-02 9.857663e-04 2.060476e-02 1.416029e-03
-7.236851e-01 2.495254e-02 9.975865e-04 2.051164e-02 1.428891e-03
-7.216851e-01 2.472919e-02 1.009578e-03 2.041669e-02 1.441891e-03
-7.196851e-01 2.450524e-02 1.021743e-03 2.032004e-02 1.455032e-03
-7.176851e-01 2.428145e-02 1.034082e-03 2.022177e-02 1.468313e-03
-7.156851e-01 2.405857e-02 1.046592e-03 2.012200e-02 1.481737e-03
-7.136851e-01 2.383721e-02 1.059273e-03 2.002083e-02 1.495305e-03
-7.116851e-01 2.361789e-02 1.072120e-03 1.991835e-02 1.509017e-03
-7.096851e-01 2.340094e-02 1.085132e-03 1.981466e-02 1.522875e-03
-7.076851e-01 2.318648e-02 1.098306e-03 1.970986e-02 1.536881e-03
-7.056851e-01 2.297449e-02 1.111643e-03 1.960403e-02 1.551035e-03
-7.036851e-01 2.276475e-02 1.125144e-03 1.949726e-02 1.565338e-03
-7.016851e-01 2.255691e-02 1.138813e-03 1.938965e-02 1.579793e-03
-6.996851e-01 2.235057e-02 1.152654e-03 1.928127e-02 1.594399e-03
-6.976851e-01 2.214526e-02 1.166676e-03 1.917220e-02 1.609159e-03
-6.956851e-01 2.194057e-02 1.180886e-03 1.906252e-02 1.624073e-03
-6.936851e-01 2.173615e-02 1.195293e-03 1.895231e-02 1.639142e-03
-6.916851e-01 2.153178e-02 1.209905e-03 1.884165e-02 1.654369e-03
-6.896851e-01 2.132738e-02 1.224728e-03 1.873059e-02 1.669754e-03
-6.876851e-01 2.112307e-02 1.239767e-03 1.861920e-02 1.685298e-03
-6.856851e-01 2.091909e-02 1.255024e-03 1.850757e-02 1.701002e-03
-6.836851e-01 2.071586e-02 1.270497e-03 1.839573e-02 1.716868e-03
-6.816851e-01 2.051388e-02 1.286182e-03 1.828377e-02 1.732896e-03
-6.796851e-01 2.031373e-02 1.302076e-03 1.817173e-02 1.749089e-03
-6.776851e-01 2.011599e-02 1.318170e-03 1.805966e-02 1.765446e-03
-6.756851e-01 1.992123e-02 1.334458e-03 1.794763e-02 1.781970e-03
-6.736851e-01 1.972990e-02 1.350935e-03 1.783569e-02 1.798661e-03
-6.716851e-01 1.954235e-02 1.367597e-03 1.772387e-02 1.815520e-03
-6.696851e-01 1.935876e-02 1.384442e-03 1.761223e-02 1.832549e-03
-6.676851e-01 1.917915e-02 1.401475e-03 1.750081e-02 1.849748e-03
-6.656851e-01 1.900336e-02 1.418701e-03 1.738966e-02 1.867119e-03
-6.636851e-01 1.883110e-02 1.436130e-03 1.727881e-02 1.884663e-03
-6.616851e-01 1.866194e-02 1.453776e-03 1.716830e-02 1.902381e-03
-6.596851e-01 1.849537e-02 1.471651e-03 1.705816e-02 1.920273e-03
-6.576851e-01 1.833083e-02 1.489769e-03 1.694843e-02 1.938342e-03
-6.556851e-01 1.816779e-02 1.508144e-03 1.683914e-02 1.956587e-03
-6.536851e-01 1.800577e-02 1.526785e-03 1.673032e-02 1.975010e-03
-6.516851e-01 1.784438e-02 1.545698e-03 1.662199e-02 1.993613e-03
-6.496851e-01 1.768339e-02 1.564883e-03 1.651419e-02 2.012395e-03
-6.476851e-01 1.752271e-02 1.584338e-03 1.640694e-02 2.031357e-03
-6.456851e-01 1.736240e-02 1.604054e-03 1.630027e-02 2.050502e-03
-6.436851e-01 1.720269e-02 1.624019e-03 1.619419e-02 2.069829e-03
-6.416851e-01 1.704394e-02 1.644220e-03 1.608872e-02 2.089340e-03
-6.396851e-01 1.688660e-02 1.664641e-03 1.598389e-02 2.109035e-03
-6.376851e-01 1.673119e-02 1.685272e-03 1.587971e-02 2.128916e-03
-6.356851e-01 1.657822e-02 1.706101e-03 1.577621e-02 2.148982e-03
-6.336851e-01 1.642818e-02 1.727125e-03 1.567339e-02 2.169236e-03
-6.316851e-01 1.628149e-02 1.748344e-03 1.557127e-02 2.189677e-03
-6.296851e-01 1.613845e-02 1.769767e-03 1.546987e-02 2.210306e-03
-6.276851e-01 1.599922e-02 1.791406e-03 1.536919e-02 2.231125e-03
-6.256851e-01 1.586381e-02 1.813280e-03 1.526924e-02 2.252133e-03
-6.236851e-01 1.573208e-02 1.835412e-03 1.517005e-02 2.273333e-03
-6.216851e-01 1.560373e-02 1.857825e-03 1.507160e-02 2.294723e-03
-6.196851e-01 1.547837e-02 1.880540e-03 1.497392e-02 2.316305e-03
-6.176851e-01 1.535550e-02 1.903577e-03 1.487701e-02 2.338080e-03
-6.156851e-01 1.523455e-02 1.926949e-03 1.478088e-02 2.360047e-03
-6.136851e-01 1.511497e-02 1.950662e-03 1.468552e-02 2.382208e-03
-6.116851e-01 1.499623e-02 1.974713e-03 1.459095e-02 2.404563e-03
-6.096851e-01 1.487788e-02 1.999093e-03 1.449717e-02 2.427113e-03
-6.076851e-01 1.475957e-02 2.023783e-03 1.440417e-02 2.449857e-03
-6.056851e-01 1.464111e-02 2.048760e-03 1.431197e-02 2.472797e-03
-6.036851e-01 1.452243e-02 2.073998e-03 1.422057e-02 2.495933e-03
-6.016851e-01 1.440363e-02 2.099469e-03 1.412996e-02 2.519264e-03
-5.996851e-01 1.428495e-02 2.125150e-03 1.404015e-02 2.542792e-03
-5.976851e-01 1.416675e-02 2.151020e-03 1.395114e-02 2.566516e-03
-5.956851e-01 1.404946e-02 2.177070e-03 1.386293e-02 2.590436e-03
-5.936851e-01 1.393359e-02 2.203298e-03 1.377552e-02 2.614554e-03
-5.916851e-01 1.381965e-02 2.229714e-03 1.368891e-02 2.638869e-03
-5.896851e-01 1.370811e-02 2.256338e-03 1.360310e-02 2.663381e-03
-5.876851e-01 1.359937e-02 2.283198e-03 1.351808e-02 2.688090e-03
-5.856851e-01 1.349374e-02 2.310330e-03 1.343385e-02 2.712997e-03
-5.836851e-01 1.339141e-02 2.337771e-03 1.335042e-02 2.738100e-03
-5.816851e-01 1.329242e-02 2.365559e-03 1.326777e-02 2.763401e-03
-5.796851e-01 1.319667e-02 2.393726e-03 1.318591e-02 2.788899e-03
-5.776851e-01 1.310392e-02 2.422299e-03 1.310484e-02 2.814594e-03
-5.756851e-01 1.301381e-02 2.451289e-03 1.302454e-02 2.840485e-03
-5.736851e-01 1.292589e-02 2.480700e-03 1.294501e-02 2.866573e-03
-5.716851e-01 1.283962e-02 2.510518e-03 1.286625e-02 2.892857e-03
-5.696851e-01 1.275447e-02 2.540717e-03 1.278825e-02 2.919336e-03
-5.676851e-01 1.266990e-02 2.571261e-03 1.271100e-02 2.946011e-03
-5.656851e-01 1.258541e-02 2.602106e-03 1.263451e-02 2.972880e-03
-5.636851e-01 1.250061e-02 2.633204e-03 1.255877e-02 2.999944e-03
-5.616851e-01 1.241519e-02 2.664505e-03 1.248377e-02 3.027201e-03
-5.596851e-01 1.232901e-02 2.695970e-03 1.240950e-02 3.054651e-03
-5.576851e-01 1.224206e-02 2.727566e-03 1.233596e-02 3.082294e-03
-5.556851e-01 1.215446e-02 2.759275e-03 1.226315e-02 3.110128e-03
-5.536851e-01 1.206647e-02 2.791095e-03 1.219105e-02 3.138153e-03
-5.516851e-01 1.197846e-02 2.823043e-03 1.211967e-02 3.166368e-03
-5.496851e-01 1.189090e-02 2.855150e-03 1.204900e-02 3.194772e-03
-5.476851e-01 1.180426e-02 2.887463e-03 1.197903e-02 3.223365e-03
-5.456851e-01 1.171906e-02 2.920039e-03 1.190976e-02 3.252145e-03
-5.436851e-01 1.163577e-02 2.952938e-03 1.184117e-02 3.281111e-03
-5.416851e-01 1.155481e-02 2.986221e-03 1.177328e-02 3.310262e-03
-5.396851e-01 1.147649e-02 3.019943e-03 1.170606e-02 3.339597e-03
-5.376851e-01 1.140102e-02 3.054146e-03 1.163951e-02 3.369115e-03
-5.356851e-01 1.132849e-02 3.088853e-03 1.157364e-02 3.398814e-03
-5.336851e-01 1.125883e-02 3.124070e-03 1.150842e-02 3.428693e-03
-5.316851e-01 1.119186e-02 3.159781e-03 1.144386e-02 3.458751e-03
-5.296851e-01 1.112726e-02 3.195948e-03 1.137994e-02 3.488986e-03
-5.276851e-01 1.106463e-02 3.232513e-03 1.131666e-02 3.519396e-03
-5.256851e-01 1.100349e-02 3.269406e-03 1.125402e-02 3.549980e-03
-5.236851e-01 1.094330e-02 3.306547e-03 1.119200e-02 3.580736e-03
-5.216851e-01 1.088353e-02 3.343855e-03 1.113059e-02 3.611662e-03
-5.196851e-01 1.082367e-02 3.381252e-03 1.106980e-02 3.642757e-03
-5.176851e-01 1.076328e-02 3.418676e-03 1.100961e-02 3.674019e-03
-5.156851e-01 1.070200e-02 3.456082e-03 1.095002e-02 3.705445e-03
-5.136851e-01 1.063958e-02 3.493449e-03 1.089101e-02 3.737034e-03
-5.116851e-01 1.057594e-02 3.530783e-03 1.083259e-02 3.768784e-03
-5.096851e-01 1.051109e-02 3.568118e-03 1.077474e-02 3.800693e-03
-5.076851e-01 1.044520e-02 3.605510e-03 1.071747e-02 3.832758e-03
-5.056851e-01 1.037856e-02 3.643038e-03 1.066076e-02 3.864978e-03
-5.036851e-01 1.031155e-02 3.680794e-03 1.060460e-02 3.897350e-03
-5.016851e-01 1.024465e-02 3.718876e-03 1.054901e-02 3.929871e-03
-4.996851e-01 1.017833e-02 3.757379e-03 1.049395e-02 3.962541e-03
-4.976851e-01 1.011312e-02 3.796385e-03 1.043944e-02 3.995355e-03
-4.956851e-01 1.004948e-02 3.835958e-03 1.038547e-02 4.028312e-03
-4.936851e-01 9.987827e-03 3.876134e-03 1.033203e-02 4.061409e-03
-4.916851e-01 9.928505e-03 3.916919e-03 1.027911e-02 4.094643e-03
-4.896851e-01 9.871733e-03 3.958284e-03 1.022672e-02 4.128011e-03
-4.876851e-01 9.817619e-03 4.000170e-03 1.017484e-02 4.161511e-03
-4.856851e-01 9.766140e-03 4.042487e-03 1.012346e-02 4.195139e-03
-4.836851e-01 9.717148e-03 4.085123e-03 1.007259e-02 4.228893e-03
-4.816851e-01 9.670377e-03 4.127953e-03 1.002221e-02 4.262770e-03
-4.796851e-01 9.625458e-03 4.170845e-03 9.972315e-03 4.296766e-03
-4.776851e-01 9.581941e-03 4.213676e-03 9.922905e-03 4.330879e-03
-4.756851e-01 9.539322e-03 4.256336e-03 9.873970e-03 4.365104e-03
-4.736851e-01 9.497074e-03 4.298747e-03 9.825503e-03 4.399440e-03
-4.716851e-01 9.454679e-03 4.340860e-03 9.777498e-03 4.433883e-03
-4.696851e-01 9.411662e-03 4.382671e-03 9.729947e-03 4.468429e-03
-4.676851e-01 9.367621e-03 4.424212e-03 9.682845e-03 4.503076e-03
-4.656851e-01 9.322249e-03 4.465558e-03 9.636187e-03 4.537819e-03
-4.636851e-01 9.275363e-03 4.506816e-03 9.589965e-03 4.572656e-03
-4.616851e-01 9.226903e-03 4.548120e-03 9.544175e-03 4.607584e-03
-4.596851e-01 9.176947e-03 4.589616e-03 9.498812e-03 4.642598e-03
-4.576851e-01 9.125698e-03 4.631455e-03 9.453872e-03 4.677696e-03
-4.556851e-01 9.073468e-03 4.673776e-03 9.409348e-03 4.712874e-03
-4.536851e-01 9.020664e-03 4.716696e-03 9.365238e-03 4.748127e-03
-4.516851e-01 8.967755e-03 4.760299e-03 9.321537e-03 4.783453e-03
-4.496851e-01 8.915243e-03 4.804624e-03 9.278241e-03 4.818848e-03
-4.476851e-01 8.863632e-03 4.849665e-03 9.235347e-03 4.854307e-03
-4.456851e-01 8.813396e-03 4.895369e-03 9.192850e-03 4.889827e-03
-4.436851e-01 8.764956e-03 4.941632e-03 9.150746e-03 4.925404e-03
-4.416851e-01 8.718646e-03 4.988312e-03 9.109031e-03 4.961033e-03
-4.396851e-01 8.674703e-03 5.035237e-03 9.067701e-03 4.996711e-03
-4.376851e-01 8.633251e-03 5.082212e-03 9.026752e-03 5.032433e-03
-4.356851e-01 8.594290e-03 5.129040e-03 8.986178e-03 5.068195e-03
-4.336851e-01 8.557703e-03 5.175536e-03 8.945975e-03 5.103993e-03
-4.316851e-01 8.523255e-03 5.221536e-03 8.906137e-03 5.139823e-03
-4.296851e-01 8.490611e-03 5.266920e-03 8.866660e-03 5.175681e-03
-4.276851e-01 8.459350e-03 5.311615e-03 8.827537e-03 5.211562e-03
-4.256851e-01 8.428992e-03 5.355608e-03 8.788764e-03 5.247463e-03
-4.236851e-01 8.399019e-03 5.398942e-03 8.750335e-03 5.283379e-03
-4.216851e-01 8.368914e-03 5.441720e-03 8.712245e-03 5.319306e-03
-4.196851e-01 8.338183e-03 5.484095e-03 8.674488e-03 5.355242e-03
-4.176851e-01 8.306388e-03 5.526259e-03 8.637059e-03 5.391180e-03
-4.156851e-01 8.273174e-03 5.568427e-03 8.599954e-03 5.427118e-03
-4.136851e-01 8.238291e-03 5.610823e-03 8.563167e-03 5.463051e-03
-4.116851e-01 8.201607e-03 5.653661e-03 8.526696e-03 5.498976e-03
-4.096851e-01 8.163117e-03 5.697125e-03 8.490537e-03 5.534887e-03
-4.076851e-01 8.122946e-03 5.741359e-03 8.454685e-03 5.570781e-03
-4.056851e-01 8.081334e-03 5.786450e-03 8.419138e-03 5.606654e-03
-4.036851e-01 8.038626e-03 5.832422e-03 8.383893e-03 5.642500e-03
-4.016851e-01 7.995245e-03 5.879229e-03 8.348948e-03 5.678316e-03
-3.996851e-01 7.951670e-03 5.926760e-03 8.314300e-03 5.714097e-03
-3.976851e-01 7.908408e-03 5.974842e-03 8.279947e-03 5.749839e-03
-3.956851e-01 7.865958e-03 6.023247e-03 8.245887e-03 5.785536e-03
-3.936851e-01 7.824791e-03 6.071716e-03 8.212118e-03 5.821185e-03
-3.916851e-01 7.785320e-03 6.119966e-03 8.178637e-03 5.856781e-03
-3.896851e-01 7.747878e-03 6.167719e-03 8.145442e-03 5.892318e-03
-3.876851e-01 7.712703e-03 6.214718e-03 8.112530e-03 5.927794e-03
-3.856851e-01 7.679926e-03 6.260747e-03 8.079899e-03 5.963203e-03
-3.836851e-01 7.649560e-03 6.305648e-03 8.047544e-03 5.998541e-03
-3.816851e-01 7.621507e-03 6.349340e-03 8.015464e-03 6.033804e-03
-3.796851e-01 7.595556e-03 6.391816e-03 7.983653e-03 6.068988e-03
-3.776851e-01 7.571396e-03 6.433157e-03 7.952108e-03 6.104090e-03
-3.756851e-01 7.548632e-03 6.473518e-03 7.920825e-03 6.139105e-03
-3.736851e-01 7.526802e-03 6.513123e-03 7.889800e-03 6.174029e-03
-3.716851e-01 7.505406e-03 6.552247e-03 7.859028e-03 6.208859e-03
-3.696851e-01 7.483927e-03 6.591198e-03 7.828505e-03 6.243592e-03
-3.676851e-01 7.461863e-03 6.630292e-03 7.798228e-03 6.278223e-03
-3.656851e-01 7.438755e-03 6.669832e-03 7.768191e-03 6.312750e-03
-3.636851e-01 7.414211e-03 6.710085e-03 7.738393e-03 6.347167e-03
-3.616851e-01 7.387931e-03 6.751259e-03 7.708829e-03 6.381472e-03
-3.596851e-01 7.359722e-03 6.793494e-03 7.679497e-03 6.415661e-03
-3.576851e-01 7.329515e-03 6.836843e-03 7.650393e-03 6.449729e-03
-3.556851e-01 7.297361e-03 6.881267e-03 7.621517e-03 6.483673e-03
-3.536851e-01 7.263432e-03 6.926640e-03 7.592866e-03 6.517488e-03
-3.516851e-01 7.228011e-03 6.972750e-03 7.564439e-03 6.551171e-03
-3.496851e-01 7.191471e-03 7.019311e-03 7.536236e-03 6.584717e-03
-3.476851e-01 7.154255e-03 7.065985e-03 7.508254e-03 6.618123e-03
-3.456851e-01 7.116850e-03 7.112398e-03 7.480495e-03 6.651384e-03
-3.436851e-01 7.079762e-03 7.158169e-03 7.452957e-03 6.684496e-03
-3.416851e-01 7.043484e-03 7.202933e-03 7.425640e-03 6.717456e-03
-3.396851e-01 7.008477e-03 7.246371e-03 7.398544e-03 6.750259e-03
-3.376851e-01 6.975141e-03 7.288231e-03 7.371667e-03 6.782903e-03
-3.356851e-01 6.943800e-03 7.328346e-03 7.345010e-03 6.815384e-03
-3.336851e-01 6.914685e-03 7.366653e-03 7.318571e-03 6.847699e-03
-3.316851e-01 6.887926e-03 7.403195e-03 7.292349e-03 6.879845e-03
-3.296851e-01 6.863543e-03 7.438120e-03 7.266342e-03 6.911820e-03
-3.276851e-01 6.841446e-03 7.471675e-03 7.240548e-03 6.943621e-03
-3.256851e-01 6.821442e-03 7.504188e-03 7.214965e-03 6.975246e-03
-3.236851e-01 6.803240e-03 7.536044e-03 7.189590e-03 7.006693e-03
-3.216851e-01 6.786465e-03 7.567663e-03 7.164420e-03 7.037959e-03
-3.196851e-01 6.770677e-03 7.599469e-03 7.139453e-03 7.069042e-03
-3.176851e-01 6.755390e-03 7.631862e-03 7.114685e-03 7.099941e-03
-3.156851e-01 6.740098e-03 7.665189e-03 7.090113e-03 7.130652e-03
-3.136851e-01 6.724299e-03 7.699723e-03 7.065735e-03 7.161174e-03
-3.116851e-01 6.707520e-03 7.735643e-03 7.041548e-03 7.191505e-03
-3.096851e-01 6.689348e-03 7.773020e-03 7.017549e-03 7.221641e-03
-3.076851e-01 6.669447e-03 7.811810e-03 6.993736e-03 7.251580e-03
-3.056851e-01 6.647579e-03 7.851857e-03 6.970108e-03 7.281320e-03
-3.036851e-01 6.623617e-03 7.892896e-03 6.946664e-03 7.310858e-03
-3.016851e-01 6.597555e-03 7.934571e-03 6.923402e-03 7.340190e-03
-2.996851e-01 6.569502e-03 7.976456e-03 6.900323e-03 7.369314e-03
-2.976851e-01 6.539681e-03 8.018075e-03 6.877426e-03 7.398228e-03
-2.956851e-01 6.508411e-03 8.058939e-03 6.854713e-03 7.426928e-03
-2.936851e-01 6.476094e-03 8.098573e-03 6.832183e-03 7.455412e-03
-2.916851e-01 6.443187e-03 8.136550e-03 6.809839e-03 7.483678e-03
-2.896851e-01 6.410182e-03 8.172520e-03 6.787681e-03 7.511724e-03
-2.876851e-01 6.377578e-03 8.206234e-03 6.765712e-03 7.539549e-03
-2.856851e-01 6.345857e-03 8.237565e-03 6.743932e-03 7.567150e-03
-2.836851e-01 6.315465e-03 8.266517e-03 6.722342e-03 7.594528e-03
-2.816851e-01 6.286784e-03 8.293230e-03 6.700945e-03 7.621680e-03
-2.796851e-01 6.260124e-03 8.317965e-03 6.679741e-03 7.648607e-03
-2.776851e-01 6.235705e-03 8.341097e-03 6.658731e-03 7.675309e-03
-2.756851e-01 6.213651e-03 8.363085e-03 6.637914e-03 7.701785e-03
-2.736851e-01 6.193984e-03 8.384445e-03 6.617291e-03 7.728035e-03
-2.716851e-01 6.176622e-03 8.405719e-03 6.596861e-03 7.754061e-03
-2.696851e-01 6.161385e-03 8.427435e-03 6.576624e-03 7.779861e-03
-2.676851e-01 6.148003e-03 8.450081e-03 6.556577e-03 7.805435e-03
-2.656851e-01 6.136123e-03 8.474072e-03 6.536719e-03 7.830785e-03
-2.636851e-01 6.125326e-03 8.499722e-03 6.517050e-03 7.855909e-03
-2.616851e-01 6.115149e-03 8.527227e-03 6.497566e-03 7.880807e-03
-2.596851e-01 6.105100e-03 8.556653e-03 6.478266e-03 7.905479e-03
-2.576851e-01 6.094685e-03 8.587925e-03 6.459148e-03 7.929924e-03
-2.556851e-01 6.083430e-03 8.620837e-03 6.440211e-03 7.954141e-03
-2.536851e-01 6.070908e-03 8.655054e-03 6.421453e-03 7.978128e-03
-2.516851e-01 6.056759e-03 8.690136e-03 6.402873e-03 8.001886e-03
-2.496851e-01 6.040709e-03 8.725557e-03 6.384470e-03 8.025411e-03
-2.476851e-01 6.022586e-03 8.760738e-03 6.366245e-03 8.048704e-03
-2.456851e-01 6.002329e-03 8.795080e-03 6.348197e-03 8.071763e-03
-2.436851e-01 5.979992e-03 8.828001e-03 6.330328e-03 8.094587e-03
-2.416851e-01 5.955738e-03 8.858971e-03 6.312639e-03 8.117176e-03
-2.396851e-01 5.929833e-03 8.887550e-03 6.295132e-03 8.139529e-03
-2.376851e-01 5.902629e-03 8.913413e-03 6.277808e-03 8.161648e-03
-2.356851e-01 5.874546e-03 8.936376e-03 6.260671e-03 8.183531e-03
-2.336851e-01 5.846052e-03 8.956411e-03 6.243723e-03 8.205181e-03
-2.316851e-01 5.817634e-03 8.973647e-03 6.226967e-03 8.226599e-03
-2.296851e-01 5.789784e-03 8.988362e-03 6.210406e-03 8.247786e-03
-2.276851e-01 5.762970e-03 9.000973e-03 6.194043e-03 8.268744e-03
-2.256851e-01 5.737617e-03 9.012005e-03 6.177881e-03 8.289476e-03
-2.236851e-01 5.714094e-03 9.022061e-03 6.161921e-03 8.309985e-03
-2.216851e-01 5.692696e-03 9.031788e-03 6.146167e-03 8.330273e-03
-2.196851e-01 5.673635e-03 9.041836e-03 6.130619e-03 8.350342e-03
-2.176851e-01 5.657032e-03 9.052822e-03 6.115279e-03 8.370196e-03
-2.156851e-01 5.642913e-03 9.065294e-03 6.100148e-03 8.389836e-03
-2.136851e-01 5.631210e-03 9.079700e-03 6.085225e-03 8.409266e-03
-2.116851e-01 5.621760e-03 9.096365e-03 6.070510e-03 8.428487e-03
-2.096851e-01 5.614316e-03 9.115469e-03 6.056002e-03 8.447500e-03
-2.076851e-01 5.608550e-03 9.137040e-03 6.041700e-03 8.466307e-03
-2.056851e-01 5.604072e-03 9.160949e-03 6.027603e-03 8.484909e-03
-2.036851e-01 5.600440e-03 9.186916e-03 6.013708e-03 8.503306e-03
-2.016851e-01 5.597179e-03 9.214522e-03 6.000015e-03 8.521499e-03
-1.996851e-01 5.593804e-03 9.243232e-03 5.986519e-03 8.539489e-03
-1.976851e-01 5.589840e-03 9.272418e-03 5.973221e-03 8.557275e-03
-1.956851e-01 5.584845e-03 9.301398e-03 5.960118e-03 8.574858e-03
-1.936851e-01 5.578430e-03 9.329471e-03 5.947209e-03 8.592238e-03
-1.916851e-01 5.570282e-03 9.355957e-03 5.934492e-03 8.609415e-03
-1.896851e-01 5.560176e-03 9.380237e-03 5.921968e-03 8.626391e-03
-1.876851e-01 5.547991e-03 9.401793e-03 5.909636e-03 8.643167e-03
-1.856851e-01 5.533714e-03 9.420240e-03 5.897496e-03 8.659745e-03
-1.836851e-01 5.517442e-03 9.435349e-03 5.885549e-03 8.676126e-03
-1.816851e-01 5.499374e-03 9.447066e-03 5.873798e-03 8.692314e-03
-1.796851e-01 5.479804e-03 9.455517e-03 5.862242e-03 8.708312e-03
-1.776851e-01 5.459103e-03 9.460998e-03 5.850885e-03 8.724123e-03
-1.756851e-01 5.437703e-03 9.463965e-03 5.839729e-03 8.739753e-03
-1.736851e-01 5.416073e-03 9.465000e-03 5.828777e-03 8.755205e-03
-1.716851e-01 5.394699e-03 9.464785e-03 5.818031e-03 8.770485e-03
-1.696851e-01 5.374062e-03 9.464055e-03 5.807493e-03 8.785597e-03
-1.676851e-01 5.354621e-03 9.463568e-03 5.797166e-03 8.800547e-03
-1.656851e-01 5.336791e-03 9.464053e-03 5.787053e-03 8.815339e-03
-1.636851e-01 5.320931e-03 9.466178e-03 5.777154e-03 8.829979e-03
-1.616851e-01 5.307329e-03 9.470514e-03 5.767471e-03 8.844471e-03
-1.596851e-01 5.296195e-03 9.477508e-03 5.758005e-03 8.858818e-03
-1.576851e-01 5.287654e-03 9.487455e-03 5.748755e-03 8.873025e-03
-1.556851e-01 5.281739e-03 9.500491e-03 5.739720e-03 8.887095e-03
-1.536851e-01 5.278395e-03 9.516579e-03 5.730900e-03 8.901030e-03
-1.516851e-01 5.277476e-03 9.535514e-03 5.722293e-03 8.914832e-03
-1.496851e-01 5.278751e-03 9.556928e-03 5.713895e-03 8.928504e-03
-1.476851e-01 5.281912e-03 9.580310e-03 5.705704e-03 8.942046e-03
-1.456851e-01 5.286581e-03 9.605027e-03 5.697717e-03 8.955460e-03
-1.436851e-01 5.292327e-03 9.630356e-03 5.689928e-03 8.968747e-03
-1.416851e-01 5.298678e-03 9.655519e-03 5.682335e-03 8.981907e-03
-1.396851e-01 5.305139e-03 9.679724e-03 5.674932e-03 8.994942e-03
-1.376851e-01 5.311216e-03 9.702209e-03 5.667716e-03 9.007853e-03
-1.356851e-01 5.316433e-03 9.722283e-03 5.660682e-03 9.020642e-03
-1.336851e-01 5.320354e-03 9.739366e-03 5.653827e-03 9.033310e-03
-1.316851e-01 5.322607e-03 9.753024e-03 5.647147e-03 9.045860e-03
-1.296851e-01 5.322898e-03 9.762998e-03 5.640640e-03 9.058297e-03
-1.276851e-01 5.321031e-03 9.769218e-03 5.634301e-03 9.070622e-03
-1.256851e-01 5.316913e-03 9.771809e-03 5.628131e-03 9.082842e-03
-1.236851e-01 5.310564e-03 9.771089e-03 5.622127e-03 9.094961e-03
-1.216851e-01 5.302111e-03 9.767546e-03 5.616288e-03 9.106985e-03
-1.196851e-01 5.291787e-03 9.761814e-03 5.610614e-03 9.118920e-03
-1.176851e-01 5.279914e-03 9.754639e-03 5.605105e-03 9.130772e-03
-1.156851e-01 5.266890e-03 9.746838e-03 5.599762e-03 9.142548e-03
-1.136851e-01 5.253170e-03 9.739254e-03 5.594585e-03 9.154255e-03
-1.116851e-01 5.239244e-03 9.732717e-03 5.589576e-03 9.165899e-03
-1.096851e-01 5.225615e-03 9.728000e-03 5.584735e-03 9.177486e-03
-1.076851e-01 5.212779e-03 9.725786e-03 5.580063e-03 9.189022e-03
-1.056851e-01 5.201205e-03 9.726633e-03 5.575561e-03 9.200513e-03
-1.036851e-01 5.191319e-03 9.730949e-03 5.571229e-03 9.211964e-03
-1.016851e-01 5.183486e-03 9.738976e-03 5.567067e-03 9.223377e-03
-9.968514e-02 5.178004e-03 9.750779e-03 5.563074e-03 9.234757e-03
-9.768514e-02 5.175086e-03 9.766242e-03 5.559250e-03 9.246106e-03
-9.568514e-02 5.174862e-03 9.785068e-03 5.555591e-03 9.257425e-03
-9.368514e-02 5.177369e-03 9.806800e-03 5.552095e-03 9.268716e-03
-9.168514e-02 5.182552e-03 9.830830e-03 5.548758e-03 9.279980e-03
-8.968514e-02 5.190262e-03 9.856430e-03 5.545576e-03 9.291217e-03
-8.768514e-02 5.200266e-03 9.882784e-03 5.542545e-03 9.302426e-03
-8.568514e-02 5.212244e-03 9.909027e-03 5.539659e-03 9.313608e-03
-8.368514e-02 5.225805e-03 9.934284e-03 5.536911e-03 9.324763e-03
-8.168514e-02 5.240494e-03 9.957718e-03 5.534296e-03 9.335890e-03
-7.968514e-02 5.255810e-03 9.978570e-03 5.531806e-03 9.346990e-03
-7.768514e-02 5.271222e-03 9.996208e-03 5.529436e-03 9.358065e-03
-7.568514e-02 5.286188e-03 1.001015e-02 5.527179e-03 9.369115e-03
-7.368514e-02 5.300178e-03 1.002012e-02 5.525028e-03 9.380144e-03
-7.168514e-02 5.312697e-03 1.002602e-02 5.522977e-03 9.391154e-03
-6.968514e-02 5.323306e-03 1.002798e-02 5.521022e-03 9.402148e-03
-6.768514e-02 5.331644e-03 1.002632e-02 5.519156e-03 9.413132e-03
-6.568514e-02 5.337446e-03 1.002158e-02 5.517376e-03 9.424110e-03
-6.368514e-02 5.340554e-03 1.001443e-02 5.515679e-03 9.435088e-03
-6.168514e-02 5.340932e-03 1.000568e-02 5.514061e-03 9.446071e-03
-5.968514e-02 5.338660e-03 9.996206e-03 5.512520e-03 9.457066e-03
-5.768514e-02 5.333937e-03 9.986941e-03 5.511056e-03 9.468077e-03
-5.568514e-02 5.327066e-03 9.978807e-03 5.509668e-03 9.479112e-03
-5.368514e-02 5.318445e-03 9.972677e-03 5.508355e-03 9.490175e-03
-5.168514e-02 5.308542e-03 9.969340e-03 5.507119e-03 9.501271e-03
-4.968514e-02 5.297877e-03 9.969461e-03 5.505960e-03 9.512404e-03
-4.768514e-02 5.287000e-03 9.973563e-03 5.504880e-03 9.523577e-03
-4.568514e-02 5.276465e-03 9.981994e-03 5.503879e-03 9.534792e-03
-4.368514e-02 5.266810e-03 9.994925e-03 5.502959e-03 9.546050e-03
-4.168514e-02 5.258538e-03 1.001233e-02 5.502121e-03 9.557352e-03
-3.968514e-02 5.252098e-03 1.003401e-02 5.501364e-03 9.568695e-03
-3.768514e-02 5.247872e-03 1.005955e-02 5.500690e-03 9.580079e-03
-3.568514e-02 5.246161e-03 1.008840e-02 5.500097e-03 9.591499e-03
-3.368514e-02 5.247179e-03 1.011984e-02 5.499584e-03 9.602953e-03
-3.168514e-02 5.251044e-03 1.015304e-02 5.499148e-03 9.614435e-03
-2.968514e-02 5.257778e-03 1.018707e-02 5.498788e-03 9.625941e-03
-2.768514e-02 5.267301e-03 1.022097e-02 5.498499e-03 9.637466e-03
-2.568514e-02 5.279435e-03 1.025375e-02 5.498276e-03 9.649006e-03
-2.368514e-02 5.293909e-03 1.028450e-02 5.498115e-03 9.660554e-03
-2.168514e-02 5.310362e-03 1.031236e-02 5.498009e-03 9.672108e-03
-1.968514e-02 5.328356e-03 1.033665e-02 5.497953e-03 9.683662e-03
-1.768514e-02 5.347386e-03 1.035681e-02 5.497939e-03 9.695214e-03
-1.568514e-02 5.366895e-03 1.037252e-02 5.497962e-03 9.706761e-03
-1.368514e-02 5.386297e-03 1.038367e-02 5.498013e-03 9.718301e-03
-1.168514e-02 5.404992e-03 1.039037e-02 5.498087e-03 9.729835e-03
-9.685144e-03 5.422396e-03 1.039296e-02 5.498177e-03 9.741361e-03
-7.685144e-03 5.437960e-03 1.039200e-02 5.498277e-03 9.752881e-03
-5.685144e-03 5.451198e-03 1.038821e-02 5.498382e-03 9.764395e-03
-3.685144e-03 5.461707e-03 1.038245e-02 5.498488e-03 9.775905e-03
-1.685144e-03 5.469189e-03 1.037570e-02 5.498590e-03 9.787414e-03
3.148562e-04 5.473465e-03 1.036897e-02 5.498688e-03 9.798922e-03
2.314856e-03 5.474486e-03 1.036327e-02 5.498777e-03 9.810432e-03
4.314856e-03 5.472333e-03 1.035958e-02 5.498859e-03 9.821945e-03
6.314856e-03 5.467216e-03 1.035880e-02 5.498933e-03 9.833461e-03
8.314856e-03 5.459464e-03 1.036170e-02 5.499000e-03 9.844979e-03
1.031486e-02 5.449508e-03 1.036890e-02 5.499063e-03 9.856498e-03
1.231486e-02 5.437860e-03 1.038086e-02 5.499123e-03 9.868017e-03
1.431486e-02 5.425094e-03 1.039782e-02 5.499183e-03 9.879530e-03
1.631486e-02 5.411816e-03 1.041983e-02 5.499248e-03 9.891032e-03
1.831486e-02 5.398644e-03 1.044675e-02 5.499320e-03 9.902517e-03
2.031486e-02 5.386182e-03 1.047822e-02 5.499404e-03 9.913978e-03
2.231486e-02 5.375000e-03 1.051368e-02 5.499502e-03 9.925406e-03
2.431486e-02 5.365614e-03 1.055241e-02 5.499617e-03 9.936790e-03
2.631486e-02 5.358471e-03 1.059353e-02 5.499752e-03 9.948121e-03
2.831486e-02 5.353936e-03 1.063603e-02 5.499908e-03 9.959387e-03
3.031486e-02 5.352284e-03 1.067885e-02 5.500087e-03 9.970577e-03
3.231486e-02 5.353689e-03 1.072085e-02 5.500287e-03 9.981679e-03
3.431486e-02 5.358223e-03 1.076093e-02 5.500509e-03 9.992683e-03
3.631486e-02 5.365852e-03 1.079805e-02 5.500750e-03 1.000358e-02
3.831486e-02 5.376438e-03 1.083127e-02 5.501007e-03 1.001435e-02
4.031486e-02 5.389741e-03 1.085981e-02 5.501277e-03 1.002500e-02
4.231486e-02 5.405420e-03 1.088310e-02 5.501555e-03 1.003551e-02
4.431486e-02 5.423050e-03 1.090080e-02 5.501836e-03 1.004588e-02
4.631486e-02 5.442123e-03 1.091281e-02 5.502114e-03 1.005611e-02
4.831486e-02 5.462069e-03 1.091929e-02 5.502383e-03 1.006618e-02
5.031486e-02 5.482269e-03 1.092066e-02 5.502636e-03 1.007609e-02
5.231486e-02 5.502078e-03 1.091756e-02 5.502868e-03 1.008585e-02
5.431486e-02 5.520849e-03 1.091083e-02 5.503072e-03 1.009545e-02
5.631486e-02 5.537953e-03 1.090145e-02 5.503243e-03 1.010489e-02
5.831486e-02 5.552812e-03 1.089052e-02 5.503376e-03 1.011418e-02
6.031486e-02 5.564919e-03 1.087920e-02 5.503467e-03 1.012331e-02
6.231486e-02 5.573863e-03 1.086862e-02 5.503512e-03 1.013228e-02
6.431486e-02 5.579353e-03 1.085990e-02 5.503509e-03 1.014110e-02
6.631486e-02 5.581223e-03 1.085405e-02 5.503456e-03 1.014977e-02
6.831486e-02 5.579453e-03 1.085194e-02 5.503354e-03 1.015827e-02
7.031486e-02 5.574160e-03 1.085429e-02 5.503204e-03 1.016662e-02
7.231486e-02 5.565597e-03 1.086161e-02 5.503008e-03 1.017481e-02
7.431486e-02 5.554142e-03 1.087423e-02 5.502769e-03 1.018284e-02
7.631486e-02 5.540279e-03 1.089222e-02 5.502491e-03 1.019069e-02
7.831486e-02 5.524574e-03 1.091546e-02 5.502178e-03 1.019837e-02
8.031486e-02 5.507653e-03 1.094357e-02 5.501836e-03 1.020586e-02
8.231486e-02 5.490176e-03 1.097599e-02 5.501471e-03 1.021316e-02
8.431486e-02 5.472810e-03 1.101193e-02 5.501088e-03 1.022025e-02
8.631486e-02 5.456205e-03 1.105046e-02 5.500694e-03 1.022713e-02
8.831486e-02 5.440975e-03 1.109048e-02 5.500293e-03 1.023378e-02
9.031486e-02 5.427675e-03 1.113080e-02 5.499891e-03 1.024019e-02
9.231486e-02 5.416789e-03 1.117017e-02 5.499493e-03 1.024635e-02
9.431486e-02 5.408716e-03 1.120734e-02 5.499102e-03 1.025225e-02
9.631486e-02 5.403762e-03 1.124112e-02 5.498720e-03 1.025788e-02
9.831486e-02 5.402131e-03 1.127040e-02 5.498349e-03 1.026323e-02
1.003149e-01 5.403920e-03 1.129424e-02 5.497990e-03 1.026829e-02
1.023149e-01 5.409122e-03 1.131193e-02 5.497641e-03 1.027306e-02
1.043149e-01 5.417619e-03 1.132296e-02 5.497302e-03 1.027753e-02
1.063149e-01 5.429188e-03 1.132712e-02 5.496969e-03 1.028170e-02
1.083149e-01 5.443505e-03 1.132449e-02 5.496638e-03 1.028557e-02
1.103149e-01 5.460150e-03 1.131540e-02 5.496304e-03 1.028913e-02
1.123149e-01 5.478617e-03 1.130047e-02 5.495961e-03 1.029239e-02
1.143149e-01 5.498330e-03 1.128053e-02 5.495604e-03 1.029536e-02
1.163149e-01 5.518650e-03 1.125663e-02 5.495227e-03 1.029804e-02
1.183149e-01 5.538904e-03 1.122994e-02 5.494821e-03 1.030043e-02
1.203149e-01 5.558401e-03 1.120171e-02 5.494382e-03 1.030254e-02
1.223149e-01 5.576458e-03 1.117323e-02 5.493902e-03 1.030438e-02
1.243149e-01 5.592429e-03 1.114578e-02 5.493377e-03 1.030596e-02
1.263149e-01 5.605726e-03 1.112056e-02 5.492802e-03 1.030728e-02
1.283149e-01 5.615850e-03 1.109862e-02 5.492172e-03 1.030835e-02
1.303149e-01 5.622413e-03 1.108091e-02 5.491485e-03 1.030918e-02
1.323149e-01 5.625153e-03 1.106814e-02 5.490739e-03 1.030977e-02
1.343149e-01 5.623953e-03 1.106086e-02 5.489934e-03 1.031012e-02
1.363149e-01 5.618842e-03 1.105936e-02 5.489070e-03 1.031023e-02
1.383149e-01 5.609994e-03 1.106371e-02 5.488151e-03 1.031011e-02
1.403149e-01 5.597724e-03 1.107374e-02 5.487178e-03 1.030976e-02
1.423149e-01 5.582469e-03 1.108904e-02 5.486158e-03 1.030916e-02
1.443149e-01 5.564768e-03 1.110899e-02 5.485094e-03 1.030833e-02
1.463149e-01 5.545242e-03 1.113276e-02 5.483994e-03 1.030724e-02
1.483149e-01 5.524563e-03 1.115935e-02 5.482865e-03 1.030590e-02
1.503149e-01 5.503432e-03 1.118760e-02 5.481712e-03 1.030429e-02
1.523149e-01 5.482548e-03 1.121625e-02 5.480545e-03 1.030242e-02
1.543149e-01 5.462592e-03 1.124400e-02 5.479370e-03 1.030027e-02
1.563149e-01 5.444197e-03 1.126951e-02 5.478193e-03 1.029784e-02
1.583149e-01 5.427938e-03 1.129152e-02 5.477022e-03 1.029512e-02
1.603149e-01 5.414312e-03 1.130885e-02 5.475863e-03 1.029211e-02
1.623149e-01 5.403731e-03 1.132051e-02 5.474719e-03 1.028880e-02
1.643149e-01 5.396510e-03 1.132569e-02 5.473594e-03 1.028519e-02
1.663149e-01 5.392863e-03 1.132385e-02 5.472491e-03 1.028128e-02
1.683149e-01 5.392898e-03 1.131471e-02 5.471410e-03 1.027707e-02
1.703149e-01 5.396616e-03 1.129831e-02 5.470352e-03 1.027257e-02
1.723149e-01 5.403909e-03 1.127495e-02 5.469314e-03 1.026778e-02
1.743149e-01 5.414564e-03 1.124523e-02 5.468293e-03 1.026271e-02
1.763149e-01 5.428264e-03 1.120998e-02 5.467286e-03 1.025738e-02
1.783149e-01 5.444594e-03 1.117024e-02 5.466287e-03 1.025178e-02
1.803149e-01 5.463051e-03 1.112721e-02 5.465289e-03 1.024593e-02
1.823149e-01 5.483054e-03 1.108219e-02 5.464287e-03 1.023984e-02
1.843149e-01 5.503957e-03 1.103651e-02 5.463272e-03 1.023354e-02
1.863149e-01 5.525067e-03 1.099153e-02 5.462237e-03 1.022702e-02
1.883149e-01 5.545664e-03 1.094851e-02 5.461175e-03 1.022031e-02
1.903149e-01 5.565029e-03 1.090863e-02 5.460078e-03 1.021342e-02
1.923149e-01 5.582463e-03 1.087294e-02 5.458939e-03 1.020636e-02
1.943149e-01 5.597319e-03 1.084228e-02 5.457753e-03 1.019913e-02
1.963149e-01 5.609029e-03 1.081733e-02 5.456515e-03 1.019175e-02
1.983149e-01 5.617125e-03 1.079855e-02 5.455219e-03 1.018423e-02
2.003149e-01 5.621265e-03 1.078616e-02 5.453865e-03 1.017657e-02
2.023149e-01 5.621247e-03 1.078016e-02 5.452450e-03 1.016878e-02
2.043149e-01 5.617018e-03 1.078031e-02 5.450975e-03 1.016084e-02
2.063149e-01 5.608679e-03 1.078618e-02 5.449442e-03 1.015278e-02
2.083149e-01 5.596479e-03 1.079708e-02 5.447853e-03 1.014457e-02
2.103149e-01 5.580804e-03 1.081215e-02 5.446213e-03 1.013622e-02
2.123149e-01 5.562156e-03 1.083037e-02 5.444527e-03 1.012773e-02
2.143149e-01 5.541136e-03 1.085057e-02 5.442803e-03 1.011908e-02
2.163149e-01 5.518413e-03 1.087146e-02 5.441047e-03 1.011028e-02
2.183149e-01 5.494702e-03 1.089173e-02 5.439268e-03 1.010130e-02
2.203149e-01 5.470734e-03 1.091003e-02 5.437473e-03 1.009216e-02
2.223149e-01 5.447230e-03 1.092508e-02 5.435672e-03 1.008283e-02
2.243149e-01 5.424884e-03 1.093568e-02 5.433874e-03 1.007333e-02
2.263149e-01 5.404337e-03 1.094080e-02 5.432085e-03 1.006363e-02
2.283149e-01 5.386165e-03 1.093960e-02 5.430313e-03 1.005375e-02
2.303149e-01 5.370864e-03 1.093150e-02 5.428566e-03 1.004367e-02
2.323149e-01 5.358843e-03 1.091616e-02 5.426847e-03 1.003341e-02
2.343149e-01 5.350411e-03 1.089355e-02 5.425160e-03 1.002297e-02
2.363149e-01 5.345778e-03 1.086392e-02 5.423510e-03 1.001235e-02
2.383149e-01 5.345049e-03 1.082781e-02 5.421896e-03 1.000156e-02
2.403149e-01 5.348223e-03 1.078598e-02 5.420318e-03 9.990606e-03
2.423149e-01 5.355192e-03 1.073943e-02 5.418775e-03 9.979506e-03
2.443149e-01 5.365744e-03 1.068930e-02 5.417262e-03 9.968271e-03
2.463149e-01 5.379562e-03 1.063687e-02 5.415776e-03 9.956913e-03
2.483149e-01 5.396234e-03 1.058344e-02 5.414309e-03 9.945447e-03
2.503149e-01 5.415258e-03 1.053037e-02 5.412855e-03 9.933889e-03
2.523149e-01 5.436048e-03 1.047894e-02 5.411407e-03 9.922251e-03
2.543149e-01 5.457952e-03 1.043036e-02 5.409955e-03 9.910549e-03
2.563149e-01 5.480264e-03 1.038572e-02 5.408491e-03 9.898796e-03
2.583149e-01 5.502248e-03 1.034596e-02 5.407005e-03 9.887003e-03
2.603149e-01 5.523153e-03 1.031183e-02 5.405491e-03 9.875179e-03
2.623149e-01 5.542246e-03 1.028392e-02 5.403938e-03 9.863334e-03
2.643149e-01 5.558836e-03 1.026257e-02 5.402340e-03 9.851473e-03
2.663149e-01 5.572298e-03 1.024794e-02 5.400691e-03 9.839601e-03
2.683149e-01 5.582106e-03 1.023996e-02 5.398985e-03 9.827718e-03
2.703149e-01 5.587851e-03 1.023835e-02 5.397219e-03 9.815824e-03
2.723149e-01 5.589261e-03 1.024263e-02 5.395390e-03 9.803917e-03
2.743149e-01 5.586215e-03 1.025210e-02 5.393498e-03 9.791991e-03
2.763149e-01 5.578749e-03 1.026589e-02 5.391544e-03 9.780040e-03
2.783149e-01 5.567055e-03 1.028299e-02 5.389530e-03 9.768057e-03
2.803149e-01 5.551466e-03 1.030223e-02 5.387461e-03 9.756032e-03
2.823149e-01 5.532450e-03 1.032236e-02 5.385342e-03 9.743955e-03
2.843149e-01 5.510582e-03 1.034207e-02 5.383179e-03 9.731819e-03
2.863149e-01 5.486521e-03 1.036003e-02 5.380982e-03 9.719611e-03
2.883149e-01 5.460985e-03 1.037495e-02 5.378758e-03 9.707325e-03
2.903149e-01 5.434721e-03 1.038565e-02 5.376517e-03 9.694951e-03
2.923149e-01 5.408481e-03 1.039107e-02 5.374268e-03 9.682483e-03
2.943149e-01 5.382999e-03 1.039034e-02 5.372022e-03 9.669917e-03
2.963149e-01 5.358967e-03 1.038281e-02 5.369788e-03 9.657249e-03
2.983149e-01 5.337020e-03 1.036812e-02 5.367574e-03 9.644479e-03
3.003149e-01 5.317723e-03 1.034616e-02 5.365389e-03 9.631607e-03
3.023149e-01 5.301556e-03 1.031709e-02 5.363240e-03 9.618639e-03
3.043149e-01 5.288908e-03 1.028137e-02 5.361132e-03 9.605579e-03
3.063149e-01 5.280075e-03 1.023970e-02 5.359069e-03 9.592436e-03
3.083149e-01 5.275247e-03 1.019297e-02 5.357056e-03 9.579219e-03
3.103149e-01 5.274516e-03 1.014228e-02 5.355091e-03 9.565940e-03
3.123149e-01 5.277869e-03 1.008883e-02 5.353176e-03 9.552612e-03
3.143149e-01 5.285186e-03 1.003391e-02 5.351306e-03 9.539248e-03
3.163149e-01 5.296249e-03 9.978814e-03 5.349479e-03 9.525863e-03
3.183149e-01 5.310735e-03 9.924841e-03 5.347689e-03 9.512471e-03
3.203149e-01 5.328229e-03 9.873208e-03 5.345929e-03 9.499085e-03
3.223149e-01 5.348222e-03 9.825036e-03 5.344190e-03 9.485720e-03
3.243149e-01 5.370126e-03 9.781317e-03 5.342465e-03 9.472387e-03
3.263149e-01 5.393281e-03 9.742886e-03 5.340742e-03 9.459096e-03
3.283149e-01 5.416971e-03 9.710407e-03 5.339013e-03 9.445856e-03
3.303149e-01 5.440444e-03 9.684358e-03 5.337266e-03 9.432674e-03
3.323149e-01 5.462931e-03 9.665021e-03 5.335492e-03 9.419553e-03
3.343149e-01 5.483672e-03 9.652480e-03 5.333682e-03 9.406495e-03
3.363149e-01 5.501940e-03 9.646617e-03 5.331826e-03 9.393501e-03
3.383149e-01 5.517074e-03 9.647119e-03 5.329917e-03 9.380566e-03
3.403149e-01 5.528500e-03 9.653477e-03 5.327950e-03 9.367685e-03
3.423149e-01 5.535759e-03 9.665001e-03 5.325918e-03 9.354851e-03
3.443149e-01 5.538526e-03 9.680833e-03 5.323820e-03 9.342055e-03
3.463149e-01 5.536628e-03 9.699966e-03 5.321652e-03 9.329286e-03
3.483149e-01 5.530048e-03 9.721266e-03 5.319417e-03 9.316532e-03
3.503149e-01 5.518928e-03 9.743508e-03 5.317115e-03 9.303782e-03
3.523149e-01 5.503564e-03 9.765409e-03 5.314752e-03 9.291022e-03
3.543149e-01 5.484388e-03 9.785670e-03 5.312332e-03 9.278240e-03
3.563149e-01 5.461954e-03 9.803022e-03 5.309862e-03 9.265425e-03
3.583149e-01 5.436908e-03 9.816276e-03 5.307351e-03 9.252566e-03
3.603149e-01 5.409965e-03 9.824372e-03 5.304809e-03 9.239654e-03
3.623149e-01 5.381884e-03 9.826421e-03 5.302245e-03 9.226682e-03
3.643149e-01 5.353435e-03 9.821749e-03 5.299670e-03 9.213644e-03
3.663149e-01 5.325381e-03 9.809924e-03 5.297096e-03 9.200538e-03
3.683149e-01 5.298450e-03 9.790782e-03 5.294533e-03 9.187362e-03
3.703149e-01 5.273324e-03 9.764427e-03 5.291991e-03 9.174120e-03
3.723149e-01 5.250615e-03 9.731232e-03 5.289481e-03 9.160815e-03
3.743149e-01 5.230863e-03 9.691815e-03 5.287010e-03 9.147455e-03
3.763149e-01 5.214518e-03 9.647014e-03 5.284587e-03 9.134048e-03
3.783149e-01 5.201942e-03 9.597842e-03 5.282218e-03 9.120605e-03
3.803149e-01 5.193397e-03 9.545451e-03 5.279906e-03 9.107138e-03
3.823149e-01 5.189050e-03 9.491077e-03 5.277655e-03 9.093662e-03
3.843149e-01 5.188966e-03 9.435994e-03 5.275465e-03 9.080190e-03
3.863149e-01 5.193109e-03 9.381472e-03 5.273335e-03 9.066737e-03
3.883149e-01 5.201342e-03 9.328734e-03 5.271262e-03 9.053318e-03
3.903149e-01 5.213430e-03 9.278920e-03 5.269242e-03 9.039946e-03
3.923149e-01 5.229039e-03 9.233057e-03 5.267267e-03 9.026635e-03
3.943149e-01 5.247742e-03 9.192038e-03 5.265329e-03 9.013397e-03
3.963149e-01 5.269022e-03 9.156598e-03 5.263420e-03 9.000241e-03
3.983149e-01 5.292281e-03 9.127307e-03 5.261530e-03 8.987174e-03
4.003149e-01 5.316851e-03 9.104558e-03 5.259646e-03 8.974203e-03
4.023149e-01 5.342006e-03 9.088559e-03 5.257759e-03 8.961330e-03
4.043149e-01 5.366982e-03 9.079335e-03 5.255856e-03 8.948556e-03
4.063149e-01 5.390993e-03 9.076724e-03 5.253926e-03 8.935878e-03
4.083149e-01 5.413259e-03 9.080382e-03 5.251959e-03 8.923291e-03
4.103149e-01 5.433032e-03 9.089785e-03 5.249943e-03 8.910788e-03
4.123149e-01 5.449621e-03 9.104242e-03 5.247872e-03 8.898361e-03
4.143149e-01 5.462421e-03 9.122906e-03 5.245737e-03 8.885998e-03
4.163149e-01 5.470937e-03 9.144789e-03 5.243532e-03 8.873686e-03
4.183149e-01 5.474808e-03 9.168784e-03 5.241253e-03 8.861412e-03
4.203149e-01 5.473822e-03 9.193696e-03 5.238899e-03 8.849161e-03
4.223149e-01 5.467926e-03 9.218273e-03 5.236470e-03 8.836918e-03
4.243149e-01 5.457230e-03 9.241245e-03 5.233966e-03 8.824671e-03
4.263149e-01 5.441997e-03 9.261364e-03 5.231392e-03 8.812404e-03
4.283149e-01 5.422637e-03 9.277457e-03 5.228753e-03 8.800106e-03
4.303149e-01 5.399686e-03 9.288464e-03 5.226057e-03 8.787765e-03
4.323149e-01 5.373781e-03 9.293489e-03 5.223313e-03 8.775374e-03
4.343149e-01 5.345635e-03 9.291835e-03 5.220531e-03 8.762924e-03
4.363149e-01 5.316011e-03 9.283036e-03 5.217721e-03 8.750413e-03
4.383149e-01 5.285695e-03 9.266883e-03 5.214897e-03 8.737838e-03
4.403149e-01 5.255466e-03 9.243426e-03 5.212069e-03 8.725200e-03
4.423149e-01 5.226083e-03 9.212976e-03 5.209250e-03 8.712504e-03
4.443149e-01 5.198255e-03 9.176090e-03 5.206453e-03 8.699755e-03
4.463149e-01 5.172636e-03 9.133541e-03 5.203688e-03 8.686962e-03
4.483149e-01 5.149803e-03 9.086282e-03 5.200966e-03 8.674136e-03
4.503149e-01 5.130256e-03 9.035411e-03 5.198296e-03 8.661289e-03
4.523149e-01 5.114405e-03 8.982117e-03 5.195685e-03 8.648436e-03
4.543149e-01 5.102569e-03 8.927641e-03 5.193141e-03 8.635591e-03
4.563149e-01 5.094971e-03 8.873230e-03 5.190666e-03 8.622770e-03
4.583149e-01 5.091742e-03 8.820097e-03 5.188264e-03 8.609989e-03
4.603149e-01 5.092911e-03 8.769387e-03 5.185934e-03 8.597263e-03
4.623149e-01 5.098413e-03 8.722148e-03 5.183674e-03 8.584606e-03
4.643149e-01 5.108085e-03 8.679307e-03 5.181481e-03 8.572032e-03
4.663149e-01 5.121668e-03 8.641652e-03 5.179349e-03 8.559552e-03
4.683149e-01 5.138810e-03 8.609818e-03 5.177270e-03 8.547175e-03
4.703149e-01 5.159066e-03 8.584282e-03 5.175235e-03 8.534910e-03
4.723149e-01 5.181905e-03 8.565351e-03 5.173233e-03 8.522760e-03
4.743149e-01 5.206718e-03 8.553161e-03 5.171253e-03 8.510727e-03
4.763149e-01 5.232824e-03 8.547678e-03 5.169283e-03 8.498810e-03
4.783149e-01 5.259487e-03 8.548695e-03 5.167309e-03 8.487007e-03
4.803149e-01 5.285929e-03 8.555837e-03 5.165319e-03 8.475310e-03
4.823149e-01 5.311354e-03 8.568564e-03 5.163300e-03 8.463711e-03
4.843149e-01 5.334967e-03 8.586180e-03 5.161240e-03 8.452200e-03
4.863149e-01 5.356003e-03 8.607846e-03 5.159128e-03 8.440762e-03
4.883149e-01 5.373755e-03 8.632588e-03 5.156955e-03 8.429386e-03
4.903149e-01 5.387597e-03 8.659326e-03 5.154711e-03 8.418053e-03
4.923149e-01 5.397015e-03 8.686890e-03 5.152391e-03 8.406750e-03
4.943149e-01 5.401626e-03 8.714058e-03 5.149989e-03 8.395460e-03
4.963149e-01 5.401197e-03 8.739589e-03 5.147504e-03 8.384166e-03
4.983149e-01 5.395654e-03 8.762262e-03 5.144933e-03 8.372854e-03
5.003149e-01 5.385087e-03 8.780922e-03 5.142280e-03 8.361511e-03
5.023149e-01 5.369746e-03 8.794522e-03 5.139547e-03 8.350123e-03
5.043149e-01 5.350027e-03 8.802167e-03 5.136742e-03 8.338681e-03
5.063149e-01 5.326456e-03 8.803152e-03 5.133870e-03 8.327178e-03
5.083149e-01 5.299666e-03 8.796993e-03 5.130943e-03 8.315608e-03
5.103149e-01 5.270372e-03 8.783451e-03 5.127970e-03 8.303969e-03
5.123149e-01 5.239342e-03 8.762541e-03 5.124964e-03 8.292261e-03
5.143149e-01 5.207369e-03 8.734531e-03 5.121937e-03 8.280487e-03
5.163149e-01 5.175249e-03 8.699926e-03 5.118904e-03 8.268654e-03
5.183149e-01 5.143757e-03 8.659451e-03 5.115878e-03 8.256771e-03
5.203149e-01 5.113624e-03 8.614011e-03 5.112871e-03 8.244848e-03
5.223149e-01 5.085529e-03 8.564654e-03 5.109898e-03 8.232898e-03
5.243149e-01 5.060079e-03 8.512528e-03 5.106970e-03 8.220935e-03
5.263149e-01 5.037804e-03 8.458840e-03 5.104098e-03 8.208977e-03
5.283149e-01 5.019151e-03 8.404811e-03 5.101291e-03 8.197039e-03
5.303149e-01 5.004479e-03 8.351636e-03 5.098557e-03 8.185139e-03
5.323149e-01 4.994056e-03 8.300456e-03 5.095901e-03 8.173292e-03
5.343149e-01 4.988056e-03 8.252323e-03 5.093329e-03 8.161516e-03
5.363149e-01 4.986565e-03 8.208184e-03 5.090840e-03 8.149824e-03
5.383149e-01 4.989571e-03 8.168858e-03 5.088434e-03 8.138231e-03
5.403149e-01 4.996973e-03 8.135027e-03 5.086108e-03 8.126748e-03
5.423149e-01 5.008574e-03 8.107223e-03 5.083858e-03 8.115383e-03
5.443149e-01 5.024088e-03 8.085826e-03 5.081676e-03 8.104143e-03
5.463149e-01 5.043136e-03 8.071061e-03 5.079552e-03 8.093032e-03
5.483149e-01 5.065252e-03 8.062990e-03 5.077477e-03 8.082051e-03
5.503149e-01 5.089887e-03 8.061520e-03 5.075438e-03 8.071197e-03
5.523149e-01 5.116414e-03 8.066398e-03 5.073422e-03 8.060465e-03
5.543149e-01 5.144138e-03 8.077216e-03 5.071416e-03 8.049849e-03
5.563149e-01 5.172310e-03 8.093415e-03 5.069405e-03 8.039337e-03
5.583149e-01 5.200141e-03 8.114291e-03 5.067376e-03 8.028917e-03
5.603149e-01 5.226824e-03 8.139004e-03 5.065313e-03 8.018575e-03
5.623149e-01 5.251555e-03 8.166594e-03 5.063204e-03 8.008295e-03
5.643149e-01 5.273561e-03 8.195999e-03 5.061037e-03 7.998060e-03
5.663149e-01 5.292125e-03 8.226074e-03 5.058801e-03 7.987852e-03
5.683149e-01 5.306615e-03 8.255623e-03 5.056487e-03 7.977655e-03
5.703149e-01 5.316509e-03 8.283434e-03 5.054087e-03 7.967450e-03
5.723149e-01 5.321419e-03 8.308313e-03 5.051597e-03 7.957222e-03
5.743149e-01 5.321106e-03 8.329130e-03 5.049013e-03 7.946955e-03
5.763149e-01 5.315494e-03 8.344856e-03 5.046334e-03 7.936637e-03
5.783149e-01 5.304668e-03 8.354610e-03 5.043563e-03 7.926256e-03
5.803149e-01 5.288877e-03 8.357691e-03 5.040703e-03 7.915804e-03
5.823149e-01 5.268518e-03 8.353613e-03 5.037761e-03 7.905275e-03
5.843149e-01 5.244118e-03 8.342125e-03 5.034745e-03 7.894667e-03
5.863149e-01 5.216314e-03 8.323223e-03 5.031665e-03 7.883979e-03
5.883149e-01 5.185825e-03 8.297147e-03 5.028532e-03 7.873215e-03
5.903149e-01 5.153425e-03 8.264375e-03 5.025360e-03 7.862381e-03
5.923149e-01 5.119915e-03 8.225593e-03 5.022162e-03 7.851486e-03
5.943149e-01 5.086100e-03 8.181669e-03 5.018954e-03 7.840540e-03
5.963149e-01 5.052767e-03 8.133615e-03 5.015751e-03 7.829558e-03
5.983149e-01 5.020660e-03 8.082543e-03 5.012566e-03 7.818555e-03
6.003149e-01 4.990472e-03 8.029628e-03 5.009416e-03 7.807547e-03
6.023149e-01 4.962828e-03 7.976062e-03 5.006312e-03 7.796553e-03
6.043149e-01 4.938279e-03 7.923022e-03 5.003269e-03 7.785591e-03
6.063149e-01 4.917292e-03 7.871634e-03 5.000296e-03 7.774679e-03
6.083149e-01 4.900254e-03 7.822947e-03 4.997403e-03 7.763833e-03
6.103149e-01 4.887461e-03 7.777910e-03 4.994597e-03 7.753072e-03
6.123149e-01 4.879122e-03 7.737360e-03 4.991883e-03 7.742410e-03
6.143149e-01 4.875360e-03 7.702003e-03 4.989264e-03 7.731860e-03
6.163149e-01 4.876206e-03 7.672410e-03 4.986740e-03 7.721432e-03
6.183149e-01 4.881605e-03 7.649012e-03 4.984310e-03 7.711136e-03
6.203149e-01 4.891411e-03 7.632094e-03 4.981969e-03 7.700977e-03
6.223149e-01 4.905393e-03 7.621795e-03 4.979709e-03 7.690957e-03
6.243149e-01 4.923228e-03 7.618107e-03 4.977524e-03 7.681076e-03
6.263149e-01 4.944509e-03 7.620876e-03 4.975401e-03 7.671329e-03
6.283149e-01 4.968744e-03 7.629802e-03 4.973329e-03 7.661711e-03
6.303149e-01 4.995360e-03 7.644442e-03 4.971294e-03 7.652213e-03
6.323149e-01 5.023709e-03 7.664213e-03 4.969281e-03 7.642821e-03
6.343149e-01 5.053081e-03 7.688399e-03 4.967275e-03 7.633522e-03
6.363149e-01 5.082711e-03 7.716158e-03 4.965261e-03 7.624300e-03
6.383149e-01 5.111799e-03 7.746535e-03 4.963222e-03 7.615138e-03
6.403149e-01 5.139530e-03 7.778481e-03 4.961144e-03 7.606016e-03
6.423149e-01 5.165095e-03 7.810871e-03 4.959013e-03 7.596917e-03
6.443149e-01 5.187719e-03 7.842535e-03 4.956814e-03 7.587820e-03
6.463149e-01 5.206685e-03 7.872286e-03 4.954538e-03 7.578708e-03
6.483149e-01 5.221366e-03 7.898960e-03 4.952173e-03 7.569563e-03
6.503149e-01 5.231247e-03 7.921454e-03 4.949713e-03 7.560369e-03
6.523149e-01 5.235950e-03 7.938765e-03 4.947151e-03 7.551113e-03
6.543149e-01 5.235246e-03 7.950036e-03 4.944485e-03 7.541782e-03
6.563149e-01 5.229071e-03 7.954583e-03 4.941714e-03 7.532368e-03
6.583149e-01 5.217527e-03 7.951933e-03 4.938841e-03 7.522864e-03
6.603149e-01 5.200874e-03 7.941839e-03 4.935868e-03 7.513268e-03
6.623149e-01 5.179523e-03 7.924297e-03 4.932804e-03 7.503579e-03
6.643149e-01 5.154014e-03 7.899540e-03 4.929657e-03 7.493801e-03
6.663149e-01 5.124994e-03 7.868029e-03 4.926439e-03 7.483940e-03
6.683149e-01 5.093192e-03 7.830432e-03 4.923161e-03 7.474005e-03
6.703149e-01 5.059390e-03 7.787595e-03 4.919838e-03 7.464009e-03
6.723149e-01 5.024397e-03 7.740501e-03 4.916486e-03 7.453965e-03
6.743149e-01 4.989025e-03 7.690235e-03 4.913120e-03 7.443889e-03
6.763149e-01 4.954063e-03 7.637945e-03 4.909756e-03 7.433800e-03
6.783149e-01 4.920264e-03 7.584796e-03 4.906412e-03 7.423717e-03
6.803149e-01 4.888325e-03 7.531942e-03 4.903102e-03 7.413658e-03
6.823149e-01 4.858878e-03 7.480490e-03 4.899842e-03 7.403644e-03
6.843149e-01 4.832483e-03 7.431477e-03 4.896646e-03 7.393693e-03
6.863149e-01 4.809619e-03 7.385847e-03 4.893526e-03 7.383823e-03
6.883149e-01 4.790684e-03 7.344436e-03 4.890493e-03 7.374052e-03
6.903149e-01 4.775993e-03 7.307964e-03 4.887555e-03 7.364394e-03
6.923149e-01 4.765776e-03 7.277021e-03 4.884719e-03 7.354862e-03
6.943149e-01 4.760179e-03 7.252069e-03 4.881989e-03 7.345466e-03
6.963149e-01 4.759264e-03 7.233435e-03 4.879366e-03 7.336212e-03
6.983149e-01 4.763010e-03 7.221310e-03 4.876849e-03 7.327106e-03
7.003149e-01 4.771311e-03 7.215751e-03 4.874433e-03 7.318148e-03
7.023149e-01 4.783976e-03 7.216679e-03 4.872114e-03 7.309335e-03
7.043149e-01 4.800731e-03 7.223880e-03 4.869882e-03 7.300662e-03
7.063149e-01 4.821219e-03 7.237006e-03 4.867727e-03 7.292122e-03
7.083149e-01 4.844996e-03 7.255576e-03 4.865637e-03 7.283701e-03
7.103149e-01 4.871541e-03 7.278982e-03 4.863597e-03 7.275387e-03
7.123149e-01 4.900254e-03 7.306488e-03 4.861592e-03 7.267164e-03
7.143149e-01 4.930465e-03 7.337246e-03 4.859605e-03 7.259014e-03
7.163149e-01 4.961442e-03 7.370303e-03 4.857620e-03 7.250916e-03
7.183149e-01 4.992407e-03 7.404616e-03 4.855619e-03 7.242853e-03
7.203149e-01 5.022548e-03 7.439077e-03 4.853586e-03 7.234802e-03
7.223149e-01 5.051045e-03 7.472536e-03 4.851505e-03 7.226744e-03
7.243149e-01 5.077088e-03 7.503833e-03 4.849360e-03 7.218659e-03
7.263149e-01 5.099907e-03 7.531834e-03 4.847137e-03 7.210529e-03
7.283149e-01 5.118796e-03 7.555466e-03 4.844825e-03 7.202337e-03
7.303149e-01 5.133145e-03 7.573762e-03 4.842413e-03 7.194069e-03
7.323149e-01 5.142460e-03 7.585895e-03 4.839893e-03 7.185712e-03
7.343149e-01 5.146386e-03 7.591213e-03 4.837260e-03 7.177257e-03
7.363149e-01 5.144725e-03 7.589270e-03 4.834511e-03 7.168699e-03
7.383149e-01 5.137441e-03 7.579842e-03 4.831646e-03 7.160033e-03
7.403149e-01 5.124666e-03 7.562941e-03 4.828667e-03 7.151260e-03
7.423149e-01 5.106688e-03 7.538809e-03 4.825579e-03 7.142384e-03
7.443149e-01 5.083946e-03 7.507912e-03 4.822391e-03 7.133412e-03
7.463149e-01 5.057001e-03 7.470915e-03 4.819111e-03 7.124353e-03
7.483149e-01 5.026520e-03 7.428652e-03 4.815753e-03 7.115220e-03
7.503149e-01 4.993246e-03 7.382091e-03 4.812329e-03 7.106029e-03
7.523149e-01 4.957971e-03 7.332300e-03 4.808855e-03 7.096796e-03
7.543149e-01 4.921512e-03 7.280401e-03 4.805348e-03 7.087540e-03
7.563149e-01 4.884681e-03 7.227536e-03 4.801826e-03 7.078281e-03
7.583149e-01 4.848270e-03 7.174836e-03 4.798305e-03 7.069041e-03
7.603149e-01 4.813028e-03 7.123384e-03 4.794803e-03 7.059840e-03
7.623149e-01 4.779651e-03 7.074198e-03 4.791339e-03 7.050698e-03
7.643149e-01 4.748767e-03 7.028207e-03 4.787927e-03 7.041636e-03
7.663149e-01 4.720936e-03 6.986240e-03 4.784585e-03 7.032671e-03
7.683149e-01 4.696636e-03 6.949013e-03 4.781324e-03 7.023821e-03
7.703149e-01 4.676268e-03 6.917122e-03 4.778158e-03 7.015098e-03
7.723149e-01 4.660153e-03 6.891044e-03 4.775095e-03 7.006516e-03
7.743149e-01 4.648531e-03 6.871129e-03 4.772144e-03 6.998082e-03
7.763149e-01 4.641560e-03 6.857604e-03 4.769309e-03 6.989802e-03
7.783149e-01 4.639321e-03 6.850570e-03 4.766593e-03 6.981679e-03
7.803149e-01 4.641816e-03 6.850003e-03 4.763995e-03 6.973711e-03
7.823149e-01 4.648965e-03 6.855754e-03 4.761511e-03 6.965893e-03
7.843149e-01 4.660612e-03 6.867549e-03 4.759136e-03 6.958219e-03
7.863149e-01 4.676518e-03 6.884992e-03 4.756863e-03 6.950678e-03
7.883149e-01 4.696365e-03 6.907562e-03 4.754679e-03 6.943256e-03
7.903149e-01 4.719754e-03 6.934619e-03 4.752573e-03 6.935937e-03
7.923149e-01 4.746207e-03 6.965410e-03 4.750529e-03 6.928703e-03
7.943149e-01 4.775166e-03 6.999072e-03 4.748532e-03 6.921534e-03
7.963149e-01 4.806003e-03 7.034647e-03 4.746564e-03 6.914410e-03
7.983149e-01 4.838021e-03 7.071099e-03 4.744608e-03 6.907309e-03
8.003149e-01 4.870469e-03 7.107328e-03 4.742645e-03 6.900208e-03
8.023149e-01 4.902551e-03 7.142204e-03 4.740655e-03 6.893087e-03
8.043149e-01 4.933448e-03 7.174593e-03 4.738623e-03 6.885925e-03
8.063149e-01 4.962336e-03 7.203391e-03 4.736529e-03 6.878703e-03
8.083149e-01 4.988411e-03 7.227564e-03 4.734359e-03 6.871404e-03
8.103149e-01 5.010917e-03 7.246185e-03 4.732098e-03 6.864012e-03
8.123149e-01 5.029170e-03 7.258470e-03 4.729733e-03 6.856516e-03
8.143149e-01 5.042589e-03 7.263810e-03 4.727255e-03 6.848906e-03
8.163149e-01 5.050715e-03 7.261803e-03 4.724655e-03 6.841176e-03
8.183149e-01 5.053237e-03 7.252263e-03 4.721930e-03 6.833323e-03
8.203149e-01 5.050000e-03 7.235236e-03 4.719075e-03 6.825349e-03
8.223149e-01 5.041015e-03 7.210995e-03 4.716093e-03 6.817257e-03
8.243149e-01 5.026458e-03 7.180023e-03 4.712985e-03 6.809055e-03
8.263149e-01 5.006663e-03 7.142998e-03 4.709759e-03 6.800754e-03
8.283149e-01 4.982104e-03 7.100756e-03 4.706424e-03 6.792368e-03
8.303149e-01 4.953377e-03 7.054264e-03 4.702989e-03 6.783912e-03
8.323149e-01 4.921172e-03 7.004573e-03 4.699468e-03 6.775405e-03
8.343149e-01 4.886253e-03 6.952790e-03 4.695878e-03 6.766867e-03
8.363149e-01 4.849421e-03 6.900036e-03 4.692233e-03 6.758320e-03
8.383149e-01 4.811497e-03 6.847413e-03 4.688553e-03 6.749785e-03
8.403149e-01 4.773294e-03 6.795981e-03 4.684857e-03 6.741286e-03
8.423149e-01 4.735597e-03 6.746732e-03 4.681162e-03 6.732843e-03
8.443149e-01 4.699147e-03 6.700574e-03 4.677489e-03 6.724478e-03
8.463149e-01 4.664629e-03 6.658316e-03 4.673856e-03 6.716210e-03
8.483149e-01 4.632660e-03 6.620660e-03 4.670280e-03 6.708059e-03
8.503149e-01 4.603787e-03 6.588197e-03 4.666779e-03 6.700038e-03
8.523149e-01 4.578481e-03 6.561405e-03 4.663366e-03 6.692162e-03
8.543149e-01 4.557135e-03 6.540644e-03 4.660056e-03 6.684440e-03
8.563149e-01 4.540065e-03 6.526157e-03 4.656859e-03 6.676879e-03
8.583149e-01 4.527510e-03 6.518074e-03 4.653782e-03 6.669483e-03
8.603149e-01 4.519634e-03 6.516408e-03 4.650833e-03 6.662251e-03
8.623149e-01 4.516525e-03 6.521058e-03 4.648013e-03 6.655180e-03
8.643149e-01 4.518196e-03 6.531806e-03 4.645322e-03 6.648264e-03
8.663149e-01 4.524588e-03 6.548320e-03 4.642759e-03 6.641491e-03
8.683149e-01 4.535564e-03 6.570153e-03 4.640316e-03 6.634849e-03
8.703149e-01 4.550914e-03 6.596743e-03 4.637987e-03 6.628322e-03
8.723149e-01 4.570351e-03 6.627418e-03 4.635760e-03 6.621892e-03
8.743149e-01 4.593509e-03 6.661399e-03 4.633622e-03 6.615539e-03
8.763149e-01 4.619947e-03 6.697806e-03 4.631558e-03 6.609240e-03
8.783149e-01 4.649147e-03 6.735672e-03 4.629551e-03 6.602973e-03
8.803149e-01 4.680514e-03 6.773961e-03 4.627583e-03 6.596715e-03
8.823149e-01 4.713387e-03 6.811583e-03 4.625634e-03 6.590443e-03
8.843149e-01 4.747043e-03 6.847425e-03 4.623686e-03 6.584134e-03
8.863149e-01 4.780708e-03 6.880378e-03 4.621717e-03 6.577767e-03
8.883149e-01 4.813572e-03 6.909375e-03 4.619709e-03 6.571323e-03
8.903149e-01 4.844810e-03 6.933424e-03 4.617642e-03 6.564784e-03
8.923149e-01 4.873601e-03 6.951648e-03 4.615499e-03 6.558134e-03
8.943149e-01 4.899154e-03 6.963317e-03 4.613263e-03 6.551363e-03
8.963149e-01 4.920737e-03 6.967882e-03 4.610920e-03 6.544460e-03
8.983149e-01 4.937701e-03 6.964997e-03 4.608457e-03 6.537421e-03
9.003149e-01 4.949509e-03 6.954535e-03 4.605865e-03 6.530243e-03
9.023149e-01 4.955756e-03 6.936592e-03 4.603137e-03 6.522928e-03
9.043149e-01 4.956186e-03 6.911486e-03 4.600267e-03 6.515482e-03
9.063149e-01 4.950708e-03 6.879738e-03 4.597256e-03 6.507913e-03
9.083149e-01 4.939396e-03 6.842050e-03 4.594103e-03 6.500232e-03
9.103149e-01 4.922487e-03 6.799274e-03 4.590815e-03 6.492456e-03
9.123149e-01 4.900369e-03 6.752380e-03 4.587398e-03 6.484600e-03
9.143149e-01 4.873566e-03 6.702416e-03 4.583863e-03 6.476686e-03
9.163149e-01 4.842712e-03 6.650471e-03 4.580221e-03 6.468734e-03
9.183149e-01 4.808529e-03 6.597647e-03 4.576488e-03 6.460767e-03
9.203149e-01 4.771798e-03 6.545019e-03 4.572681e-03 6.452809e-03
9.223149e-01 4.733334e-03 6.493617e-03 4.568818e-03 6.444884e-03
9.243149e-01 4.693956e-03 6.444404e-03 4.564919e-03 6.437014e-03
9.263149e-01 4.654473e-03 6.398256e-03 4.561002e-03 6.429222e-03
9.283149e-01 4.615656e-03 6.355955e-03 4.557090e-03 6.421530e-03
9.303149e-01 4.578232e-03 6.318183e-03 4.553202e-03 6.413956e-03
9.323149e-01 4.542865e-03 6.285513e-03 4.549359e-03 6.406517e-03
9.343149e-01 4.510154e-03 6.258410e-03 4.545578e-03 6.399227e-03
9.363149e-01 4.480625e-03 6.237231e-03 4.541879e-03 6.392099e-03
9.383149e-01 4.454730e-03 6.222227e-03 4.538276e-03 6.385138e-03
9.403149e-01 4.432847e-03 6.213539e-03 4.534784e-03 6.378351e-03
9.423149e-01 4.415279e-03 6.211203e-03 4.531413e-03 6.371737e-03
9.443149e-01 4.402256e-03 6.215149e-03 4.528173e-03 6.365293e-03
9.463149e-01 4.393936e-03 6.225200e-03 4.525071e-03 6.359015e-03
9.483149e-01 4.390408e-03 6.241072e-03 4.522108e-03 6.352891e-03
9.503149e-01 4.391689e-03 6.262377e-03 4.519287e-03 6.346908e-03
9.523149e-01 4.397727e-03 6.288614e-03 4.516602e-03 6.341052e-03
9.543149e-01 4.408402e-03 6.319180e-03 4.514051e-03 6.335303e-03
9.563149e-01 4.423520e-03 6.353366e-03 4.511622e-03 6.329640e-03
9.583149e-01 4.442818e-03 6.390363e-03 4.509307e-03 6.324042e-03
9.603149e-01 4.465956e-03 6.429272e-03 4.507090e-03 6.318484e-03
9.623149e-01 4.492522e-03 6.469114e-03 4.504957e-03 6.312942e-03
9.643149e-01 4.522027e-03 6.508849e-03 4.502889e-03 6.307392e-03
9.663149e-01 4.553910e-03 6.547396e-03 4.500868e-03 6.301809e-03
9.683149e-01 4.587540e-03 6.583658e-03 4.498873e-03 6.296170e-03
9.703149e-01 4.622220e-03 6.616558e-03 4.496883e-03 6.290454e-03
9.723149e-01 4.657198e-03 6.645068e-03 4.494876e-03 6.284639e-03
9.743149e-01 4.691680e-03 6.668248e-03 4.492832e-03 6.278710e-03
9.763149e-01 4.724844e-03 6.685283e-03 4.490730e-03 6.272651e-03
9.783149e-01 4.755865e-03 6.695510e-03 4.488550e-03 6.266451e-03
9.803149e-01 4.783931e-03 6.698455e-03 4.486274e-03 6.260102e-03
9.823149e-01 4.808279e-03 6.693846e-03 4.483886e-03 6.253598e-03
9.843149e-01 4.828210e-03 6.681630e-03 4.481371e-03 6.246940e-03
9.863149e-01 4.843127e-03 6.661973e-03 4.478717e-03 6.240129e-03
9.883149e-01 4.852554e-03 6.635252e-03 4.475917e-03 6.233174e-03
9.903149e-01 4.856153e-03 6.602039e-03 4.472962e-03 6.226083e-03
9.923149e-01 4.853749e-03 6.563074e-03 4.469851e-03 6.218870e-03
9.943149e-01 4.845327e-03 6.519234e-03 4.466583e-03 6.211552e-03
9.963149e-01 4.831041e-03 6.471499e-03 4.463161e-03 6.204148e-03
9.983149e-01 4.811199e-03 6.420916e-03 4.459591e-03 6.196678e-03
1.000315e+00 4.786258e-03 6.368562e-03 4.455883e-03 6.189166e-03
1.002315e+00 4.756797e-03 6.315514e-03 4.452048e-03 6.181636e-03
1.004315e+00 4.723494e-03 6.262821e-03 4.448100e-03 6.174113e-03
1.006315e+00 4.687102e-03 6.211477e-03 4.444057e-03 6.166623e-03
1.008315e+00 4.648422e-03 6.162408e-03 4.439936e-03 6.159188e-03
1.010315e+00 4.608274e-03 6.116455e-03 4.435758e-03 6.151834e-03
1.012315e+00 4.567475e-03 6.074365e-03 4.431543e-03 6.144582e-03
1.014315e+00 4.526820e-03 6.036787e-03 4.427313e-03 6.137453e-03
1.016315e+00 4.487062e-03 6.004268e-03 4.423090e-03 6.130465e-03
1.018315e+00 4.448901e-03 5.977253e-03 4.418895e-03 6.123633e-03
1.020315e+00 4.412976e-03 5.956086e-03 4.414750e-03 6.116968e-03
1.022315e+00 4.379857e-03 5.941008e-03 4.410674e-03 6.110479e-03
1.024315e+00 4.350042e-03 5.932166e-03 4.406687e-03 6.104172e-03
1.026315e+00 4.323957e-03 5.929603e-03 4.402804e-03 6.098047e-03
1.028315e+00 4.301955e-03 5.933268e-03 4.399039e-03 6.092103e-03
1.030315e+00 4.284321e-03 5.943012e-03 4.395405e-03 6.086332e-03
1.032315e+00 4.271266e-03 5.958587e-03 4.391912e-03 6.080727e-03
1.034315e+00 4.262938e-03 5.979643e-03 4.388564e-03 6.075273e-03
1.036315e+00 4.259416e-03 6.005732e-03 4.385366e-03 6.069954e-03
1.038315e+00 4.260717e-03 6.036305e-03 4.382318e-03 6.064752e-03
1.040315e+00 4.266790e-03 6.070711e-03 4.379417e-03 6.059645e-03
1.042315e+00 4.277521e-03 6.108201e-03 4.376657e-03 6.054610e-03
1.044315e+00 4.292728e-03 6.147936e-03 4.374029e-03 6.049623e-03
1.046315e+00 4.312160e-03 6.188993e-03 4.371521e-03 6.044658e-03
1.048315e+00 4.335500e-03 6.230378e-03 4.369120e-03 6.039689e-03
1.050315e+00 4.362354e-03 6.271049e-03 4.366807e-03 6.034690e-03
1.052315e+00 4.392260e-03 6.309931e-03 4.364566e-03 6.029636e-03
1.054315e+00 4.424682e-03 6.345951e-03 4.362375e-03 6.024503e-03
1.056315e+00 4.459011e-03 6.378067e-03 4.360213e-03 6.019270e-03
1.058315e+00 4.494577e-03 6.405301e-03 4.358058e-03 6.013917e-03
1.060315e+00 4.530648e-03 6.426776e-03 4.355887e-03 6.008426e-03
1.062315e+00 4.566445e-03 6.441750e-03 4.353676e-03 6.002784e-03
1.064315e+00 4.601155e-03 6.449647e-03 4.351405e-03 5.996980e-03
1.066315e+00 4.633953e-03 6.450082e-03 4.349052e-03 5.991007e-03
1.068315e+00 4.664018e-03 6.442875e-03 4.346596e-03 5.984863e-03
1.070315e+00 4.690563e-03 6.428065e-03 4.344020e-03 5.978547e-03
1.072315e+00 4.712861e-03 6.405902e-03 4.341308e-03 5.972065e-03
1.074315e+00 4.730268e-03 6.376839e-03 4.338445e-03 5.965424e-03
1.076315e+00 4.742255e-03 6.341509e-03 4.335422e-03 5.958637e-03
1.078315e+00 4.748423e-03 6.300700e-03 4.332230e-03 5.951719e-03
1.080315e+00 4.748528e-03 6.255318e-03 4.328864e-03 5.944688e-03
1.082315e+00 4.742485e-03 6.206360e-03 4.325323e-03 5.937564e-03
1.084315e+00 4.730376e-03 6.154870e-03 4.321608e-03 5.930371e-03
1.086315e+00 4.712447e-03 6.101913e-03 4.317726e-03 5.923134e-03
1.088315e+00 4.689090e-03 6.048539e-03 4.313682e-03 5.915877e-03
1.090315e+00 4.660836e-03 5.995764e-03 4.309490e-03 5.908628e-03
1.092315e+00 4.628321e-03 5.944542e-03 4.305162e-03 5.901412e-03
1.094315e+00 4.592272e-03 5.895756e-03 4.300714e-03 5.894256e-03
1.096315e+00 4.553469e-03 5.850203e-03 4.296166e-03 5.887185e-03
1.098315e+00 4.512727e-03 5.808588e-03 4.291537e-03 5.880221e-03
1.100315e+00 4.470866e-03 5.771520e-03 4.286849e-03 5.873385e-03
1.102315e+00 4.428693e-03 5.739512e-03 4.282125e-03 5.866697e-03
1.104315e+00 4.386980e-03 5.712980e-03 4.277386e-03 5.860171e-03
1.106315e+00 4.346454e-03 5.692243e-03 4.272658e-03 5.853821e-03
1.108315e+00 4.307782e-03 5.677530e-03 4.267962e-03 5.847656e-03
1.110315e+00 4.271566e-03 5.668977e-03 4.263319e-03 5.841680e-03
1.112315e+00 4.238341e-03 5.666629e-03 4.258752e-03 5.835896e-03
1.114315e+00 4.208569e-03 5.670442e-03 4.254278e-03 5.830300e-03
1.116315e+00 4.182642e-03 5.680282e-03 4.249915e-03 5.824888e-03
1.118315e+00 4.160885e-03 5.695923e-03 4.245678e-03 5.819648e-03
1.120315e+00 4.143552e-03 5.717047e-03 4.241578e-03 5.814568e-03
1.122315e+00 4.130837e-03 5.743244e-03 4.237624e-03 5.809632e-03
1.124315e+00 4.122866e-03 5.774004e-03 4.233823e-03 5.804820e-03
1.126315e+00 4.119708e-03 5.808724e-03 4.230177e-03 5.800109e-03
1.128315e+00 4.121369e-03 5.846706e-03 4.226687e-03 5.795476e-03
1.130315e+00 4.127795e-03 5.887161e-03 4.223348e-03 5.790895e-03
1.132315e+00 4.138872e-03 5.929213e-03 4.220155e-03 5.786340e-03
1.134315e+00 4.154423e-03 5.971915e-03 4.217096e-03 5.781783e-03
1.136315e+00 4.174207e-03 6.014260e-03 4.214161e-03 5.777197e-03
1.138315e+00 4.197915e-03 6.055201e-03 4.211333e-03 5.772554e-03
1.140315e+00 4.225173e-03 6.093679e-03 4.208595e-03 5.767831e-03
1.142315e+00 4.255533e-03 6.128649e-03 4.205927e-03 5.763002e-03
1.144315e+00 4.288477e-03 6.159113e-03 4.203307e-03 5.758046e-03
1.146315e+00 4.323420e-03 6.184156e-03 4.200713e-03 5.752944e-03
1.148315e+00 4.359707e-03 6.202979e-03 4.198120e-03 5.747680e-03
1.150315e+00 4.396625e-03 6.214933e-03 4.195505e-03 5.742240e-03
1.152315e+00 4.433409e-03 6.219543e-03 4.192844e-03 5.736617e-03
1.154315e+00 4.469256e-03 6.216533e-03 4.190111e-03 5.730805e-03
1.156315e+00 4.503342e-03 6.205835e-03 4.187285e-03 5.724802e-03
1.158315e+00 4.534845e-03 6.187593e-03 4.184344e-03 5.718611e-03
1.160315e+00 4.562964e-03 6.162157e-03 4.181268e-03 5.712239e-03
1.162315e+00 4.586952e-03 6.130066e-03 4.178040e-03 5.705696e-03
1.164315e+00 4.606136e-03 6.092022e-03 4.174643e-03 5.698997e-03
1.166315e+00 4.619947e-03 6.048865e-03 4.171066e-03 5.692158e-03
1.168315e+00 4.627942e-03 6.001537e-03 4.167299e-03 5.685200e-03
1.170315e+00 4.629826e-03 5.951046e-03 4.163335e-03 5.678146e-03
1.172315e+00 4.625460e-03 5.898434e-03 4.159173e-03 5.671020e-03
1.174315e+00 4.614874e-03 5.844747e-03 4.154811e-03 5.663849e-03
1.176315e+00 4.598257e-03 5.791005e-03 4.150255e-03 5.656659e-03
1.178315e+00 4.575957e-03 5.738183e-03 4.145511e-03 5.649480e-03
1.180315e+00 4.548460e-03 5.687188e-03 4.140589e-03 5.642337e-03
1.182315e+00 4.516369e-03 5.638854e-03 4.135502e-03 5.635258e-03
1.184315e+00 4.480382e-03 5.593926e-03 4.130267e-03 5.628270e-03
1.186315e+00 4.441264e-03 5.553060e-03 4.124902e-03 5.621394e-03
1.188315e+00 4.399819e-03 5.516818e-03 4.119427e-03 5.614655e-03
1.190315e+00 4.356866e-03 5.485671e-03 4.113864e-03 5.608069e-03
1.192315e+00 4.313220e-03 5.459998e-03 4.108236e-03 5.601654e-03
1.194315e+00 4.269662e-03 5.440090e-03 4.102567e-03 5.595422e-03
1.196315e+00 4.226937e-03 5.426153e-03 4.096882e-03 5.589382e-03
1.198315e+00 4.185732e-03 5.418306e-03 4.091203e-03 5.583539e-03
1.200315e+00 4.146673e-03 5.416586e-03 4.085555e-03 5.577894e-03
1.202315e+00 4.110319e-03 5.420948e-03 4.079960e-03 5.572446e-03
1.204315e+00 4.077160e-03 5.431265e-03 4.074439e-03 5.567187e-03
1.206315e+00 4.047616e-03 5.447323e-03 4.069011e-03 5.562107e-03
1.208315e+00 4.022041e-03 5.468826e-03 4.063693e-03 5.557193e-03
1.210315e+00 4.000722e-03 5.495387e-03 4.058499e-03 5.552426e-03
1.212315e+00 3.983885e-03 5.526530e-03 4.053440e-03 5.547787e-03
1.214315e+00 3.971694e-03 5.561687e-03 4.048526e-03 5.543253e-03
1.216315e+00 3.964254e-03 5.600199e-03 4.043761e-03 5.538799e-03
1.218315e+00 3.961616e-03 5.641318e-03 4.039147e-03 5.534397e-03
1.220315e+00 3.963773e-03 5.684209e-03 4.034683e-03 5.530021e-03
1.222315e+00 3.970663e-03 5.727963e-03 4.030365e-03 5.525641e-03
1.224315e+00 3.982166e-03 5.771608e-03 4.026184e-03 5.521228e-03
1.226315e+00 3.998105e-03 5.814125e-03 4.022129e-03 5.516754e-03
1.228315e+00 4.018241e-03 5.854470e-03 4.018187e-03 5.512193e-03
1.230315e+00 4.042272e-03 5.891606e-03 4.014339e-03 5.507518e-03
1.232315e+00 4.069832e-03 5.924528e-03 4.010568e-03 5.502706e-03
1.234315e+00 4.100484e-03 5.952299e-03 4.006852e-03 5.497735e-03
1.236315e+00 4.133723e-03 5.974082e-03 4.003167e-03 5.492589e-03
1.238315e+00 4.168977e-03 5.989176e-03 3.999488e-03 5.487252e-03
1.240315e+00 4.205605e-03 5.997044e-03 3.995791e-03 5.481712e-03
1.242315e+00 4.242906e-03 5.997333e-03 3.992049e-03 5.475965e-03
1.244315e+00 4.280126e-03 5.989895e-03 3.988236e-03 5.470005e-03
1.246315e+00 4.316470e-03 5.974789e-03 3.984327e-03 5.463834e-03
1.248315e+00 4.351120e-03 5.952281e-03 3.980296e-03 5.457458e-03
1.250315e+00 4.383252e-03 5.922830e-03 3.976119e-03 5.450886e-03
1.252315e+00 4.412059e-03 5.887067e-03 3.971777e-03 5.444129e-03
1.254315e+00 4.436781e-03 5.845770e-03 3.967248e-03 5.437206e-03
1.256315e+00 4.456727e-03 5.799830e-03 3.962515e-03 5.430135e-03
1.258315e+00 4.471302e-03 5.750218e-03 3.957565e-03 5.422939e-03
1.260315e+00 4.480035e-03 5.697953e-03 3.952386e-03 5.415643e-03
1.262315e+00 4.482595e-03 5.644066e-03 3.946970e-03 5.408273e-03
1.264315e+00 4.478808e-03 5.589578e-03 3.941313e-03 5.400857e-03
1.266315e+00 4.468662e-03 5.535470e-03 3.935413e-03 5.393425e-03
1.268315e+00 4.452312e-03 5.482666e-03 3.929274e-03 5.386004e-03
1.270315e+00 4.430068e-03 5.432022e-03 3.922900e-03 5.378625e-03
1.272315e+00 4.402385e-03 5.384312e-03 3.916301e-03 5.371313e-03
1.274315e+00 4.369839e-03 5.340222e-03 3.909490e-03 5.364096e-03
1.276315e+00 4.333106e-03 5.300353e-03 3.902481e-03 5.356998e-03
1.278315e+00 4.292936e-03 5.265215e-03 3.895292e-03 5.350041e-03
1.280315e+00 4.250125e-03 5.235229e-03 3.887943e-03 5.343243e-03
1.282315e+00 4.205488e-03 5.210735e-03 3.880455e-03 5.336621e-03
1.284315e+00 4.159839e-03 5.191987e-03 3.872853e-03 5.330186e-03
1.286315e+00 4.113967e-03 5.179161e-03 3.865159e-03 5.323949e-03
1.288315e+00 4.068625e-03 5.172356e-03 3.857399e-03 5.317912e-03
1.290315e+00 4.024512e-03 5.171595e-03 3.849596e-03 5.312077e-03
1.292315e+00 3.982269e-03 5.176825e-03 3.841775e-03 5.306440e-03
1.294315e+00 3.942469e-03 5.187916e-03 3.833960e-03 5.300994e-03
1.296315e+00 3.905621e-03 5.204661e-03 3.826171e-03 5.295728e-03
1.298315e+00 3.872164e-03 5.226775e-03 3.818429e-03 5.290626e-03
1.300315e+00 3.842470e-03 5.253887e-03 3.810753e-03 5.285671e-03
1.302315e+00 3.816848e-03 5.285543e-03 3.803157e-03 5.280841e-03
1.304315e+00 3.795546e-03 5.321202e-03 3.795655e-03 5.276111e-03
1.306315e+00 3.778753e-03 5.360234e-03 3.788256e-03 5.271456e-03
1.308315e+00 3.766603e-03 5.401921e-03 3.780966e-03 5.266847e-03
1.310315e+00 3.759175e-03 5.445462e-03 3.773790e-03 5.262255e-03
1.312315e+00 3.756497e-03 5.489980e-03 3.766726e-03 5.257649e-03
1.314315e+00 3.758546e-03 5.534531e-03 3.759770e-03 5.253000e-03
1.316315e+00 3.765246e-03 5.578120e-03 3.752917e-03 5.248277e-03
