# results/qpc_wx1.0_A_B0.25.npz: LDOS at x = 0, 1/(meV nm), Lorentzian; M_loc = 0.7205
# e-mu[meV] rho_up(eta=0.05) rho_dn(eta=0.05) rho_up(eta=0.1) rho_dn(eta=0.1)
-1.246638e+00 8.433800e-04 6.599380e-05 1.630974e-03 1.315264e-04
-1.244638e+00 8.504399e-04 6.616486e-05 1.644111e-03 1.318654e-04
-1.242638e+00 8.575924e-04 6.633667e-05 1.657411e-03 1.322058e-04
-1.240638e+00 8.648394e-04 6.650923e-05 1.670877e-03 1.325476e-04
-1.238638e+00 8.721824e-04 6.668255e-05 1.684512e-03 1.328910e-04
-1.236638e+00 8.796232e-04 6.685663e-05 1.698319e-03 1.332358e-04
-1.234638e+00 8.871635e-04 6.703148e-05 1.712301e-03 1.335821e-04
-1.232638e+00 8.948053e-04 6.720710e-05 1.726461e-03 1.339299e-04
-1.230638e+00 9.025503e-04 6.738350e-05 1.740801e-03 1.342793e-04
-1.228638e+00 9.104005e-04 6.756068e-05 1.755326e-03 1.346302e-04
-1.226638e+00 9.183577e-04 6.773865e-05 1.770037e-03 1.349826e-04
-1.224638e+00 9.264241e-04 6.791741e-05 1.784938e-03 1.353365e-04
-1.222638e+00 9.346015e-04 6.809698e-05 1.800033e-03 1.356920e-04
-1.220638e+00 9.428922e-04 6.827736e-05 1.815325e-03 1.360491e-04
-1.218638e+00 9.512983e-04 6.845854e-05 1.830817e-03 1.364078e-04
-1.216638e+00 9.598219e-04 6.864055e-05 1.846513e-03 1.367681e-04
-1.214638e+00 9.684652e-04 6.882338e-05 1.862416e-03 1.371299e-04
-1.212638e+00 9.772306e-04 6.900704e-05 1.878530e-03 1.374934e-04
-1.210638e+00 9.861205e-04 6.919154e-05 1.894859e-03 1.378585e-04
-1.208638e+00 9.951371e-04 6.937688e-05 1.911407e-03 1.382253e-04
-1.206638e+00 1.004283e-03 6.956307e-05 1.928177e-03 1.385937e-04
-1.204638e+00 1.013561e-03 6.975012e-05 1.945174e-03 1.389637e-04
-1.202638e+00 1.022973e-03 6.993803e-05 1.962401e-03 1.393354e-04
-1.200638e+00 1.032522e-03 7.012681e-05 1.979863e-03 1.397089e-04
-1.198638e+00 1.042211e-03 7.031646e-05 1.997564e-03 1.400840e-04
-1.196638e+00 1.052043e-03 7.050700e-05 2.015509e-03 1.404608e-04
-1.194638e+00 1.062020e-03 7.069843e-05 2.033701e-03 1.408393e-04
-1.192638e+00 1.072146e-03 7.089076e-05 2.052146e-03 1.412196e-04
-1.190638e+00 1.082422e-03 7.108399e-05 2.070847e-03 1.416017e-04
-1.188638e+00 1.092854e-03 7.127813e-05 2.089811e-03 1.419855e-04
-1.186638e+00 1.103443e-03 7.147319e-05 2.109041e-03 1.423710e-04
-1.184638e+00 1.114192e-03 7.166917e-05 2.128543e-03 1.427584e-04
-1.182638e+00 1.125106e-03 7.186609e-05 2.148322e-03 1.431476e-04
-1.180638e+00 1.136188e-03 7.206395e-05 2.168383e-03 1.435385e-04
-1.178638e+00 1.147441e-03 7.226276e-05 2.188731e-03 1.439313e-04
-1.176638e+00 1.158868e-03 7.246253e-05 2.209373e-03 1.443260e-04
-1.174638e+00 1.170474e-03 7.266326e-05 2.230312e-03 1.447225e-04
-1.172638e+00 1.182263e-03 7.286496e-05 2.251556e-03 1.451209e-04
-1.170638e+00 1.194237e-03 7.306764e-05 2.273110e-03 1.455212e-04
-1.168638e+00 1.206401e-03 7.327132e-05 2.294980e-03 1.459233e-04
-1.166638e+00 1.218760e-03 7.347599e-05 2.317172e-03 1.463274e-04
-1.164638e+00 1.231317e-03 7.368166e-05 2.339692e-03 1.467334e-04
-1.162638e+00 1.244078e-03 7.388835e-05 2.362548e-03 1.471414e-04
-1.160638e+00 1.257045e-03 7.409607e-05 2.385745e-03 1.475513e-04
-1.158638e+00 1.270225e-03 7.430482e-05 2.409290e-03 1.479633e-04
-1.156638e+00 1.283621e-03 7.451461e-05 2.433191e-03 1.483772e-04
-1.154638e+00 1.297238e-03 7.472545e-05 2.457454e-03 1.487931e-04
-1.152638e+00 1.311082e-03 7.493735e-05 2.482086e-03 1.492110e-04
-1.150638e+00 1.325158e-03 7.515032e-05 2.507096e-03 1.496310e-04
-1.148638e+00 1.339471e-03 7.536437e-05 2.532490e-03 1.500531e-04
-1.146638e+00 1.354026e-03 7.557952e-05 2.558276e-03 1.504772e-04
-1.144638e+00 1.368828e-03 7.579576e-05 2.584463e-03 1.509034e-04
-1.142638e+00 1.383885e-03 7.601311e-05 2.611059e-03 1.513317e-04
-1.140638e+00 1.399202e-03 7.623158e-05 2.638071e-03 1.517622e-04
-1.138638e+00 1.414784e-03 7.645119e-05 2.665509e-03 1.521948e-04
-1.136638e+00 1.430638e-03 7.667193e-05 2.693382e-03 1.526296e-04
-1.134638e+00 1.446771e-03 7.689383e-05 2.721698e-03 1.530666e-04
-1.132638e+00 1.463189e-03 7.711690e-05 2.750467e-03 1.535058e-04
-1.130638e+00 1.479899e-03 7.734114e-05 2.779699e-03 1.539472e-04
-1.128638e+00 1.496909e-03 7.756656e-05 2.809402e-03 1.543908e-04
-1.126638e+00 1.514225e-03 7.779319e-05 2.839588e-03 1.548367e-04
-1.124638e+00 1.531855e-03 7.802103e-05 2.870266e-03 1.552849e-04
-1.122638e+00 1.549807e-03 7.825009e-05 2.901446e-03 1.557354e-04
-1.120638e+00 1.568089e-03 7.848039e-05 2.933141e-03 1.561882e-04
-1.118638e+00 1.586709e-03 7.871194e-05 2.965360e-03 1.566434e-04
-1.116638e+00 1.605676e-03 7.894476e-05 2.998115e-03 1.571009e-04
-1.114638e+00 1.624999e-03 7.917884e-05 3.031418e-03 1.575608e-04
-1.112638e+00 1.644686e-03 7.941422e-05 3.065281e-03 1.580231e-04
-1.110638e+00 1.664747e-03 7.965091e-05 3.099715e-03 1.584879e-04
-1.108638e+00 1.685192e-03 7.988891e-05 3.134735e-03 1.589551e-04
-1.106638e+00 1.706031e-03 8.012824e-05 3.170351e-03 1.594248e-04
-1.104638e+00 1.727274e-03 8.036892e-05 3.206579e-03 1.598969e-04
-1.102638e+00 1.748932e-03 8.061097e-05 3.243430e-03 1.603717e-04
-1.100638e+00 1.771016e-03 8.085440e-05 3.280920e-03 1.608489e-04
-1.098638e+00 1.793538e-03 8.109922e-05 3.319063e-03 1.613287e-04
-1.096638e+00 1.816509e-03 8.134545e-05 3.357873e-03 1.618112e-04
-1.094638e+00 1.839941e-03 8.159311e-05 3.397365e-03 1.622962e-04
-1.092638e+00 1.863848e-03 8.184221e-05 3.437556e-03 1.627839e-04
-1.090638e+00 1.888243e-03 8.209278e-05 3.478460e-03 1.632743e-04
-1.088638e+00 1.913138e-03 8.234483e-05 3.520094e-03 1.637673e-04
-1.086638e+00 1.938548e-03 8.259838e-05 3.562475e-03 1.642631e-04
-1.084638e+00 1.964489e-03 8.285345e-05 3.605621e-03 1.647617e-04
-1.082638e+00 1.990974e-03 8.311006e-05 3.649548e-03 1.652630e-04
-1.080638e+00 2.018019e-03 8.336823e-05 3.694276e-03 1.657672e-04
-1.078638e+00 2.045641e-03 8.362797e-05 3.739822e-03 1.662741e-04
-1.076638e+00 2.073857e-03 8.388932e-05 3.786206e-03 1.667840e-04
-1.074638e+00 2.102684e-03 8.415229e-05 3.833448e-03 1.672967e-04
-1.072638e+00 2.132140e-03 8.441691e-05 3.881567e-03 1.678124e-04
-1.070638e+00 2.162244e-03 8.468319e-05 3.930585e-03 1.683310e-04
-1.068638e+00 2.193016e-03 8.495117e-05 3.980523e-03 1.688527e-04
-1.066638e+00 2.224475e-03 8.522086e-05 4.031402e-03 1.693773e-04
-1.064638e+00 2.256644e-03 8.549230e-05 4.083245e-03 1.699050e-04
-1.062638e+00 2.289543e-03 8.576550e-05 4.136075e-03 1.704358e-04
-1.060638e+00 2.323196e-03 8.604050e-05 4.189916e-03 1.709696e-04
-1.058638e+00 2.357626e-03 8.631733e-05 4.244793e-03 1.715067e-04
-1.056638e+00 2.392857e-03 8.659600e-05 4.300729e-03 1.720469e-04
-1.054638e+00 2.428916e-03 8.687656e-05 4.357751e-03 1.725904e-04
-1.052638e+00 2.465829e-03 8.715903e-05 4.415884e-03 1.731371e-04
-1.050638e+00 2.503624e-03 8.744344e-05 4.475157e-03 1.736871e-04
-1.048638e+00 2.542329e-03 8.772983e-05 4.535596e-03 1.742404e-04
-1.046638e+00 2.581975e-03 8.801823e-05 4.597231e-03 1.747971e-04
-1.044638e+00 2.622593e-03 8.830868e-05 4.660089e-03 1.753572e-04
-1.042638e+00 2.664215e-03 8.860121e-05 4.724202e-03 1.759207e-04
-1.040638e+00 2.706875e-03 8.889586e-05 4.789599e-03 1.764877e-04
-1.038638e+00 2.750610e-03 8.919267e-05 4.856313e-03 1.770582e-04
-1.036638e+00 2.795455e-03 8.949169e-05 4.924376e-03 1.776323e-04
-1.034638e+00 2.841450e-03 8.979295e-05 4.993820e-03 1.782100e-04
-1.032638e+00 2.888634e-03 9.009649e-05 5.064680e-03 1.787913e-04
-1.030638e+00 2.937050e-03 9.040237e-05 5.136990e-03 1.793763e-04
-1.028638e+00 2.986741e-03 9.071063e-05 5.210787e-03 1.799651e-04
-1.026638e+00 3.037753e-03 9.102132e-05 5.286106e-03 1.805576e-04
-1.024638e+00 3.090134e-03 9.133449e-05 5.362985e-03 1.811539e-04
-1.022638e+00 3.143933e-03 9.165021e-05 5.441464e-03 1.817540e-04
-1.020638e+00 3.199203e-03 9.196851e-05 5.521580e-03 1.823581e-04
-1.018638e+00 3.255997e-03 9.228947e-05 5.603374e-03 1.829661e-04
-1.016638e+00 3.314373e-03 9.261314e-05 5.686887e-03 1.835780e-04
-1.014638e+00 3.374389e-03 9.293958e-05 5.772162e-03 1.841940e-04
-1.012638e+00 3.436108e-03 9.326887e-05 5.859241e-03 1.848141e-04
-1.010638e+00 3.499593e-03 9.360108e-05 5.948169e-03 1.854383e-04
-1.008638e+00 3.564912e-03 9.393627e-05 6.038990e-03 1.860667e-04
-1.006638e+00 3.632135e-03 9.427452e-05 6.131751e-03 1.866992e-04
-1.004638e+00 3.701335e-03 9.461591e-05 6.226499e-03 1.873361e-04
-1.002638e+00 3.772589e-03 9.496053e-05 6.323281e-03 1.879772e-04
-1.000638e+00 3.845975e-03 9.530846e-05 6.422147e-03 1.886227e-04
-9.986379e-01 3.921575e-03 9.565979e-05 6.523147e-03 1.892726e-04
-9.966379e-01 3.999476e-03 9.601462e-05 6.626331e-03 1.899269e-04
-9.946379e-01 4.079765e-03 9.637304e-05 6.731752e-03 1.905858e-04
-9.926379e-01 4.162536e-03 9.673516e-05 6.839463e-03 1.912491e-04
-9.906379e-01 4.247884e-03 9.710108e-05 6.949519e-03 1.919171e-04
-9.886379e-01 4.335907e-03 9.747092e-05 7.061973e-03 1.925897e-04
-9.866379e-01 4.426706e-03 9.784480e-05 7.176882e-03 1.932669e-04
-9.846379e-01 4.520386e-03 9.822283e-05 7.294304e-03 1.939489e-04
-9.826379e-01 4.617055e-03 9.860514e-05 7.414296e-03 1.946356e-04
-9.806379e-01 4.716823e-03 9.899185e-05 7.536917e-03 1.953271e-04
-9.786379e-01 4.819802e-03 9.938311e-05 7.662228e-03 1.960235e-04
-9.766379e-01 4.926109e-03 9.977905e-05 7.790289e-03 1.967248e-04
-9.746379e-01 5.035860e-03 1.001798e-04 7.921162e-03 1.974309e-04
-9.726379e-01 5.149175e-03 1.005855e-04 8.054910e-03 1.981421e-04
-9.706379e-01 5.266175e-03 1.009963e-04 8.191596e-03 1.988582e-04
-9.686379e-01 5.386985e-03 1.014124e-04 8.331286e-03 1.995794e-04
-9.666379e-01 5.511730e-03 1.018339e-04 8.474044e-03 2.003057e-04
-9.646379e-01 5.640537e-03 1.022609e-04 8.619936e-03 2.010370e-04
-9.626379e-01 5.773537e-03 1.026936e-04 8.769029e-03 2.017735e-04
-9.606379e-01 5.910863e-03 1.031322e-04 8.921391e-03 2.025152e-04
-9.586379e-01 6.052653e-03 1.035767e-04 9.077090e-03 2.032620e-04
-9.566379e-01 6.199049e-03 1.040272e-04 9.236194e-03 2.040141e-04
-9.546379e-01 6.350198e-03 1.044839e-04 9.398772e-03 2.047714e-04
-9.526379e-01 6.506255e-03 1.049469e-04 9.564894e-03 2.055340e-04
-9.506379e-01 6.667385e-03 1.054161e-04 9.734629e-03 2.063018e-04
-9.486379e-01 6.833761e-03 1.058917e-04 9.908046e-03 2.070750e-04
-9.466379e-01 7.005569e-03 1.063737e-04 1.008522e-02 2.078535e-04
-9.446379e-01 7.183007e-03 1.068620e-04 1.026621e-02 2.086373e-04
-9.426379e-01 7.366290e-03 1.073565e-04 1.045109e-02 2.094265e-04
-9.406379e-01 7.555647e-03 1.078571e-04 1.063993e-02 2.102211e-04
-9.386379e-01 7.751326e-03 1.083637e-04 1.083280e-02 2.110210e-04
-9.366379e-01 7.953592e-03 1.088760e-04 1.102976e-02 2.118264e-04
-9.346379e-01 8.162730e-03 1.093937e-04 1.123088e-02 2.126372e-04
-9.326379e-01 8.379044e-03 1.099164e-04 1.143622e-02 2.134534e-04
-9.306379e-01 8.602859e-03 1.104439e-04 1.164585e-02 2.142750e-04
-9.286379e-01 8.834520e-03 1.109756e-04 1.185981e-02 2.151021e-04
-9.266379e-01 9.074391e-03 1.115110e-04 1.207818e-02 2.159347e-04
-9.246379e-01 9.322859e-03 1.120497e-04 1.230099e-02 2.167727e-04
-9.226379e-01 9.580329e-03 1.125909e-04 1.252831e-02 2.176163e-04
-9.206379e-01 9.847230e-03 1.131343e-04 1.276017e-02 2.184654e-04
-9.186379e-01 1.012401e-02 1.136793e-04 1.299662e-02 2.193200e-04
-9.166379e-01 1.041113e-02 1.142253e-04 1.323769e-02 2.201802e-04
-9.146379e-01 1.070909e-02 1.147718e-04 1.348340e-02 2.210460e-04
-9.126379e-01 1.101840e-02 1.153185e-04 1.373379e-02 2.219175e-04
-9.106379e-01 1.133958e-02 1.158650e-04 1.398887e-02 2.227946e-04
-9.086379e-01 1.167320e-02 1.164110e-04 1.424864e-02 2.236774e-04
-9.066379e-01 1.201982e-02 1.169565e-04 1.451310e-02 2.245660e-04
-9.046379e-01 1.238004e-02 1.175013e-04 1.478224e-02 2.254603e-04
-9.026379e-01 1.275448e-02 1.180456e-04 1.505604e-02 2.263606e-04
-9.006379e-01 1.314377e-02 1.185894e-04 1.533446e-02 2.272667e-04
-8.986379e-01 1.354857e-02 1.191330e-04 1.561746e-02 2.281788e-04
-8.966379e-01 1.396956e-02 1.196767e-04 1.590497e-02 2.290969e-04
-8.946379e-01 1.440743e-02 1.202208e-04 1.619693e-02 2.300210e-04
-8.926379e-01 1.486290e-02 1.207657e-04 1.649323e-02 2.309514e-04
-8.906379e-01 1.533669e-02 1.213119e-04 1.679378e-02 2.318880e-04
-8.886379e-01 1.582953e-02 1.218598e-04 1.709845e-02 2.328309e-04
-8.866379e-01 1.634218e-02 1.224099e-04 1.740710e-02 2.337802e-04
-8.846379e-01 1.687539e-02 1.229627e-04 1.771955e-02 2.347360e-04
-8.826379e-01 1.742990e-02 1.235185e-04 1.803564e-02 2.356984e-04
-8.806379e-01 1.800648e-02 1.240778e-04 1.835514e-02 2.366674e-04
-8.786379e-01 1.860584e-02 1.246411e-04 1.867784e-02 2.376432e-04
-8.766379e-01 1.922871e-02 1.252087e-04 1.900348e-02 2.386258e-04
-8.746379e-01 1.987577e-02 1.257810e-04 1.933178e-02 2.396154e-04
-8.726379e-01 2.054766e-02 1.263583e-04 1.966243e-02 2.406121e-04
-8.706379e-01 2.124497e-02 1.269410e-04 1.999511e-02 2.416159e-04
-8.686379e-01 2.196822e-02 1.275292e-04 2.032945e-02 2.426270e-04
-8.666379e-01 2.271785e-02 1.281234e-04 2.066507e-02 2.436455e-04
-8.646379e-01 2.349419e-02 1.287237e-04 2.100156e-02 2.446715e-04
-8.626379e-01 2.429745e-02 1.293304e-04 2.133848e-02 2.457050e-04
-8.606379e-01 2.512768e-02 1.299437e-04 2.167534e-02 2.467463e-04
-8.586379e-01 2.598477e-02 1.305637e-04 2.201167e-02 2.477954e-04
-8.566379e-01 2.686840e-02 1.311907e-04 2.234692e-02 2.488524e-04
-8.546379e-01 2.777803e-02 1.318248e-04 2.268054e-02 2.499174e-04
-8.526379e-01 2.871284e-02 1.324662e-04 2.301196e-02 2.509906e-04
-8.506379e-01 2.967170e-02 1.331149e-04 2.334057e-02 2.520720e-04
-8.486379e-01 3.065319e-02 1.337713e-04 2.366574e-02 2.531619e-04
-8.466379e-01 3.165548e-02 1.344353e-04 2.398683e-02 2.542602e-04
-8.446379e-01 3.267635e-02 1.351071e-04 2.430317e-02 2.553671e-04
-8.426379e-01 3.371316e-02 1.357869e-04 2.461407e-02 2.564827e-04
-8.406379e-01 3.476279e-02 1.364748e-04 2.491883e-02 2.576071e-04
-8.386379e-01 3.582162e-02 1.371708e-04 2.521675e-02 2.587405e-04
-8.366379e-01 3.688556e-02 1.378751e-04 2.550712e-02 2.598830e-04
-8.346379e-01 3.794997e-02 1.385878e-04 2.578920e-02 2.610346e-04
-8.326379e-01 3.900972e-02 1.393089e-04 2.606229e-02 2.621954e-04
-8.306379e-01 4.005919e-02 1.400387e-04 2.632567e-02 2.633657e-04
-8.286379e-01 4.109227e-02 1.407772e-04 2.657864e-02 2.645454e-04
-8.266379e-01 4.210247e-02 1.415246e-04 2.682050e-02 2.657348e-04
-8.246379e-01 4.308292e-02 1.422808e-04 2.705058e-02 2.669338e-04
-8.226379e-01 4.402652e-02 1.430461e-04 2.726825e-02 2.681427e-04
-8.206379e-01 4.492598e-02 1.438206e-04 2.747286e-02 2.693616e-04
-8.186379e-01 4.577398e-02 1.446042e-04 2.766385e-02 2.705905e-04
-8.166379e-01 4.656330e-02 1.453972e-04 2.784065e-02 2.718295e-04
-8.146379e-01 4.728694e-02 1.461997e-04 2.800276e-02 2.730788e-04
-8.126379e-01 4.793831e-02 1.470118e-04 2.814972e-02 2.743386e-04
-8.106379e-01 4.851138e-02 1.478335e-04 2.828111e-02 2.756088e-04
-8.086379e-01 4.900079e-02 1.486649e-04 2.839658e-02 2.768896e-04
-8.066379e-01 4.940203e-02 1.495063e-04 2.849581e-02 2.781811e-04
-8.046379e-01 4.971153e-02 1.503577e-04 2.857856e-02 2.794834e-04
-8.026379e-01 4.992676e-02 1.512191e-04 2.864465e-02 2.807967e-04
-8.006379e-01 5.004630e-02 1.520908e-04 2.869394e-02 2.821210e-04
-7.986379e-01 5.006983e-02 1.529729e-04 2.872638e-02 2.834565e-04
-7.966379e-01 4.999817e-02 1.538653e-04 2.874197e-02 2.848033e-04
-7.946379e-01 4.983325e-02 1.547684e-04 2.874076e-02 2.861614e-04
-7.926379e-01 4.957801e-02 1.556820e-04 2.872289e-02 2.875310e-04
-7.906379e-01 4.923635e-02 1.566065e-04 2.868853e-02 2.889123e-04
-7.886379e-01 4.881299e-02 1.575419e-04 2.863794e-02 2.903052e-04
-7.866379e-01 4.831335e-02 1.584882e-04 2.857140e-02 2.917100e-04
-7.846379e-01 4.774342e-02 1.594457e-04 2.848926e-02 2.931267e-04
-7.826379e-01 4.710958e-02 1.604145e-04 2.839193e-02 2.945554e-04
-7.806379e-01 4.641849e-02 1.613946e-04 2.827985e-02 2.959964e-04
-7.786379e-01 4.567691e-02 1.623862e-04 2.815351e-02 2.974496e-04
-7.766379e-01 4.489161e-02 1.633894e-04 2.801343e-02 2.989152e-04
-7.746379e-01 4.406923e-02 1.644044e-04 2.786017e-02 3.003933e-04
-7.726379e-01 4.321620e-02 1.654312e-04 2.769432e-02 3.018840e-04
-7.706379e-01 4.233866e-02 1.664700e-04 2.751648e-02 3.033874e-04
-7.686379e-01 4.144242e-02 1.675208e-04 2.732729e-02 3.049037e-04
-7.666379e-01 4.053289e-02 1.685838e-04 2.712739e-02 3.064330e-04
-7.646379e-01 3.961507e-02 1.696592e-04 2.691745e-02 3.079753e-04
-7.626379e-01 3.869354e-02 1.707470e-04 2.669811e-02 3.095308e-04
-7.606379e-01 3.777242e-02 1.718473e-04 2.647006e-02 3.110996e-04
-7.586379e-01 3.685539e-02 1.729604e-04 2.623395e-02 3.126819e-04
-7.566379e-01 3.594569e-02 1.740864e-04 2.599046e-02 3.142777e-04
-7.546379e-01 3.504616e-02 1.752254e-04 2.574022e-02 3.158871e-04
-7.526379e-01 3.415921e-02 1.763775e-04 2.548389e-02 3.175103e-04
-7.506379e-01 3.328687e-02 1.775428e-04 2.522210e-02 3.191474e-04
-7.486379e-01 3.243085e-02 1.787215e-04 2.495546e-02 3.207986e-04
-7.466379e-01 3.159253e-02 1.799137e-04 2.468456e-02 3.224638e-04
-7.446379e-01 3.077302e-02 1.811194e-04 2.441000e-02 3.241433e-04
-7.426379e-01 2.997320e-02 1.823388e-04 2.413232e-02 3.258371e-04
-7.406379e-01 2.919371e-02 1.835720e-04 2.385206e-02 3.275455e-04
-7.386379e-01 2.843505e-02 1.848191e-04 2.356973e-02 3.292684e-04
-7.366379e-01 2.769751e-02 1.860803e-04 2.328582e-02 3.310061e-04
-7.346379e-01 2.698127e-02 1.873558e-04 2.300080e-02 3.327586e-04
-7.326379e-01 2.628637e-02 1.886458e-04 2.271510e-02 3.345260e-04
-7.306379e-01 2.561272e-02 1.899503e-04 2.242914e-02 3.363086e-04
-7.286379e-01 2.496013e-02 1.912697e-04 2.214331e-02 3.381064e-04
-7.266379e-01 2.432833e-02 1.926039e-04 2.185798e-02 3.399194e-04
-7.246379e-01 2.371696e-02 1.939531e-04 2.157348e-02 3.417480e-04
-7.226379e-01 2.312560e-02 1.953175e-04 2.129014e-02 3.435921e-04
-7.206379e-01 2.255378e-02 1.966970e-04 2.100824e-02 3.454519e-04
-7.186379e-01 2.200099e-02 1.980918e-04 2.072807e-02 3.473275e-04
-7.166379e-01 2.146673e-02 1.995019e-04 2.044988e-02 3.492191e-04
-7.146379e-01 2.095044e-02 2.009274e-04 2.017389e-02 3.511267e-04
-7.126379e-01 2.045163e-02 2.023686e-04 1.990031e-02 3.530506e-04
-7.106379e-01 1.996975e-02 2.038255e-04 1.962933e-02 3.549907e-04
-7.086379e-01 1.950431e-02 2.052985e-04 1.936114e-02 3.569473e-04
-7.066379e-01 1.905480e-02 2.067877e-04 1.909587e-02 3.589204e-04
-7.046379e-01 1.862073e-02 2.082933e-04 1.883368e-02 3.609103e-04
-7.026379e-01 1.820158e-02 2.098157e-04 1.857468e-02 3.629169e-04
-7.006379e-01 1.779686e-02 2.113549e-04 1.831897e-02 3.649405e-04
-6.986379e-01 1.740606e-02 2.129111e-04 1.806667e-02 3.669812e-04
-6.966379e-01 1.702866e-02 2.144844e-04 1.781783e-02 3.690391e-04
-6.946379e-01 1.666416e-02 2.160748e-04 1.757255e-02 3.711143e-04
-6.926379e-01 1.631205e-02 2.176824e-04 1.733086e-02 3.732069e-04
-6.906379e-01 1.597181e-02 2.193070e-04 1.709282e-02 3.753172e-04
-6.886379e-01 1.564298e-02 2.209488e-04 1.685847e-02 3.774451e-04
-6.866379e-01 1.532510e-02 2.226078e-04 1.662783e-02 3.795909e-04
-6.846379e-01 1.501774e-02 2.242842e-04 1.640092e-02 3.817547e-04
-6.826379e-01 1.472049e-02 2.259782e-04 1.617775e-02 3.839365e-04
-6.806379e-01 1.443300e-02 2.276901e-04 1.595833e-02 3.861366e-04
-6.786379e-01 1.415491e-02 2.294201e-04 1.574266e-02 3.883550e-04
-6.766379e-01 1.388592e-02 2.311688e-04 1.553072e-02 3.905919e-04
-6.746379e-01 1.362572e-02 2.329364e-04 1.532250e-02 3.928474e-04
-6.726379e-01 1.337400e-02 2.347233e-04 1.511798e-02 3.951217e-04
-6.706379e-01 1.313048e-02 2.365295e-04 1.491715e-02 3.974148e-04
-6.686379e-01 1.289486e-02 2.383553e-04 1.471996e-02 3.997270e-04
-6.666379e-01 1.266683e-02 2.402005e-04 1.452640e-02 4.020582e-04
-6.646379e-01 1.244609e-02 2.420652e-04 1.433642e-02 4.044088e-04
-6.626379e-01 1.223233e-02 2.439491e-04 1.414999e-02 4.067787e-04
-6.606379e-01 1.202524e-02 2.458521e-04 1.396706e-02 4.091682e-04
-6.586379e-01 1.182453e-02 2.477740e-04 1.378761e-02 4.115774e-04
-6.566379e-01 1.162992e-02 2.497150e-04 1.361157e-02 4.140063e-04
-6.546379e-01 1.144115e-02 2.516751e-04 1.343891e-02 4.164552e-04
-6.526379e-01 1.125799e-02 2.536546e-04 1.326957e-02 4.189241e-04
-6.506379e-01 1.108023e-02 2.556540e-04 1.310352e-02 4.214132e-04
-6.486379e-01 1.090770e-02 2.576737e-04 1.294069e-02 4.239227e-04
-6.466379e-01 1.074024e-02 2.597144e-04 1.278104e-02 4.264526e-04
-6.446379e-01 1.057772e-02 2.617767e-04 1.262451e-02 4.290030e-04
-6.426379e-01 1.042000e-02 2.638609e-04 1.247106e-02 4.315743e-04
-6.406379e-01 1.026695e-02 2.659675e-04 1.232062e-02 4.341663e-04
-6.386379e-01 1.011846e-02 2.680966e-04 1.217316e-02 4.367794e-04
-6.366379e-01 9.974376e-03 2.702482e-04 1.202861e-02 4.394136e-04
-6.346379e-01 9.834554e-03 2.724221e-04 1.188693e-02 4.420690e-04
-6.326379e-01 9.698829e-03 2.746177e-04 1.174805e-02 4.447458e-04
-6.306379e-01 9.567026e-03 2.768347e-04 1.161194e-02 4.474441e-04
-6.286379e-01 9.438963e-03 2.790727e-04 1.147852e-02 4.501641e-04
-6.266379e-01 9.314458e-03 2.813314e-04 1.134776e-02 4.529059e-04
-6.246379e-01 9.193336e-03 2.836105e-04 1.121961e-02 4.556696e-04
-6.226379e-01 9.075435e-03 2.859104e-04 1.109400e-02 4.584554e-04
-6.206379e-01 8.960612e-03 2.882312e-04 1.097089e-02 4.612633e-04
-6.186379e-01 8.848747e-03 2.905738e-04 1.085024e-02 4.640936e-04
-6.166379e-01 8.739746e-03 2.929390e-04 1.073198e-02 4.669463e-04
-6.146379e-01 8.633537e-03 2.953277e-04 1.061608e-02 4.698216e-04
-6.126379e-01 8.530070e-03 2.977410e-04 1.050248e-02 4.727196e-04
-6.106379e-01 8.429309e-03 3.001797e-04 1.039114e-02 4.756404e-04
-6.086379e-01 8.331225e-03 3.026444e-04 1.028200e-02 4.785843e-04
-6.066379e-01 8.235789e-03 3.051353e-04 1.017504e-02 4.815513e-04
-6.046379e-01 8.142966e-03 3.076525e-04 1.007019e-02 4.845415e-04
-6.026379e-01 8.052705e-03 3.101955e-04 9.967414e-03 4.875551e-04
-6.006379e-01 7.964938e-03 3.127635e-04 9.866672e-03 4.905922e-04
-5.986379e-01 7.879579e-03 3.153556e-04 9.767919e-03 4.936530e-04
-5.966379e-01 7.796525e-03 3.179709e-04 9.671113e-03 4.967375e-04
-5.946379e-01 7.715656e-03 3.206084e-04 9.576212e-03 4.998459e-04
-5.926379e-01 7.636847e-03 3.232674e-04 9.483176e-03 5.029784e-04
-5.906379e-01 7.559970e-03 3.259478e-04 9.391966e-03 5.061351e-04
-5.886379e-01 7.484903e-03 3.286498e-04 9.302543e-03 5.093161e-04
-5.866379e-01 7.411539e-03 3.313739e-04 9.214868e-03 5.125215e-04
-5.846379e-01 7.339792e-03 3.341214e-04 9.128905e-03 5.157514e-04
-5.826379e-01 7.269598e-03 3.368937e-04 9.044617e-03 5.190061e-04
-5.806379e-01 7.200919e-03 3.396925e-04 8.961968e-03 5.222856e-04
-5.786379e-01 7.133740e-03 3.425193e-04 8.880924e-03 5.255900e-04
-5.766379e-01 7.068069e-03 3.453757e-04 8.801450e-03 5.289196e-04
-5.746379e-01 7.003924e-03 3.482627e-04 8.723512e-03 5.322743e-04
-5.726379e-01 6.941332e-03 3.511809e-04 8.647080e-03 5.356544e-04
-5.706379e-01 6.880319e-03 3.541301e-04 8.572119e-03 5.390600e-04
-5.686379e-01 6.820899e-03 3.571095e-04 8.498599e-03 5.424912e-04
-5.666379e-01 6.763072e-03 3.601180e-04 8.426490e-03 5.459481e-04
-5.646379e-01 6.706816e-03 3.631539e-04 8.355761e-03 5.494308e-04
-5.626379e-01 6.652086e-03 3.662152e-04 8.286383e-03 5.529396e-04
-5.606379e-01 6.598815e-03 3.693001e-04 8.218328e-03 5.564745e-04
-5.586379e-01 6.546915e-03 3.724071e-04 8.151568e-03 5.600356e-04
-5.566379e-01 6.496284e-03 3.755352e-04 8.086075e-03 5.636230e-04
-5.546379e-01 6.446813e-03 3.786840e-04 8.021823e-03 5.672370e-04
-5.526379e-01 6.398394e-03 3.818541e-04 7.958786e-03 5.708776e-04
-5.506379e-01 6.350927e-03 3.850467e-04 7.896938e-03 5.745449e-04
-5.486379e-01 6.304332e-03 3.882639e-04 7.836254e-03 5.782392e-04
-5.466379e-01 6.258548e-03 3.915083e-04 7.776711e-03 5.819604e-04
-5.446379e-01 6.213542e-03 3.947825e-04 7.718284e-03 5.857087e-04
-5.426379e-01 6.169309e-03 3.980894e-04 7.660950e-03 5.894843e-04
-5.406379e-01 6.125869e-03 4.014312e-04 7.604688e-03 5.932872e-04
-5.386379e-01 6.083263e-03 4.048098e-04 7.549474e-03 5.971177e-04
-5.366379e-01 6.041545e-03 4.082259e-04 7.495287e-03 6.009758e-04
-5.346379e-01 6.000776e-03 4.116793e-04 7.442106e-03 6.048616e-04
-5.326379e-01 5.961016e-03 4.151689e-04 7.389911e-03 6.087753e-04
-5.306379e-01 5.922312e-03 4.186924e-04 7.338681e-03 6.127169e-04
-5.286379e-01 5.884693e-03 4.222470e-04 7.288397e-03 6.166867e-04
-5.266379e-01 5.848163e-03 4.258294e-04 7.239040e-03 6.206847e-04
-5.246379e-01 5.812703e-03 4.294363e-04 7.190591e-03 6.247110e-04
-5.226379e-01 5.778263e-03 4.330647e-04 7.143032e-03 6.287658e-04
-5.206379e-01 5.744771e-03 4.367123e-04 7.096344e-03 6.328492e-04
-5.186379e-01 5.712133e-03 4.403779e-04 7.050510e-03 6.369613e-04
-5.166379e-01 5.680245e-03 4.440617e-04 7.005514e-03 6.411023e-04
-5.146379e-01 5.648997e-03 4.477648e-04 6.961339e-03 6.452722e-04
-5.126379e-01 5.618284e-03 4.514901e-04 6.917967e-03 6.494711e-04
-5.106379e-01 5.588017e-03 4.552410e-04 6.875384e-03 6.536993e-04
-5.086379e-01 5.558126e-03 4.590220e-04 6.833574e-03 6.579567e-04
-5.066379e-01 5.528569e-03 4.628377e-04 6.792522e-03 6.622436e-04
-5.046379e-01 5.499335e-03 4.666923e-04 6.752212e-03 6.665600e-04
-5.026379e-01 5.470441e-03 4.705897e-04 6.712631e-03 6.709061e-04
-5.006379e-01 5.441933e-03 4.745322e-04 6.673765e-03 6.752820e-04
-4.986379e-01 5.413878e-03 4.785212e-04 6.635599e-03 6.796878e-04
-4.966379e-01 5.386358e-03 4.825559e-04 6.598121e-03 6.841236e-04
-4.946379e-01 5.359462e-03 4.866343e-04 6.561317e-03 6.885895e-04
-4.926379e-01 5.333272e-03 4.907527e-04 6.525174e-03 6.930856e-04
-4.906379e-01 5.307859e-03 4.949063e-04 6.489680e-03 6.976121e-04
-4.886379e-01 5.283272e-03 4.990898e-04 6.454822e-03 7.021691e-04
-4.866379e-01 5.259534e-03 5.032973e-04 6.420589e-03 7.067566e-04
-4.846379e-01 5.236638e-03 5.075239e-04 6.386969e-03 7.113748e-04
-4.826379e-01 5.214545e-03 5.117654e-04 6.353949e-03 7.160239e-04
-4.806379e-01 5.193186e-03 5.160192e-04 6.321520e-03 7.207039e-04
-4.786379e-01 5.172471e-03 5.202845e-04 6.289670e-03 7.254149e-04
-4.766379e-01 5.152289e-03 5.245627e-04 6.258388e-03 7.301570e-04
-4.746379e-01 5.132523e-03 5.288572e-04 6.227664e-03 7.349305e-04
-4.726379e-01 5.113055e-03 5.331731e-04 6.197487e-03 7.397353e-04
-4.706379e-01 5.093781e-03 5.375170e-04 6.167848e-03 7.445716e-04
-4.686379e-01 5.074614e-03 5.418959e-04 6.138736e-03 7.494396e-04
-4.666379e-01 5.055497e-03 5.463173e-04 6.110142e-03 7.543393e-04
-4.646379e-01 5.036402e-03 5.507877e-04 6.082056e-03 7.592708e-04
-4.626379e-01 5.017339e-03 5.553124e-04 6.054471e-03 7.642343e-04
-4.606379e-01 4.998348e-03 5.598947e-04 6.027376e-03 7.692299e-04
-4.586379e-01 4.979500e-03 5.645358e-04 6.000763e-03 7.742576e-04
-4.566379e-01 4.960887e-03 5.692341e-04 5.974623e-03 7.793176e-04
-4.546379e-01 4.942617e-03 5.739856e-04 5.948949e-03 7.844101e-04
-4.526379e-01 4.924800e-03 5.787843e-04 5.923732e-03 7.895350e-04
-4.506379e-01 4.907542e-03 5.836223e-04 5.898964e-03 7.946926e-04
-4.486379e-01 4.890930e-03 5.884909e-04 5.874637e-03 7.998829e-04
-4.466379e-01 4.875030e-03 5.933809e-04 5.850744e-03 8.051060e-04
-4.446379e-01 4.859876e-03 5.982842e-04 5.827278e-03 8.103621e-04
-4.426379e-01 4.845467e-03 6.031940e-04 5.804230e-03 8.156512e-04
-4.406379e-01 4.831768e-03 6.081057e-04 5.781594e-03 8.209735e-04
-4.386379e-01 4.818710e-03 6.130176e-04 5.759362e-03 8.263291e-04
-4.366379e-01 4.806196e-03 6.179312e-04 5.737529e-03 8.317181e-04
-4.346379e-01 4.794106e-03 6.228509e-04 5.716086e-03 8.371407e-04
-4.326379e-01 4.782308e-03 6.277841e-04 5.695027e-03 8.425968e-04
-4.306379e-01 4.770671e-03 6.327402e-04 5.674346e-03 8.480867e-04
-4.286379e-01 4.759068e-03 6.377302e-04 5.654036e-03 8.536106e-04
-4.266379e-01 4.747393e-03 6.427654e-04 5.634091e-03 8.591684e-04
-4.246379e-01 4.735569e-03 6.478568e-04 5.614505e-03 8.647603e-04
-4.226379e-01 4.723551e-03 6.530136e-04 5.595272e-03 8.703864e-04
-4.206379e-01 4.711332e-03 6.582427e-04 5.576387e-03 8.760469e-04
-4.186379e-01 4.698946e-03 6.635476e-04 5.557843e-03 8.817419e-04
-4.166379e-01 4.686459e-03 6.689284e-04 5.539636e-03 8.874714e-04
-4.146379e-01 4.673970e-03 6.743814e-04 5.521760e-03 8.932356e-04
-4.126379e-01 4.661600e-03 6.798993e-04 5.504209e-03 8.990346e-04
-4.106379e-01 4.649480e-03 6.854718e-04 5.486980e-03 9.048684e-04
-4.086379e-01 4.637745e-03 6.910864e-04 5.470066e-03 9.107373e-04
-4.066379e-01 4.626518e-03 6.967293e-04 5.453463e-03 9.166413e-04
-4.046379e-01 4.615903e-03 7.023866e-04 5.437165e-03 9.225805e-04
-4.026379e-01 4.605977e-03 7.080458e-04 5.421170e-03 9.285551e-04
-4.006379e-01 4.596778e-03 7.136967e-04 5.405471e-03 9.345650e-04
-3.986379e-01 4.588309e-03 7.193325e-04 5.390064e-03 9.406106e-04
-3.966379e-01 4.580532e-03 7.249504e-04 5.374944e-03 9.466919e-04
-3.946379e-01 4.573371e-03 7.305525e-04 5.360107e-03 9.528090e-04
-3.926379e-01 4.566716e-03 7.361450e-04 5.345549e-03 9.589620e-04
-3.906379e-01 4.560436e-03 7.417387e-04 5.331265e-03 9.651512e-04
-3.886379e-01 4.554380e-03 7.473474e-04 5.317251e-03 9.713766e-04
-3.866379e-01 4.548394e-03 7.529874e-04 5.303503e-03 9.776383e-04
-3.846379e-01 4.542332e-03 7.586759e-04 5.290017e-03 9.839365e-04
-3.826379e-01 4.536066e-03 7.644297e-04 5.276788e-03 9.902714e-04
-3.806379e-01 4.529494e-03 7.702635e-04 5.263814e-03 9.966430e-04
-3.786379e-01 4.522554e-03 7.761891e-04 5.251089e-03 1.003051e-03
-3.766379e-01 4.515222e-03 7.822139e-04 5.238611e-03 1.009497e-03
-3.746379e-01 4.507520e-03 7.883402e-04 5.226377e-03 1.015980e-03
-3.726379e-01 4.499512e-03 7.945652e-04 5.214382e-03 1.022500e-03
-3.706379e-01 4.491297e-03 8.008805e-04 5.202623e-03 1.029057e-03
-3.686379e-01 4.483008e-03 8.072730e-04 5.191098e-03 1.035651e-03
-3.666379e-01 4.474795e-03 8.137259e-04 5.179804e-03 1.042284e-03
-3.646379e-01 4.466816e-03 8.202193e-04 5.168736e-03 1.048954e-03
-3.626379e-01 4.459229e-03 8.267326e-04 5.157893e-03 1.055662e-03
-3.606379e-01 4.452173e-03 8.332454e-04 5.147272e-03 1.062408e-03
-3.586379e-01 4.445765e-03 8.397397e-04 5.136869e-03 1.069191e-03
-3.566379e-01 4.440086e-03 8.462013e-04 5.126681e-03 1.076014e-03
-3.546379e-01 4.435178e-03 8.526210e-04 5.116707e-03 1.082874e-03
-3.526379e-01 4.431036e-03 8.589958e-04 5.106942e-03 1.089773e-03
-3.506379e-01 4.427615e-03 8.653292e-04 5.097385e-03 1.096711e-03
-3.486379e-01 4.424826e-03 8.716311e-04 5.088031e-03 1.103687e-03
-3.466379e-01 4.422543e-03 8.779174e-04 5.078880e-03 1.110703e-03
-3.446379e-01 4.420613e-03 8.842086e-04 5.069927e-03 1.117757e-03
-3.426379e-01 4.418865e-03 8.905285e-04 5.061170e-03 1.124851e-03
-3.406379e-01 4.417121e-03 8.969023e-04 5.052607e-03 1.131985e-03
-3.386379e-01 4.415210e-03 9.033549e-04 5.044234e-03 1.139158e-03
-3.366379e-01 4.412980e-03 9.099084e-04 5.036050e-03 1.146371e-03
-3.346379e-01 4.410308e-03 9.165810e-04 5.028052e-03 1.153624e-03
-3.326379e-01 4.407110e-03 9.233850e-04 5.020237e-03 1.160917e-03
-3.306379e-01 4.403348e-03 9.303258e-04 5.012605e-03 1.168251e-03
-3.286379e-01 4.399034e-03 9.374017e-04 5.005152e-03 1.175625e-03
-3.266379e-01 4.394225e-03 9.446031e-04 4.997877e-03 1.183039e-03
-3.246379e-01 4.389027e-03 9.519137e-04 4.990777e-03 1.190494e-03
-3.226379e-01 4.383578e-03 9.593108e-04 4.983852e-03 1.197990e-03
-3.206379e-01 4.378049e-03 9.667676e-04 4.977100e-03 1.205527e-03
-3.186379e-01 4.372621e-03 9.742542e-04 4.970519e-03 1.213105e-03
-3.166379e-01 4.367481e-03 9.817406e-04 4.964107e-03 1.220725e-03
-3.146379e-01 4.362807e-03 9.891983e-04 4.957864e-03 1.228386e-03
-3.126379e-01 4.358753e-03 9.966032e-04 4.951787e-03 1.236088e-03
-3.106379e-01 4.355440e-03 1.003937e-03 4.945875e-03 1.243832e-03
-3.086379e-01 4.352951e-03 1.011189e-03 4.940126e-03 1.251618e-03
-3.066379e-01 4.351320e-03 1.018358e-03 4.934540e-03 1.259447e-03
-3.046379e-01 4.350534e-03 1.025450e-03 4.929113e-03 1.267317e-03
-3.026379e-01 4.350529e-03 1.032483e-03 4.923846e-03 1.275231e-03
-3.006379e-01 4.351197e-03 1.039480e-03 4.918736e-03 1.283187e-03
-2.986379e-01 4.352389e-03 1.046471e-03 4.913781e-03 1.291186e-03
-2.966379e-01 4.353927e-03 1.053492e-03 4.908980e-03 1.299228e-03
-2.946379e-01 4.355614e-03 1.060577e-03 4.904331e-03 1.307314e-03
-2.926379e-01 4.357245e-03 1.067763e-03 4.899834e-03 1.315444e-03
-2.906379e-01 4.358623e-03 1.075081e-03 4.895485e-03 1.323618e-03
-2.886379e-01 4.359571e-03 1.082557e-03 4.891285e-03 1.331836e-03
-2.866379e-01 4.359944e-03 1.090209e-03 4.887231e-03 1.340098e-03
-2.846379e-01 4.359640e-03 1.098047e-03 4.883323e-03 1.348405e-03
-2.826379e-01 4.358608e-03 1.106069e-03 4.879560e-03 1.356758e-03
-2.806379e-01 4.356850e-03 1.114264e-03 4.875941e-03 1.365155e-03
-2.786379e-01 4.354423e-03 1.122611e-03 4.872465e-03 1.373597e-03
-2.766379e-01 4.351436e-03 1.131080e-03 4.869131e-03 1.382085e-03
-2.746379e-01 4.348041e-03 1.139635e-03 4.865940e-03 1.390618e-03
-2.726379e-01 4.344424e-03 1.148234e-03 4.862891e-03 1.399197e-03
-2.706379e-01 4.340795e-03 1.156836e-03 4.859983e-03 1.407822e-03
-2.686379e-01 4.337369e-03 1.165397e-03 4.857216e-03 1.416494e-03
-2.666379e-01 4.334360e-03 1.173881e-03 4.854590e-03 1.425211e-03
-2.646379e-01 4.331960e-03 1.182258e-03 4.852105e-03 1.433976e-03
-2.626379e-01 4.330332e-03 1.190507e-03 4.849761e-03 1.442787e-03
-2.606379e-01 4.329599e-03 1.198618e-03 4.847557e-03 1.451646e-03
-2.586379e-01 4.329833e-03 1.206594e-03 4.845492e-03 1.460552e-03
-2.566379e-01 4.331056e-03 1.214451e-03 4.843567e-03 1.469506e-03
-2.546379e-01 4.333235e-03 1.222214e-03 4.841780e-03 1.478508e-03
-2.526379e-01 4.336284e-03 1.229921e-03 4.840132e-03 1.487559e-03
-2.506379e-01 4.340065e-03 1.237617e-03 4.838621e-03 1.496659e-03
-2.486379e-01 4.344403e-03 1.245349e-03 4.837247e-03 1.505808e-03
-2.466379e-01 4.349089e-03 1.253169e-03 4.836010e-03 1.515008e-03
-2.446379e-01 4.353894e-03 1.261125e-03 4.834908e-03 1.524257e-03
-2.426379e-01 4.358586e-03 1.269260e-03 4.833942e-03 1.533557e-03
-2.406379e-01 4.362940e-03 1.277610e-03 4.833111e-03 1.542907e-03
-2.386379e-01 4.366755e-03 1.286200e-03 4.832414e-03 1.552309e-03
-2.366379e-01 4.369863e-03 1.295041e-03 4.831852e-03 1.561763e-03
-2.346379e-01 4.372149e-03 1.304132e-03 4.831424e-03 1.571269e-03
-2.326379e-01 4.373550e-03 1.313458e-03 4.831130e-03 1.580827e-03
-2.306379e-01 4.374063e-03 1.322992e-03 4.830972e-03 1.590437e-03
-2.286379e-01 4.373749e-03 1.332694e-03 4.830948e-03 1.600100e-03
-2.266379e-01 4.372724e-03 1.342514e-03 4.831061e-03 1.609817e-03
-2.246379e-01 4.371156e-03 1.352397e-03 4.831311e-03 1.619587e-03
-2.226379e-01 4.369253e-03 1.362284e-03 4.831698e-03 1.629411e-03
-2.206379e-01 4.367252e-03 1.372117e-03 4.832224e-03 1.639289e-03
-2.186379e-01 4.365402e-03 1.381843e-03 4.832889e-03 1.649222e-03
-2.166379e-01 4.363951e-03 1.391415e-03 4.833696e-03 1.659210e-03
-2.146379e-01 4.363133e-03 1.400800e-03 4.834644e-03 1.669253e-03
-2.126379e-01 4.363151e-03 1.409979e-03 4.835735e-03 1.679352e-03
-2.106379e-01 4.364169e-03 1.418948e-03 4.836969e-03 1.689508e-03
-2.086379e-01 4.366300e-03 1.427719e-03 4.838348e-03 1.699721e-03
-2.066379e-01 4.369605e-03 1.436322e-03 4.839873e-03 1.709992e-03
-2.046379e-01 4.374081e-03 1.444800e-03 4.841543e-03 1.720321e-03
-2.026379e-01 4.379669e-03 1.453208e-03 4.843360e-03 1.730709e-03
-2.006379e-01 4.386251e-03 1.461611e-03 4.845323e-03 1.741157e-03
-1.986379e-01 4.393657e-03 1.470076e-03 4.847434e-03 1.751665e-03
-1.966379e-01 4.401677e-03 1.478672e-03 4.849692e-03 1.762235e-03
-1.946379e-01 4.410068e-03 1.487464e-03 4.852098e-03 1.772867e-03
-1.926379e-01 4.418567e-03 1.496508e-03 4.854652e-03 1.783561e-03
-1.906379e-01 4.426910e-03 1.505849e-03 4.857354e-03 1.794319e-03
-1.886379e-01 4.434844e-03 1.515517e-03 4.860206e-03 1.805141e-03
-1.866379e-01 4.442142e-03 1.525527e-03 4.863207e-03 1.816028e-03
-1.846379e-01 4.448620e-03 1.535876e-03 4.866358e-03 1.826980e-03
-1.826379e-01 4.454146e-03 1.546542e-03 4.869661e-03 1.837998e-03
-1.806379e-01 4.458652e-03 1.557487e-03 4.873117e-03 1.849083e-03
-1.786379e-01 4.462134e-03 1.568658e-03 4.876727e-03 1.860235e-03
-1.766379e-01 4.464658e-03 1.579990e-03 4.880492e-03 1.871456e-03
-1.746379e-01 4.466357e-03 1.591409e-03 4.884414e-03 1.882745e-03
-1.726379e-01 4.467418e-03 1.602834e-03 4.888496e-03 1.894103e-03
-1.706379e-01 4.468075e-03 1.614189e-03 4.892739e-03 1.905531e-03
-1.686379e-01 4.468598e-03 1.625399e-03 4.897145e-03 1.917031e-03
-1.666379e-01 4.469273e-03 1.636400e-03 4.901717e-03 1.928602e-03
-1.646379e-01 4.470390e-03 1.647144e-03 4.906457e-03 1.940245e-03
-1.626379e-01 4.472224e-03 1.657599e-03 4.911367e-03 1.951963e-03
-1.606379e-01 4.475025e-03 1.667753e-03 4.916448e-03 1.963755e-03
-1.586379e-01 4.479001e-03 1.677617e-03 4.921704e-03 1.975622e-03
-1.566379e-01 4.484310e-03 1.687223e-03 4.927134e-03 1.987567e-03
-1.546379e-01 4.491052e-03 1.696621e-03 4.932742e-03 1.999591e-03
-1.526379e-01 4.499264e-03 1.705879e-03 4.938528e-03 2.011694e-03
-1.506379e-01 4.508914e-03 1.715080e-03 4.944494e-03 2.023878e-03
-1.486379e-01 4.519910e-03 1.724312e-03 4.950640e-03 2.036144e-03
-1.466379e-01 4.532095e-03 1.733668e-03 4.956967e-03 2.048494e-03
-1.446379e-01 4.545261e-03 1.743238e-03 4.963475e-03 2.060930e-03
-1.426379e-01 4.559155e-03 1.753105e-03 4.970166e-03 2.073452e-03
-1.406379e-01 4.573492e-03 1.763340e-03 4.977040e-03 2.086063e-03
-1.386379e-01 4.587972e-03 1.773999e-03 4.984097e-03 2.098764e-03
-1.366379e-01 4.602291e-03 1.785115e-03 4.991337e-03 2.111555e-03
-1.346379e-01 4.616164e-03 1.796705e-03 4.998762e-03 2.124439e-03
-1.326379e-01 4.629334e-03 1.808758e-03 5.006370e-03 2.137417e-03
-1.306379e-01 4.641595e-03 1.821246e-03 5.014165e-03 2.150490e-03
-1.286379e-01 4.652799e-03 1.834116e-03 5.022145e-03 2.163660e-03
-1.266379e-01 4.662871e-03 1.847299e-03 5.030313e-03 2.176927e-03
-1.246379e-01 4.671808e-03 1.860707e-03 5.038670e-03 2.190294e-03
-1.226379e-01 4.679687e-03 1.874244e-03 5.047217e-03 2.203762e-03
-1.206379e-01 4.686657e-03 1.887807e-03 5.055956e-03 2.217331e-03
-1.186379e-01 4.692932e-03 1.901295e-03 5.064889e-03 2.231005e-03
-1.166379e-01 4.698783e-03 1.914610e-03 5.074016e-03 2.244783e-03
-1.146379e-01 4.704517e-03 1.927667e-03 5.083342e-03 2.258669e-03
-1.126379e-01 4.710469e-03 1.940401e-03 5.092866e-03 2.272663e-03
-1.106379e-01 4.716977e-03 1.952765e-03 5.102591e-03 2.286768e-03
-1.086379e-01 4.724370e-03 1.964740e-03 5.112518e-03 2.300985e-03
-1.066379e-01 4.732951e-03 1.976335e-03 5.122648e-03 2.315317e-03
-1.046379e-01 4.742981e-03 1.987583e-03 5.132984e-03 2.329766e-03
-1.026379e-01 4.754668e-03 1.998547e-03 5.143524e-03 2.344335e-03
-1.006379e-01 4.768157e-03 2.009311e-03 5.154270e-03 2.359025e-03
-9.863794e-02 4.783526e-03 2.019977e-03 5.165222e-03 2.373840e-03
-9.663794e-02 4.800777e-03 2.030660e-03 5.176378e-03 2.388781e-03
-9.463794e-02 4.819839e-03 2.041483e-03 5.187738e-03 2.403852e-03
-9.263794e-02 4.840567e-03 2.052568e-03 5.199302e-03 2.419054e-03
-9.063794e-02 4.862752e-03 2.064031e-03 5.211066e-03 2.434392e-03
-8.863794e-02 4.886125e-03 2.075976e-03 5.223029e-03 2.449866e-03
-8.663794e-02 4.910370e-03 2.088490e-03 5.235190e-03 2.465481e-03
-8.463794e-02 4.935138e-03 2.101639e-03 5.247545e-03 2.481238e-03
-8.263794e-02 4.960065e-03 2.115462e-03 5.260092e-03 2.497139e-03
-8.063794e-02 4.984786e-03 2.129973e-03 5.272829e-03 2.513188e-03
-7.863794e-02 5.008958e-03 2.145158e-03 5.285752e-03 2.529386e-03
-7.663794e-02 5.032275e-03 2.160975e-03 5.298860e-03 2.545737e-03
-7.463794e-02 5.054491e-03 2.177354e-03 5.312150e-03 2.562241e-03
-7.263794e-02 5.075427e-03 2.194206e-03 5.325619e-03 2.578902e-03
-7.063794e-02 5.094990e-03 2.211420e-03 5.339265e-03 2.595722e-03
-6.863794e-02 5.113175e-03 2.228873e-03 5.353086e-03 2.612702e-03
-6.663794e-02 5.130067e-03 2.246433e-03 5.367081e-03 2.629846e-03
-6.463794e-02 5.145840e-03 2.263970e-03 5.381247e-03 2.647155e-03
-6.263794e-02 5.160745e-03 2.281359e-03 5.395583e-03 2.664632e-03
-6.063794e-02 5.175100e-03 2.298488e-03 5.410086e-03 2.682280e-03
-5.863794e-02 5.189272e-03 2.315270e-03 5.424756e-03 2.700101e-03
-5.663794e-02 5.203657e-03 2.331642e-03 5.439589e-03 2.718098e-03
-5.463794e-02 5.218663e-03 2.347572e-03 5.454585e-03 2.736273e-03
-5.263794e-02 5.234687e-03 2.363065e-03 5.469739e-03 2.754631e-03
-5.063794e-02 5.252099e-03 2.378158e-03 5.485050e-03 2.773173e-03
-4.863794e-02 5.271221e-03 2.392924e-03 5.500514e-03 2.791904e-03
-4.663794e-02 5.292316e-03 2.407465e-03 5.516127e-03 2.810826e-03
-4.463794e-02 5.315571e-03 2.421909e-03 5.531885e-03 2.829943e-03
-4.263794e-02 5.341095e-03 2.436403e-03 5.547783e-03 2.849258e-03
-4.063794e-02 5.368905e-03 2.451106e-03 5.563815e-03 2.868776e-03
-3.863794e-02 5.398928e-03 2.466182e-03 5.579975e-03 2.888498e-03
-3.663794e-02 5.431002e-03 2.481790e-03 5.596257e-03 2.908428e-03
-3.463794e-02 5.464880e-03 2.498078e-03 5.612653e-03 2.928571e-03
-3.263794e-02 5.500236e-03 2.515177e-03 5.629157e-03 2.948928e-03
-3.063794e-02 5.536678e-03 2.533192e-03 5.645759e-03 2.969503e-03
-2.863794e-02 5.573764e-03 2.552202e-03 5.662452e-03 2.990298e-03
-2.663794e-02 5.611020e-03 2.572253e-03 5.679227e-03 3.011317e-03
-2.463794e-02 5.647959e-03 2.593355e-03 5.696077e-03 3.032561e-03
-2.263794e-02 5.684106e-03 2.615485e-03 5.712992e-03 3.054034e-03
-2.063794e-02 5.719021e-03 2.638584e-03 5.729965e-03 3.075736e-03
-1.863794e-02 5.752323e-03 2.662561e-03 5.746988e-03 3.097671e-03
-1.663794e-02 5.783707e-03 2.687294e-03 5.764053e-03 3.119840e-03
-1.463794e-02 5.812967e-03 2.712638e-03 5.781153e-03 3.142245e-03
-1.263794e-02 5.840006e-03 2.738429e-03 5.798280e-03 3.164887e-03
-1.063794e-02 5.864841e-03 2.764492e-03 5.815429e-03 3.187768e-03
-8.637936e-03 5.887608e-03 2.790650e-03 5.832592e-03 3.210890e-03
-6.637936e-03 5.908550e-03 2.816730e-03 5.849765e-03 3.234254e-03
-4.637936e-03 5.928008e-03 2.842579e-03 5.866941e-03 3.257862e-03
-2.637936e-03 5.946404e-03 2.868067e-03 5.884115e-03 3.281717e-03
-6.379355e-04 5.964214e-03 2.893095e-03 5.901282e-03 3.305819e-03
1.362064e-03 5.981951e-03 2.917608e-03 5.918437e-03 3.330171e-03
3.362064e-03 6.000132e-03 2.941590e-03 5.935573e-03 3.354774e-03
5.362064e-03 6.019256e-03 2.965076e-03 5.952686e-03 3.379632e-03
7.362064e-03 6.039782e-03 2.988143e-03 5.969771e-03 3.404745e-03
9.362064e-03 6.062105e-03 3.010912e-03 5.986819e-03 3.430117e-03
1.136206e-02 6.086538e-03 3.033543e-03 6.003826e-03 3.455750e-03
1.336206e-02 6.113297e-03 3.056223e-03 6.020784e-03 3.481646e-03
1.536206e-02 6.142492e-03 3.079161e-03 6.037686e-03 3.507807e-03
1.736206e-02 6.174119e-03 3.102577e-03 6.054523e-03 3.534235e-03
1.936206e-02 6.208058e-03 3.126690e-03 6.071288e-03 3.560932e-03
2.136206e-02 6.244074e-03 3.151712e-03 6.087970e-03 3.587900e-03
2.336206e-02 6.281825e-03 3.177834e-03 6.104562e-03 3.615140e-03
2.536206e-02 6.320873e-03 3.205220e-03 6.121053e-03 3.642654e-03
2.736206e-02 6.360698e-03 3.233999e-03 6.137434e-03 3.670442e-03
2.936206e-02 6.400718e-03 3.264259e-03 6.153696e-03 3.698506e-03
3.136206e-02 6.440317e-03 3.296043e-03 6.169828e-03 3.726844e-03
3.336206e-02 6.478865e-03 3.329348e-03 6.185822e-03 3.755457e-03
3.536206e-02 6.515755e-03 3.364121e-03 6.201668e-03 3.784345e-03
3.736206e-02 6.550425e-03 3.400259e-03 6.217359e-03 3.813506e-03
3.936206e-02 6.582396e-03 3.437617e-03 6.232887e-03 3.842940e-03
4.136206e-02 6.611289e-03 3.476006e-03 6.248244e-03 3.872646e-03
4.336206e-02 6.636855e-03 3.515205e-03 6.263426e-03 3.902622e-03
4.536206e-02 6.658982e-03 3.554965e-03 6.278425e-03 3.932866e-03
4.736206e-02 6.677710e-03 3.595022e-03 6.293239e-03 3.963377e-03
4.936206e-02 6.693224e-03 3.635106e-03 6.307862e-03 3.994153e-03
5.136206e-02 6.705849e-03 3.674958e-03 6.322293e-03 4.025193e-03
5.336206e-02 6.716034e-03 3.714338e-03 6.336529e-03 4.056494e-03
5.536206e-02 6.724325e-03 3.753043e-03 6.350567e-03 4.088056e-03
5.736206e-02 6.731339e-03 3.790914e-03 6.364408e-03 4.119878e-03
5.936206e-02 6.737737e-03 3.827851e-03 6.378050e-03 4.151958e-03
6.136206e-02 6.744188e-03 3.863816e-03 6.391492e-03 4.184295e-03
6.336206e-02 6.751339e-03 3.898839e-03 6.404733e-03 4.216889e-03
6.536206e-02 6.759790e-03 3.933019e-03 6.417773e-03 4.249739e-03
6.736206e-02 6.770061e-03 3.966518e-03 6.430611e-03 4.282844e-03
6.936206e-02 6.782578e-03 3.999555e-03 6.443244e-03 4.316205e-03
7.136206e-02 6.797650e-03 4.032395e-03 6.455672e-03 4.349821e-03
7.336206e-02 6.815461e-03 4.065339e-03 6.467892e-03 4.383691e-03
7.536206e-02 6.836056e-03 4.098706e-03 6.479901e-03 4.417816e-03
7.736206e-02 6.859345e-03 4.132821e-03 6.491695e-03 4.452194e-03
7.936206e-02 6.885098e-03 4.167997e-03 6.503271e-03 4.486825e-03
8.136206e-02 6.912958e-03 4.204522e-03 6.514623e-03 4.521707e-03
8.336206e-02 6.942448e-03 4.242649e-03 6.525749e-03 4.556840e-03
8.536206e-02 6.972990e-03 4.282580e-03 6.536641e-03 4.592220e-03
8.736206e-02 7.003927e-03 4.324459e-03 6.547296e-03 4.627846e-03
8.936206e-02 7.034549e-03 4.368365e-03 6.557709e-03 4.663715e-03
9.136206e-02 7.064124e-03 4.414307e-03 6.567875e-03 4.699823e-03
9.336206e-02 7.091930e-03 4.462222e-03 6.577789e-03 4.736167e-03
9.536206e-02 7.117289e-03 4.511972e-03 6.587448e-03 4.772743e-03
9.736206e-02 7.139603e-03 4.563352e-03 6.596850e-03 4.809546e-03
9.936206e-02 7.158382e-03 4.616091e-03 6.605991e-03 4.846572e-03
1.013621e-01 7.173275e-03 4.669864e-03 6.614870e-03 4.883816e-03
1.033621e-01 7.184087e-03 4.724299e-03 6.623488e-03 4.921272e-03
1.053621e-01 7.190789e-03 4.778997e-03 6.631845e-03 4.958935e-03
1.073621e-01 7.193526e-03 4.833542e-03 6.639942e-03 4.996802e-03
1.093621e-01 7.192607e-03 4.887526e-03 6.647783e-03 5.034866e-03
1.113621e-01 7.188489e-03 4.940563e-03 6.655370e-03 5.073123e-03
1.133621e-01 7.181756e-03 4.992313e-03 6.662708e-03 5.111569e-03
1.153621e-01 7.173090e-03 5.042498e-03 6.669802e-03 5.150200e-03
1.173621e-01 7.163237e-03 5.090921e-03 6.676657e-03 5.189012e-03
1.193621e-01 7.152975e-03 5.137477e-03 6.683278e-03 5.228002e-03
1.213621e-01 7.143074e-03 5.182161e-03 6.689671e-03 5.267168e-03
1.233621e-01 7.134271e-03 5.225071e-03 6.695841e-03 5.306507e-03
1.253621e-01 7.127236e-03 5.266406e-03 6.701794e-03 5.346017e-03
1.273621e-01 7.122548e-03 5.306458e-03 6.707533e-03 5.385697e-03
1.293621e-01 7.120672e-03 5.345595e-03 6.713064e-03 5.425546e-03
1.313621e-01 7.121947e-03 5.384248e-03 6.718388e-03 5.465561e-03
1.333621e-01 7.126570e-03 5.422889e-03 6.723509e-03 5.505742e-03
1.353621e-01 7.134592e-03 5.462006e-03 6.728428e-03 5.546088e-03
1.373621e-01 7.145916e-03 5.502087e-03 6.733146e-03 5.586597e-03
1.393621e-01 7.160296e-03 5.543591e-03 6.737663e-03 5.627266e-03
1.413621e-01 7.177351e-03 5.586935e-03 6.741978e-03 5.668095e-03
1.433621e-01 7.196569e-03 5.632471e-03 6.746088e-03 5.709080e-03
1.453621e-01 7.217331e-03 5.680472e-03 6.749993e-03 5.750218e-03
1.473621e-01 7.238929e-03 5.731122e-03 6.753690e-03 5.791505e-03
1.493621e-01 7.260594e-03 5.784507e-03 6.757176e-03 5.832936e-03
1.513621e-01 7.281525e-03 5.840604e-03 6.760448e-03 5.874508e-03
1.533621e-01 7.300926e-03 5.899289e-03 6.763505e-03 5.916213e-03
1.553621e-01 7.318037e-03 5.960328e-03 6.766345e-03 5.958045e-03
1.573621e-01 7.332175e-03 6.023390e-03 6.768966e-03 5.999999e-03
1.593621e-01 7.342763e-03 6.088052e-03 6.771367e-03 6.042067e-03
1.613621e-01 7.349361e-03 6.153815e-03 6.773550e-03 6.084242e-03
1.633621e-01 7.351691e-03 6.220119e-03 6.775515e-03 6.126516e-03
1.653621e-01 7.349649e-03 6.286367e-03 6.777265e-03 6.168883e-03
1.673621e-01 7.343314e-03 6.351948e-03 6.778804e-03 6.211335e-03
1.693621e-01 7.332942e-03 6.416265e-03 6.780135e-03 6.253865e-03
1.713621e-01 7.318955e-03 6.478761e-03 6.781265e-03 6.296467e-03
1.733621e-01 7.301920e-03 6.538951e-03 6.782199e-03 6.339136e-03
1.753621e-01 7.282520e-03 6.596447e-03 6.782944e-03 6.381866e-03
1.773621e-01 7.261521e-03 6.650981e-03 6.783509e-03 6.424653e-03
1.793621e-01 7.239739e-03 6.702417e-03 6.783900e-03 6.467493e-03
1.813621e-01 7.218004e-03 6.750771e-03 6.784126e-03 6.510383e-03
1.833621e-01 7.197127e-03 6.796205e-03 6.784194e-03 6.553322e-03
1.853621e-01 7.177867e-03 6.839022e-03 6.784112e-03 6.596306e-03
1.873621e-01 7.160905e-03 6.879660e-03 6.783887e-03 6.639336e-03
1.893621e-01 7.146820e-03 6.918661e-03 6.783525e-03 6.682410e-03
1.913621e-01 7.136072e-03 6.956655e-03 6.783032e-03 6.725528e-03
1.933621e-01 7.128990e-03 6.994325e-03 6.782411e-03 6.768690e-03
1.953621e-01 7.125756e-03 7.032379e-03 6.781667e-03 6.811896e-03
1.973621e-01 7.126405e-03 7.071517e-03 6.780801e-03 6.855144e-03
1.993621e-01 7.130826e-03 7.112401e-03 6.779814e-03 6.898434e-03
2.013621e-01 7.138756e-03 7.155633e-03 6.778707e-03 6.941764e-03
2.033621e-01 7.149796e-03 7.201722e-03 6.777478e-03 6.985132e-03
2.053621e-01 7.163420e-03 7.251072e-03 6.776125e-03 7.028535e-03
2.073621e-01 7.178987e-03 7.303960e-03 6.774646e-03 7.071969e-03
2.093621e-01 7.195766e-03 7.360530e-03 6.773037e-03 7.115429e-03
2.113621e-01 7.212959e-03 7.420779e-03 6.771295e-03 7.158909e-03
2.133621e-01 7.229731e-03 7.484560e-03 6.769416e-03 7.202404e-03
2.153621e-01 7.245241e-03 7.551580e-03 6.767397e-03 7.245904e-03
2.173621e-01 7.258680e-03 7.621407e-03 6.765234e-03 7.289402e-03
2.193621e-01 7.269301e-03 7.693481e-03 6.762926e-03 7.332889e-03
2.213621e-01 7.276462e-03 7.767134e-03 6.760469e-03 7.376356e-03
2.233621e-01 7.279646e-03 7.841608e-03 6.757864e-03 7.419794e-03
2.253621e-01 7.278498e-03 7.916081e-03 6.755111e-03 7.463192e-03
2.273621e-01 7.272834e-03 7.989706e-03 6.752210e-03 7.506542e-03
2.293621e-01 7.262656e-03 8.061639e-03 6.749165e-03 7.549835e-03
2.313621e-01 7.248151e-03 8.131082e-03 6.745979e-03 7.593062e-03
2.333621e-01 7.229679e-03 8.197318e-03 6.742657e-03 7.636216e-03
2.353621e-01 7.207759e-03 8.259750e-03 6.739204e-03 7.679290e-03
2.373621e-01 7.183039e-03 8.317933e-03 6.735629e-03 7.722279e-03
2.393621e-01 7.156269e-03 8.371598e-03 6.731937e-03 7.765178e-03
2.413621e-01 7.128267e-03 8.420672e-03 6.728138e-03 7.807983e-03
2.433621e-01 7.099883e-03 8.465284e-03 6.724239e-03 7.850692e-03
2.453621e-01 7.071963e-03 8.505761e-03 6.720249e-03 7.893304e-03
2.473621e-01 7.045321e-03 8.542613e-03 6.716175e-03 7.935819e-03
2.493621e-01 7.020709e-03 8.576514e-03 6.712026e-03 7.978236e-03
2.513621e-01 6.998792e-03 8.608265e-03 6.707808e-03 8.020557e-03
2.533621e-01 6.980130e-03 8.638761e-03 6.703528e-03 8.062783e-03
2.553621e-01 6.965159e-03 8.668950e-03 6.699191e-03 8.104916e-03
2.573621e-01 6.954184e-03 8.699791e-03 6.694801e-03 8.146957e-03
2.593621e-01 6.947369e-03 8.732216e-03 6.690360e-03 8.188906e-03
2.613621e-01 6.944732e-03 8.767090e-03 6.685870e-03 8.230764e-03
2.633621e-01 6.946147e-03 8.805182e-03 6.681331e-03 8.272531e-03
2.653621e-01 6.951345e-03 8.847133e-03 6.676741e-03 8.314205e-03
2.673621e-01 6.959923e-03 8.893437e-03 6.672098e-03 8.355784e-03
2.693621e-01 6.971351e-03 8.944418e-03 6.667400e-03 8.397264e-03
2.713621e-01 6.984987e-03 9.000222e-03 6.662641e-03 8.438638e-03
2.733621e-01 7.000097e-03 9.060807e-03 6.657816e-03 8.479902e-03
2.753621e-01 7.015878e-03 9.125943e-03 6.652921e-03 8.521046e-03
2.773621e-01 7.031481e-03 9.195213e-03 6.647950e-03 8.562063e-03
2.793621e-01 7.046048e-03 9.268024e-03 6.642897e-03 8.602941e-03
2.813621e-01 7.058739e-03 9.343624e-03 6.637757e-03 8.643670e-03
2.833621e-01 7.068769e-03 9.421118e-03 6.632527e-03 8.684239e-03
2.853621e-01 7.075445e-03 9.499504e-03 6.627201e-03 8.724636e-03
2.873621e-01 7.078194e-03 9.577699e-03 6.621779e-03 8.764848e-03
2.893621e-01 7.076590e-03 9.654589e-03 6.616257e-03 8.804864e-03
2.913621e-01 7.070379e-03 9.729067e-03 6.610637e-03 8.844673e-03
2.933621e-01 7.059487e-03 9.800082e-03 6.604918e-03 8.884265e-03
2.953621e-01 7.044026e-03 9.866692e-03 6.599104e-03 8.923631e-03
2.973621e-01 7.024288e-03 9.928106e-03 6.593199e-03 8.962762e-03
2.993621e-01 7.000730e-03 9.983727e-03 6.587207e-03 9.001652e-03
3.013621e-01 6.973951e-03 1.003318e-02 6.581134e-03 9.040297e-03
3.033621e-01 6.944665e-03 1.007636e-02 6.574989e-03 9.078692e-03
3.053621e-01 6.913669e-03 1.011338e-02 6.568778e-03 9.116837e-03
3.073621e-01 6.881809e-03 1.014464e-02 6.562510e-03 9.154731e-03
3.093621e-01 6.849943e-03 1.017078e-02 6.556193e-03 9.192374e-03
3.113621e-01 6.818917e-03 1.019262e-02 6.549837e-03 9.229771e-03
3.133621e-01 6.789526e-03 1.021117e-02 6.543449e-03 9.266924e-03
3.153621e-01 6.762499e-03 1.022757e-02 6.537038e-03 9.303837e-03
3.173621e-01 6.738470e-03 1.024301e-02 6.530609e-03 9.340515e-03
3.193621e-01 6.717967e-03 1.025873e-02 6.524170e-03 9.376961e-03
3.213621e-01 6.701395e-03 1.027593e-02 6.517724e-03 9.413181e-03
3.233621e-01 6.689030e-03 1.029572e-02 6.511276e-03 9.449179e-03
3.253621e-01 6.681012e-03 1.031915e-02 6.504828e-03 9.484955e-03
3.273621e-01 6.677343e-03 1.034706e-02 6.498379e-03 9.520513e-03
3.293621e-01 6.677886e-03 1.038016e-02 6.491929e-03 9.555852e-03
3.313621e-01 6.682366e-03 1.041895e-02 6.485476e-03 9.590970e-03
3.333621e-01 6.690382e-03 1.046370e-02 6.479017e-03 9.625864e-03
3.353621e-01 6.701408e-03 1.051448e-02 6.472546e-03 9.660529e-03
3.373621e-01 6.714812e-03 1.057112e-02 6.466057e-03 9.694958e-03
3.393621e-01 6.729867e-03 1.063320e-02 6.459545e-03 9.729142e-03
3.413621e-01 6.745776e-03 1.070013e-02 6.453003e-03 9.763071e-03
3.433621e-01 6.761695e-03 1.077107e-02 6.446422e-03 9.796733e-03
3.453621e-01 6.776759e-03 1.084502e-02 6.439797e-03 9.830117e-03
3.473621e-01 6.790116e-03 1.092081e-02 6.433120e-03 9.863208e-03
3.493621e-01 6.800960e-03 1.099717e-02 6.426385e-03 9.895993e-03
3.513621e-01 6.808562e-03 1.107274e-02 6.419587e-03 9.928459e-03
3.533621e-01 6.812305e-03 1.114613e-02 6.412722e-03 9.960593e-03
3.553621e-01 6.811711e-03 1.121600e-02 6.405787e-03 9.992382e-03
3.573621e-01 6.806461e-03 1.128109e-02 6.398780e-03 1.002381e-02
3.593621e-01 6.796416e-03 1.134027e-02 6.391701e-03 1.005488e-02
3.613621e-01 6.781617e-03 1.139263e-02 6.384551e-03 1.008558e-02
3.633621e-01 6.762288e-03 1.143749e-02 6.377334e-03 1.011589e-02
3.653621e-01 6.738822e-03 1.147446e-02 6.370054e-03 1.014583e-02
3.673621e-01 6.711763e-03 1.150347e-02 6.362717e-03 1.017537e-02
3.693621e-01 6.681778e-03 1.152472e-02 6.355329e-03 1.020454e-02
3.713621e-01 6.649631e-03 1.153875e-02 6.347898e-03 1.023332e-02
3.733621e-01 6.616149e-03 1.154636e-02 6.340433e-03 1.026173e-02
3.753621e-01 6.582187e-03 1.154861e-02 6.332942e-03 1.028977e-02
3.773621e-01 6.548600e-03 1.154673e-02 6.325436e-03 1.031744e-02
3.793621e-01 6.516211e-03 1.154210e-02 6.317922e-03 1.034476e-02
3.813621e-01 6.485787e-03 1.153617e-02 6.310410e-03 1.037174e-02
3.833621e-01 6.458018e-03 1.153042e-02 6.302907e-03 1.039838e-02
3.853621e-01 6.433499e-03 1.152629e-02 6.295422e-03 1.042470e-02
3.873621e-01 6.412716e-03 1.152514e-02 6.287958e-03 1.045070e-02
3.893621e-01 6.396038e-03 1.152818e-02 6.280522e-03 1.047639e-02
3.913621e-01 6.383707e-03 1.153646e-02 6.273117e-03 1.050178e-02
3.933621e-01 6.375837e-03 1.155083e-02 6.265743e-03 1.052686e-02
3.953621e-01 6.372408e-03 1.157191e-02 6.258400e-03 1.055165e-02
3.973621e-01 6.373272e-03 1.160008e-02 6.251088e-03 1.057614e-02
3.993621e-01 6.378151e-03 1.163545e-02 6.243803e-03 1.060033e-02
4.013621e-01 6.386643e-03 1.167789e-02 6.236540e-03 1.062422e-02
4.033621e-01 6.398232e-03 1.172701e-02 6.229293e-03 1.064780e-02
4.053621e-01 6.412297e-03 1.178215e-02 6.222056e-03 1.067105e-02
4.073621e-01 6.428123e-03 1.184245e-02 6.214821e-03 1.069397e-02
4.093621e-01 6.444929e-03 1.190680e-02 6.207579e-03 1.071655e-02
4.113621e-01 6.461879e-03 1.197391e-02 6.200322e-03 1.073877e-02
4.133621e-01 6.478113e-03 1.204234e-02 6.193041e-03 1.076062e-02
4.153621e-01 6.492780e-03 1.211056e-02 6.185729e-03 1.078209e-02
4.173621e-01 6.505061e-03 1.217697e-02 6.178377e-03 1.080316e-02
4.193621e-01 6.514207e-03 1.223998e-02 6.170979e-03 1.082381e-02
4.213621e-01 6.519570e-03 1.229807e-02 6.163529e-03 1.084403e-02
4.233621e-01 6.520631e-03 1.234985e-02 6.156024e-03 1.086383e-02
4.253621e-01 6.517021e-03 1.239413e-02 6.148460e-03 1.088317e-02
4.273621e-01 6.508544e-03 1.242999e-02 6.140836e-03 1.090207e-02
4.293621e-01 6.495180e-03 1.245679e-02 6.133153e-03 1.092051e-02
4.313621e-01 6.477092e-03 1.247422e-02 6.125413e-03 1.093850e-02
4.333621e-01 6.454610e-03 1.248234e-02 6.117619e-03 1.095604e-02
4.353621e-01 6.428223e-03 1.248155e-02 6.109778e-03 1.097312e-02
4.373621e-01 6.398551e-03 1.247257e-02 6.101896e-03 1.098977e-02
4.393621e-01 6.366318e-03 1.245644e-02 6.093980e-03 1.100598e-02
4.413621e-01 6.332323e-03 1.243444e-02 6.086040e-03 1.102177e-02
4.433621e-01 6.297406e-03 1.240803e-02 6.078084e-03 1.103716e-02
4.453621e-01 6.262419e-03 1.237880e-02 6.070123e-03 1.105215e-02
4.473621e-01 6.228196e-03 1.234844e-02 6.062167e-03 1.106676e-02
4.493621e-01 6.195527e-03 1.231859e-02 6.054225e-03 1.108102e-02
4.513621e-01 6.165140e-03 1.229086e-02 6.046306e-03 1.109492e-02
4.533621e-01 6.137676e-03 1.226674e-02 6.038419e-03 1.110849e-02
4.553621e-01 6.113684e-03 1.224757e-02 6.030571e-03 1.112174e-02
4.573621e-01 6.093601e-03 1.223449e-02 6.022767e-03 1.113468e-02
4.593621e-01 6.077755e-03 1.222842e-02 6.015013e-03 1.114732e-02
4.613621e-01 6.066349e-03 1.223004e-02 6.007310e-03 1.115967e-02
4.633621e-01 6.059467e-03 1.223975e-02 5.999661e-03 1.117172e-02
4.653621e-01 6.057068e-03 1.225770e-02 5.992064e-03 1.118348e-02
4.673621e-01 6.058988e-03 1.228375e-02 5.984517e-03 1.119496e-02
4.693621e-01 6.064944e-03 1.231751e-02 5.977016e-03 1.120613e-02
4.713621e-01 6.074534e-03 1.235828e-02 5.969555e-03 1.121700e-02
4.733621e-01 6.087249e-03 1.240516e-02 5.962129e-03 1.122755e-02
4.753621e-01 6.102479e-03 1.245698e-02 5.954727e-03 1.123778e-02
4.773621e-01 6.119526e-03 1.251238e-02 5.947342e-03 1.124767e-02
4.793621e-01 6.137622e-03 1.256983e-02 5.939965e-03 1.125721e-02
4.813621e-01 6.155946e-03 1.262766e-02 5.932584e-03 1.126637e-02
4.833621e-01 6.173651e-03 1.268416e-02 5.925191e-03 1.127515e-02
4.853621e-01 6.189887e-03 1.273757e-02 5.917776e-03 1.128353e-02
4.873621e-01 6.203837e-03 1.278621e-02 5.910330e-03 1.129151e-02
4.893621e-01 6.214740e-03 1.282850e-02 5.902845e-03 1.129905e-02
4.913621e-01 6.221928e-03 1.286306e-02 5.895315e-03 1.130617e-02
4.933621e-01 6.224852e-03 1.288876e-02 5.887734e-03 1.131284e-02
4.953621e-01 6.223107e-03 1.290477e-02 5.880098e-03 1.131908e-02
4.973621e-01 6.216450e-03 1.291060e-02 5.872406e-03 1.132486e-02
4.993621e-01 6.204813e-03 1.290614e-02 5.864657e-03 1.133021e-02
5.013621e-01 6.188304e-03 1.289164e-02 5.856852e-03 1.133512e-02
5.033621e-01 6.167201e-03 1.286772e-02 5.848996e-03 1.133960e-02
5.053621e-01 6.141940e-03 1.283535e-02 5.841092e-03 1.134366e-02
5.073621e-01 6.113096e-03 1.279576e-02 5.833149e-03 1.134732e-02
5.093621e-01 6.081353e-03 1.275044e-02 5.825172e-03 1.135060e-02
5.113621e-01 6.047479e-03 1.270102e-02 5.817173e-03 1.135350e-02
5.133621e-01 6.012293e-03 1.264926e-02 5.809159e-03 1.135606e-02
5.153621e-01 5.976635e-03 1.259693e-02 5.801143e-03 1.135829e-02
5.173621e-01 5.941340e-03 1.254578e-02 5.793134e-03 1.136022e-02
5.193621e-01 5.907209e-03 1.249749e-02 5.785144e-03 1.136185e-02
5.213621e-01 5.874991e-03 1.245359e-02 5.777182e-03 1.136322e-02
5.233621e-01 5.845360e-03 1.241543e-02 5.769258e-03 1.136434e-02
5.253621e-01 5.818908e-03 1.238416e-02 5.761381e-03 1.136521e-02
5.273621e-01 5.796125e-03 1.236070e-02 5.753558e-03 1.136587e-02
5.293621e-01 5.777402e-03 1.234570e-02 5.745795e-03 1.136630e-02
5.313621e-01 5.763015e-03 1.233957e-02 5.738095e-03 1.136653e-02
5.333621e-01 5.753130e-03 1.234243e-02 5.730463e-03 1.136655e-02
5.353621e-01 5.747797e-03 1.235414e-02 5.722897e-03 1.136637e-02
5.373621e-01 5.746950e-03 1.237427e-02 5.715397e-03 1.136597e-02
5.393621e-01 5.750407e-03 1.240214e-02 5.707959e-03 1.136536e-02
5.413621e-01 5.757877e-03 1.243681e-02 5.700580e-03 1.136452e-02
5.433621e-01 5.768956e-03 1.247711e-02 5.693251e-03 1.136343e-02
5.453621e-01 5.783141e-03 1.252166e-02 5.685966e-03 1.136210e-02
5.473621e-01 5.799831e-03 1.256889e-02 5.678715e-03 1.136050e-02
5.493621e-01 5.818341e-03 1.261713e-02 5.671488e-03 1.135861e-02
5.513621e-01 5.837919e-03 1.266457e-02 5.664274e-03 1.135641e-02
5.533621e-01 5.857758e-03 1.270942e-02 5.657063e-03 1.135390e-02
5.553621e-01 5.877025e-03 1.274990e-02 5.649843e-03 1.135106e-02
5.573621e-01 5.894880e-03 1.278434e-02 5.642603e-03 1.134786e-02
5.593621e-01 5.910508e-03 1.281122e-02 5.635334e-03 1.134431e-02
5.613621e-01 5.923146e-03 1.282928e-02 5.628027e-03 1.134039e-02
5.633621e-01 5.932116e-03 1.283754e-02 5.620674e-03 1.133610e-02
5.653621e-01 5.936849e-03 1.283536e-02 5.613269e-03 1.133143e-02
5.673621e-01 5.936915e-03 1.282245e-02 5.605806e-03 1.132639e-02
5.693621e-01 5.932038e-03 1.279893e-02 5.598284e-03 1.132098e-02
5.713621e-01 5.922109e-03 1.276528e-02 5.590700e-03 1.131520e-02
5.733621e-01 5.907195e-03 1.272233e-02 5.583057e-03 1.130908e-02
5.753621e-01 5.887531e-03 1.267123e-02 5.575357e-03 1.130262e-02
5.773621e-01 5.863509e-03 1.261337e-02 5.567604e-03 1.129584e-02
5.793621e-01 5.835663e-03 1.255038e-02 5.559806e-03 1.128877e-02
5.813621e-01 5.804640e-03 1.248397e-02 5.551971e-03 1.128142e-02
5.833621e-01 5.771179e-03 1.241596e-02 5.544107e-03 1.127382e-02
5.853621e-01 5.736076e-03 1.234815e-02 5.536225e-03 1.126598e-02
5.873621e-01 5.700155e-03 1.228229e-02 5.528336e-03 1.125795e-02
5.893621e-01 5.664245e-03 1.222001e-02 5.520453e-03 1.124973e-02
5.913621e-01 5.629148e-03 1.216281e-02 5.512585e-03 1.124135e-02
5.933621e-01 5.595626e-03 1.211198e-02 5.504745e-03 1.123283e-02
5.953621e-01 5.564372e-03 1.206862e-02 5.496944e-03 1.122418e-02
5.973621e-01 5.536006e-03 1.203359e-02 5.489190e-03 1.121542e-02
5.993621e-01 5.511058e-03 1.200750e-02 5.481494e-03 1.120656e-02
6.013621e-01 5.489963e-03 1.199071e-02 5.473862e-03 1.119761e-02
6.033621e-01 5.473055e-03 1.198331e-02 5.466301e-03 1.118857e-02
6.053621e-01 5.460562e-03 1.198515e-02 5.458813e-03 1.117944e-02
6.073621e-01 5.452606e-03 1.199581e-02 5.451400e-03 1.117021e-02
6.093621e-01 5.449202e-03 1.201461e-02 5.444063e-03 1.116089e-02
6.113621e-01 5.450257e-03 1.204065e-02 5.436800e-03 1.115145e-02
6.133621e-01 5.455569e-03 1.207277e-02 5.429607e-03 1.114188e-02
6.153621e-01 5.464836e-03 1.210964e-02 5.422477e-03 1.113218e-02
6.173621e-01 5.477649e-03 1.214974e-02 5.415402e-03 1.112231e-02
6.193621e-01 5.493505e-03 1.219140e-02 5.408375e-03 1.111227e-02
6.213621e-01 5.511811e-03 1.223287e-02 5.401385e-03 1.110202e-02
6.233621e-01 5.531893e-03 1.227233e-02 5.394420e-03 1.109157e-02
6.253621e-01 5.553010e-03 1.230801e-02 5.387469e-03 1.108087e-02
6.273621e-01 5.574372e-03 1.233819e-02 5.380519e-03 1.106993e-02
6.293621e-01 5.595157e-03 1.236131e-02 5.373558e-03 1.105872e-02
6.313621e-01 5.614536e-03 1.237600e-02 5.366575e-03 1.104723e-02
6.333621e-01 5.631702e-03 1.238117e-02 5.359558e-03 1.103546e-02
6.353621e-01 5.645895e-03 1.237604e-02 5.352498e-03 1.102340e-02
6.373621e-01 5.656433e-03 1.236019e-02 5.345385e-03 1.101104e-02
6.393621e-01 5.662738e-03 1.233356e-02 5.338212e-03 1.099840e-02
6.413621e-01 5.664364e-03 1.229646e-02 5.330974e-03 1.098547e-02
6.433621e-01 5.661012e-03 1.224957e-02 5.323667e-03 1.097227e-02
6.453621e-01 5.652549e-03 1.219389e-02 5.316291e-03 1.095880e-02
6.473621e-01 5.639009e-03 1.213068e-02 5.308844e-03 1.094510e-02
6.493621e-01 5.620594e-03 1.206145e-02 5.301331e-03 1.093117e-02
6.513621e-01 5.597665e-03 1.198784e-02 5.293755e-03 1.091704e-02
6.533621e-01 5.570720e-03 1.191162e-02 5.286124e-03 1.090273e-02
6.553621e-01 5.540379e-03 1.183456e-02 5.278444e-03 1.088827e-02
6.573621e-01 5.507352e-03 1.175841e-02 5.270726e-03 1.087368e-02
6.593621e-01 5.472414e-03 1.168485e-02 5.262981e-03 1.085899e-02
6.613621e-01 5.436374e-03 1.161544e-02 5.255221e-03 1.084422e-02
6.633621e-01 5.400050e-03 1.155157e-02 5.247457e-03 1.082940e-02
6.653621e-01 5.364243e-03 1.149445e-02 5.239702e-03 1.081455e-02
6.673621e-01 5.329714e-03 1.144508e-02 5.231968e-03 1.079967e-02
6.693621e-01 5.297172e-03 1.140425e-02 5.224268e-03 1.078479e-02
6.713621e-01 5.267252e-03 1.137251e-02 5.216613e-03 1.076993e-02
6.733621e-01 5.240509e-03 1.135017e-02 5.209012e-03 1.075507e-02
6.753621e-01 5.217412e-03 1.133732e-02 5.201474e-03 1.074023e-02
6.773621e-01 5.198334e-03 1.133379e-02 5.194007e-03 1.072542e-02
6.793621e-01 5.183550e-03 1.133917e-02 5.186616e-03 1.071061e-02
6.813621e-01 5.173240e-03 1.135284e-02 5.179303e-03 1.069580e-02
6.833621e-01 5.167481e-03 1.137394e-02 5.172070e-03 1.068099e-02
6.853621e-01 5.166249e-03 1.140139e-02 5.164916e-03 1.066615e-02
6.873621e-01 5.169422e-03 1.143393e-02 5.157838e-03 1.065126e-02
6.893621e-01 5.176778e-03 1.147011e-02 5.150830e-03 1.063632e-02
6.913621e-01 5.187997e-03 1.150837e-02 5.143886e-03 1.062129e-02
6.933621e-01 5.202664e-03 1.154701e-02 5.136997e-03 1.060615e-02
6.953621e-01 5.220272e-03 1.158429e-02 5.130153e-03 1.059089e-02
6.973621e-01 5.240232e-03 1.161845e-02 5.123341e-03 1.057547e-02
6.993621e-01 5.261876e-03 1.164780e-02 5.116550e-03 1.055989e-02
7.013621e-01 5.284472e-03 1.167075e-02 5.109766e-03 1.054412e-02
7.033621e-01 5.307242e-03 1.168589e-02 5.102976e-03 1.052814e-02
7.053621e-01 5.329376e-03 1.169204e-02 5.096167e-03 1.051196e-02
7.073621e-01 5.350056e-03 1.168831e-02 5.089325e-03 1.049554e-02
7.093621e-01 5.368485e-03 1.167412e-02 5.082439e-03 1.047890e-02
7.113621e-01 5.383908e-03 1.164926e-02 5.075497e-03 1.046204e-02
7.133621e-01 5.395647e-03 1.161386e-02 5.068490e-03 1.044494e-02
7.153621e-01 5.403122e-03 1.156841e-02 5.061410e-03 1.042763e-02
7.173621e-01 5.405881e-03 1.151373e-02 5.054250e-03 1.041011e-02
7.193621e-01 5.403614e-03 1.145094e-02 5.047006e-03 1.039240e-02
7.213621e-01 5.396174e-03 1.138136e-02 5.039677e-03 1.037452e-02
7.233621e-01 5.383575e-03 1.130653e-02 5.032262e-03 1.035648e-02
7.253621e-01 5.366000e-03 1.122809e-02 5.024764e-03 1.033832e-02
7.273621e-01 5.343785e-03 1.114776e-02 5.017187e-03 1.032005e-02
7.293621e-01 5.317409e-03 1.106725e-02 5.009538e-03 1.030171e-02
7.313621e-01 5.287467e-03 1.098821e-02 5.001825e-03 1.028331e-02
7.333621e-01 5.254648e-03 1.091222e-02 4.994057e-03 1.026489e-02
7.353621e-01 5.219711e-03 1.084073e-02 4.986247e-03 1.024646e-02
7.373621e-01 5.183450e-03 1.077501e-02 4.978406e-03 1.022806e-02
7.393621e-01 5.146671e-03 1.071617e-02 4.970547e-03 1.020970e-02
7.413621e-01 5.110169e-03 1.066513e-02 4.962685e-03 1.019140e-02
7.433621e-01 5.074706e-03 1.062259e-02 4.954830e-03 1.017317e-02
7.453621e-01 5.040991e-03 1.058904e-02 4.946998e-03 1.015503e-02
7.473621e-01 5.009671e-03 1.056476e-02 4.939200e-03 1.013698e-02
7.493621e-01 4.981316e-03 1.054982e-02 4.931448e-03 1.011902e-02
7.513621e-01 4.956414e-03 1.054407e-02 4.923751e-03 1.010116e-02
7.533621e-01 4.935367e-03 1.054713e-02 4.916117e-03 1.008337e-02
7.553621e-01 4.918484e-03 1.055842e-02 4.908553e-03 1.006566e-02
7.573621e-01 4.905984e-03 1.057716e-02 4.901063e-03 1.004801e-02
7.593621e-01 4.897992e-03 1.060237e-02 4.893651e-03 1.003041e-02
7.613621e-01 4.894540e-03 1.063288e-02 4.886314e-03 1.001283e-02
7.633621e-01 4.895567e-03 1.066737e-02 4.879052e-03 9.995246e-03
7.653621e-01 4.900918e-03 1.070435e-02 4.871860e-03 9.977642e-03
7.673621e-01 4.910347e-03 1.074224e-02 4.864732e-03 9.959991e-03
7.693621e-01 4.923516e-03 1.077939e-02 4.857658e-03 9.942268e-03
7.713621e-01 4.939997e-03 1.081412e-02 4.850628e-03 9.924449e-03
7.733621e-01 4.959277e-03 1.084476e-02 4.843632e-03 9.906510e-03
7.753621e-01 4.980763e-03 1.086975e-02 4.836655e-03 9.888432e-03
7.773621e-01 5.003791e-03 1.088764e-02 4.829684e-03 9.870194e-03
7.793621e-01 5.027635e-03 1.089721e-02 4.822703e-03 9.851781e-03
7.813621e-01 5.051524e-03 1.089745e-02 4.815699e-03 9.833182e-03
7.833621e-01 5.074656e-03 1.088768e-02 4.808657e-03 9.814387e-03
7.853621e-01 5.096227e-03 1.086750e-02 4.801562e-03 9.795394e-03
7.873621e-01 5.115446e-03 1.083690e-02 4.794401e-03 9.776201e-03
7.893621e-01 5.131572e-03 1.079616e-02 4.787162e-03 9.756813e-03
7.913621e-01 5.143931e-03 1.074592e-02 4.779834e-03 9.737238e-03
7.933621e-01 5.151950e-03 1.068709e-02 4.772409e-03 9.717490e-03
7.953621e-01 5.155180e-03 1.062085e-02 4.764878e-03 9.697584e-03
7.973621e-01 5.153313e-03 1.054856e-02 4.757238e-03 9.677540e-03
7.993621e-01 5.146195e-03 1.047174e-02 4.749487e-03 9.657380e-03
8.013621e-01 5.133838e-03 1.039201e-02 4.741622e-03 9.637127e-03
8.033621e-01 5.116415e-03 1.031099e-02 4.733647e-03 9.616809e-03
8.053621e-01 5.094252e-03 1.023031e-02 4.725567e-03 9.596451e-03
8.073621e-01 5.067814e-03 1.015152e-02 4.717386e-03 9.576079e-03
8.093621e-01 5.037685e-03 1.007609e-02 4.709114e-03 9.555721e-03
8.113621e-01 5.004541e-03 1.000532e-02 4.700760e-03 9.535401e-03
8.133621e-01 4.969127e-03 9.940405e-03 4.692336e-03 9.515141e-03
8.153621e-01 4.932225e-03 9.882337e-03 4.683855e-03 9.494963e-03
8.173621e-01 4.894631e-03 9.831940e-03 4.675330e-03 9.474882e-03
8.193621e-01 4.857133e-03 9.789848e-03 4.666775e-03 9.454913e-03
8.213621e-01 4.820488e-03 9.756506e-03 4.658203e-03 9.435066e-03
8.233621e-01 4.785403e-03 9.732162e-03 4.649629e-03 9.415346e-03
8.253621e-01 4.752527e-03 9.716874e-03 4.641066e-03 9.395754e-03
8.273621e-01 4.722436e-03 9.710502e-03 4.632525e-03 9.376288e-03
8.293621e-01 4.695630e-03 9.712717e-03 4.624018e-03 9.356939e-03
8.313621e-01 4.672527e-03 9.722999e-03 4.615552e-03 9.337697e-03
8.333621e-01 4.653458e-03 9.740640e-03 4.607137e-03 9.318546e-03
8.353621e-01 4.638670e-03 9.764754e-03 4.598776e-03 9.299467e-03
8.373621e-01 4.628321e-03 9.794282e-03 4.590473e-03 9.280439e-03
8.393621e-01 4.622484e-03 9.828007e-03 4.582228e-03 9.261437e-03
8.413621e-01 4.621144e-03 9.864572e-03 4.574039e-03 9.242437e-03
8.433621e-01 4.624200e-03 9.902508e-03 4.565903e-03 9.223410e-03
8.453621e-01 4.631463e-03 9.940261e-03 4.557813e-03 9.204330e-03
8.473621e-01 4.642659e-03 9.976235e-03 4.549760e-03 9.185169e-03
8.493621e-01 4.657429e-03 1.000883e-02 4.541734e-03 9.165903e-03
8.513621e-01 4.675328e-03 1.003652e-02 4.533722e-03 9.146505e-03
8.533621e-01 4.695831e-03 1.005785e-02 4.525710e-03 9.126955e-03
8.553621e-01 4.718340e-03 1.007155e-02 4.517683e-03 9.107234e-03
8.573621e-01 4.742185e-03 1.007656e-02 4.509626e-03 9.087325e-03
8.593621e-01 4.766642e-03 1.007207e-02 4.501520e-03 9.067216e-03
8.613621e-01 4.790944e-03 1.005756e-02 4.493351e-03 9.046901e-03
8.633621e-01 4.814296e-03 1.003283e-02 4.485101e-03 9.026375e-03
8.653621e-01 4.835900e-03 9.998004e-03 4.476754e-03 9.005640e-03
8.673621e-01 4.854980e-03 9.953518e-03 4.468296e-03 8.984701e-03
8.693621e-01 4.870802e-03 9.900103e-03 4.459712e-03 8.963566e-03
8.713621e-01 4.882709e-03 9.838750e-03 4.450991e-03 8.942250e-03
8.733621e-01 4.890139e-03 9.770668e-03 4.442121e-03 8.920770e-03
8.753621e-01 4.892653e-03 9.697229e-03 4.433096e-03 8.899145e-03
8.773621e-01 4.889954e-03 9.619921e-03 4.423909e-03 8.877398e-03
8.793621e-01 4.881898e-03 9.540290e-03 4.414556e-03 8.855555e-03
8.813621e-01 4.868504e-03 9.459890e-03 4.405037e-03 8.833640e-03
8.833621e-01 4.849948e-03 9.380240e-03 4.395351e-03 8.811681e-03
8.853621e-01 4.826557e-03 9.302787e-03 4.385504e-03 8.789704e-03
8.873621e-01 4.798796e-03 9.228869e-03 4.375499e-03 8.767735e-03
8.893621e-01 4.767243e-03 9.159699e-03 4.365346e-03 8.745799e-03
8.913621e-01 4.732570e-03 9.096341e-03 4.355053e-03 8.723917e-03
8.933621e-01 4.695513e-03 9.039702e-03 4.344632e-03 8.702109e-03
