# results/qpc_wx1.0_unpol.npz: LDOS at x = 0, 1/(meV nm), Lorentzian; M_loc = 0.0000
# e-mu[meV] rho_up(eta=0.05) rho_dn(eta=0.05) rho_up(eta=0.1) rho_dn(eta=0.1)
-1.229620e+00 1.723370e-04 1.723370e-04 3.421198e-04 3.421198e-04
-1.227620e+00 1.729962e-04 1.729962e-04 3.434146e-04 3.434146e-04
-1.225620e+00 1.736595e-04 1.736595e-04 3.447175e-04 3.447175e-04
-1.223620e+00 1.743270e-04 1.743270e-04 3.460284e-04 3.460284e-04
-1.221620e+00 1.749988e-04 1.749988e-04 3.473474e-04 3.473474e-04
-1.219620e+00 1.756748e-04 1.756748e-04 3.486747e-04 3.486747e-04
-1.217620e+00 1.763552e-04 1.763552e-04 3.500102e-04 3.500102e-04
-1.215620e+00 1.770398e-04 1.770398e-04 3.513541e-04 3.513541e-04
-1.213620e+00 1.777289e-04 1.777289e-04 3.527064e-04 3.527064e-04
-1.211620e+00 1.784224e-04 1.784224e-04 3.540673e-04 3.540673e-04
-1.209620e+00 1.791204e-04 1.791204e-04 3.554367e-04 3.554367e-04
-1.207620e+00 1.798229e-04 1.798229e-04 3.568148e-04 3.568148e-04
-1.205620e+00 1.805300e-04 1.805300e-04 3.582017e-04 3.582017e-04
-1.203620e+00 1.812416e-04 1.812416e-04 3.595974e-04 3.595974e-04
-1.201620e+00 1.819579e-04 1.819579e-04 3.610020e-04 3.610020e-04
-1.199620e+00 1.826789e-04 1.826789e-04 3.624156e-04 3.624156e-04
-1.197620e+00 1.834047e-04 1.834047e-04 3.638383e-04 3.638383e-04
-1.195620e+00 1.841352e-04 1.841352e-04 3.652701e-04 3.652701e-04
-1.193620e+00 1.848706e-04 1.848706e-04 3.667113e-04 3.667113e-04
-1.191620e+00 1.856109e-04 1.856109e-04 3.681617e-04 3.681617e-04
-1.189620e+00 1.863561e-04 1.863561e-04 3.696216e-04 3.696216e-04
-1.187620e+00 1.871062e-04 1.871062e-04 3.710910e-04 3.710910e-04
-1.185620e+00 1.878614e-04 1.878614e-04 3.725701e-04 3.725701e-04
-1.183620e+00 1.886217e-04 1.886217e-04 3.740588e-04 3.740588e-04
-1.181620e+00 1.893872e-04 1.893872e-04 3.755573e-04 3.755573e-04
-1.179620e+00 1.901578e-04 1.901578e-04 3.770658e-04 3.770658e-04
-1.177620e+00 1.909336e-04 1.909336e-04 3.785842e-04 3.785842e-04
-1.175620e+00 1.917148e-04 1.917148e-04 3.801127e-04 3.801127e-04
-1.173620e+00 1.925013e-04 1.925013e-04 3.816514e-04 3.816514e-04
-1.171620e+00 1.932932e-04 1.932932e-04 3.832004e-04 3.832004e-04
-1.169620e+00 1.940906e-04 1.940906e-04 3.847598e-04 3.847598e-04
-1.167620e+00 1.948935e-04 1.948935e-04 3.863297e-04 3.863297e-04
-1.165620e+00 1.957019e-04 1.957019e-04 3.879101e-04 3.879101e-04
-1.163620e+00 1.965160e-04 1.965160e-04 3.895013e-04 3.895013e-04
-1.161620e+00 1.973358e-04 1.973358e-04 3.911033e-04 3.911033e-04
-1.159620e+00 1.981614e-04 1.981614e-04 3.927162e-04 3.927162e-04
-1.157620e+00 1.989928e-04 1.989928e-04 3.943401e-04 3.943401e-04
-1.155620e+00 1.998301e-04 1.998301e-04 3.959752e-04 3.959752e-04
-1.153620e+00 2.006733e-04 2.006733e-04 3.976215e-04 3.976215e-04
-1.151620e+00 2.015226e-04 2.015226e-04 3.992793e-04 3.992793e-04
-1.149620e+00 2.023779e-04 2.023779e-04 4.009485e-04 4.009485e-04
-1.147620e+00 2.032394e-04 2.032394e-04 4.026293e-04 4.026293e-04
-1.145620e+00 2.041071e-04 2.041071e-04 4.043218e-04 4.043218e-04
-1.143620e+00 2.049811e-04 2.049811e-04 4.060262e-04 4.060262e-04
-1.141620e+00 2.058615e-04 2.058615e-04 4.077425e-04 4.077425e-04
-1.139620e+00 2.067483e-04 2.067483e-04 4.094710e-04 4.094710e-04
-1.137620e+00 2.076416e-04 2.076416e-04 4.112116e-04 4.112116e-04
-1.135620e+00 2.085415e-04 2.085415e-04 4.129647e-04 4.129647e-04
-1.133620e+00 2.094480e-04 2.094480e-04 4.147302e-04 4.147302e-04
-1.131620e+00 2.103613e-04 2.103613e-04 4.165083e-04 4.165083e-04
-1.129620e+00 2.112814e-04 2.112814e-04 4.182993e-04 4.182993e-04
-1.127620e+00 2.122084e-04 2.122084e-04 4.201030e-04 4.201030e-04
-1.125620e+00 2.131424e-04 2.131424e-04 4.219199e-04 4.219199e-04
-1.123620e+00 2.140835e-04 2.140835e-04 4.237499e-04 4.237499e-04
-1.121620e+00 2.150317e-04 2.150317e-04 4.255932e-04 4.255932e-04
-1.119620e+00 2.159871e-04 2.159871e-04 4.274500e-04 4.274500e-04
-1.117620e+00 2.169499e-04 2.169499e-04 4.293204e-04 4.293204e-04
-1.115620e+00 2.179201e-04 2.179201e-04 4.312046e-04 4.312046e-04
-1.113620e+00 2.188978e-04 2.188978e-04 4.331027e-04 4.331027e-04
-1.111620e+00 2.198832e-04 2.198832e-04 4.350148e-04 4.350148e-04
-1.109620e+00 2.208762e-04 2.208762e-04 4.369412e-04 4.369412e-04
-1.107620e+00 2.218770e-04 2.218770e-04 4.388820e-04 4.388820e-04
-1.105620e+00 2.228858e-04 2.228858e-04 4.408373e-04 4.408373e-04
-1.103620e+00 2.239025e-04 2.239025e-04 4.428074e-04 4.428074e-04
-1.101620e+00 2.249274e-04 2.249274e-04 4.447923e-04 4.447923e-04
-1.099620e+00 2.259605e-04 2.259605e-04 4.467923e-04 4.467923e-04
-1.097620e+00 2.270019e-04 2.270019e-04 4.488076e-04 4.488076e-04
-1.095620e+00 2.280518e-04 2.280518e-04 4.508382e-04 4.508382e-04
-1.093620e+00 2.291102e-04 2.291102e-04 4.528844e-04 4.528844e-04
-1.091620e+00 2.301773e-04 2.301773e-04 4.549464e-04 4.549464e-04
-1.089620e+00 2.312532e-04 2.312532e-04 4.570244e-04 4.570244e-04
-1.087620e+00 2.323380e-04 2.323380e-04 4.591185e-04 4.591185e-04
-1.085620e+00 2.334318e-04 2.334318e-04 4.612289e-04 4.612289e-04
-1.083620e+00 2.345349e-04 2.345349e-04 4.633558e-04 4.633558e-04
-1.081620e+00 2.356472e-04 2.356472e-04 4.654995e-04 4.654995e-04
-1.079620e+00 2.367690e-04 2.367690e-04 4.676601e-04 4.676601e-04
-1.077620e+00 2.379004e-04 2.379004e-04 4.698379e-04 4.698379e-04
-1.075620e+00 2.390415e-04 2.390415e-04 4.720329e-04 4.720329e-04
-1.073620e+00 2.401925e-04 2.401925e-04 4.742455e-04 4.742455e-04
-1.071620e+00 2.413536e-04 2.413536e-04 4.764759e-04 4.764759e-04
-1.069620e+00 2.425248e-04 2.425248e-04 4.787243e-04 4.787243e-04
-1.067620e+00 2.437063e-04 2.437063e-04 4.809908e-04 4.809908e-04
-1.065620e+00 2.448984e-04 2.448984e-04 4.832758e-04 4.832758e-04
-1.063620e+00 2.461011e-04 2.461011e-04 4.855794e-04 4.855794e-04
-1.061620e+00 2.473147e-04 2.473147e-04 4.879019e-04 4.879019e-04
-1.059620e+00 2.485393e-04 2.485393e-04 4.902435e-04 4.902435e-04
-1.057620e+00 2.497752e-04 2.497752e-04 4.926045e-04 4.926045e-04
-1.055620e+00 2.510224e-04 2.510224e-04 4.949851e-04 4.949851e-04
-1.053620e+00 2.522812e-04 2.522812e-04 4.973855e-04 4.973855e-04
-1.051620e+00 2.535518e-04 2.535518e-04 4.998060e-04 4.998060e-04
-1.049620e+00 2.548345e-04 2.548345e-04 5.022469e-04 5.022469e-04
-1.047620e+00 2.561294e-04 2.561294e-04 5.047084e-04 5.047084e-04
-1.045620e+00 2.574367e-04 2.574367e-04 5.071908e-04 5.071908e-04
-1.043620e+00 2.587566e-04 2.587566e-04 5.096943e-04 5.096943e-04
-1.041620e+00 2.600895e-04 2.600895e-04 5.122192e-04 5.122192e-04
-1.039620e+00 2.614356e-04 2.614356e-04 5.147658e-04 5.147658e-04
-1.037620e+00 2.627951e-04 2.627951e-04 5.173343e-04 5.173343e-04
-1.035620e+00 2.641682e-04 2.641682e-04 5.199251e-04 5.199251e-04
-1.033620e+00 2.655553e-04 2.655553e-04 5.225385e-04 5.225385e-04
-1.031620e+00 2.669566e-04 2.669566e-04 5.251746e-04 5.251746e-04
-1.029620e+00 2.683724e-04 2.683724e-04 5.278339e-04 5.278339e-04
-1.027620e+00 2.698030e-04 2.698030e-04 5.305166e-04 5.305166e-04
-1.025620e+00 2.712488e-04 2.712488e-04 5.332230e-04 5.332230e-04
-1.023620e+00 2.727101e-04 2.727101e-04 5.359534e-04 5.359534e-04
-1.021620e+00 2.741871e-04 2.741871e-04 5.387081e-04 5.387081e-04
-1.019620e+00 2.756803e-04 2.756803e-04 5.414875e-04 5.414875e-04
-1.017620e+00 2.771900e-04 2.771900e-04 5.442919e-04 5.442919e-04
-1.015620e+00 2.787166e-04 2.787166e-04 5.471215e-04 5.471215e-04
-1.013620e+00 2.802604e-04 2.802604e-04 5.499767e-04 5.499767e-04
-1.011620e+00 2.818220e-04 2.818220e-04 5.528578e-04 5.528578e-04
-1.009620e+00 2.834017e-04 2.834017e-04 5.557651e-04 5.557651e-04
-1.007620e+00 2.849999e-04 2.849999e-04 5.586991e-04 5.586991e-04
-1.005620e+00 2.866172e-04 2.866172e-04 5.616599e-04 5.616599e-04
-1.003620e+00 2.882539e-04 2.882539e-04 5.646480e-04 5.646480e-04
-1.001620e+00 2.899105e-04 2.899105e-04 5.676637e-04 5.676637e-04
-9.996205e-01 2.915877e-04 2.915877e-04 5.707073e-04 5.707073e-04
-9.976205e-01 2.932858e-04 2.932858e-04 5.737791e-04 5.737791e-04
-9.956205e-01 2.950055e-04 2.950055e-04 5.768796e-04 5.768796e-04
-9.936205e-01 2.967473e-04 2.967473e-04 5.800089e-04 5.800089e-04
-9.916205e-01 2.985117e-04 2.985117e-04 5.831676e-04 5.831676e-04
-9.896205e-01 3.002994e-04 3.002994e-04 5.863559e-04 5.863559e-04
-9.876205e-01 3.021108e-04 3.021108e-04 5.895741e-04 5.895741e-04
-9.856205e-01 3.039468e-04 3.039468e-04 5.928227e-04 5.928227e-04
-9.836205e-01 3.058077e-04 3.058077e-04 5.961019e-04 5.961019e-04
-9.816205e-01 3.076944e-04 3.076944e-04 5.994122e-04 5.994122e-04
-9.796205e-01 3.096073e-04 3.096073e-04 6.027537e-04 6.027537e-04
-9.776205e-01 3.115471e-04 3.115471e-04 6.061270e-04 6.061270e-04
-9.756205e-01 3.135143e-04 3.135143e-04 6.095323e-04 6.095323e-04
-9.736205e-01 3.155096e-04 3.155096e-04 6.129699e-04 6.129699e-04
-9.716205e-01 3.175336e-04 3.175336e-04 6.164403e-04 6.164403e-04
-9.696205e-01 3.195866e-04 3.195866e-04 6.199437e-04 6.199437e-04
-9.676205e-01 3.216691e-04 3.216691e-04 6.234805e-04 6.234805e-04
-9.656205e-01 3.237817e-04 3.237817e-04 6.270511e-04 6.270511e-04
-9.636205e-01 3.259245e-04 3.259245e-04 6.306557e-04 6.306557e-04
-9.616205e-01 3.280978e-04 3.280978e-04 6.342947e-04 6.342947e-04
-9.596205e-01 3.303018e-04 3.303018e-04 6.379684e-04 6.379684e-04
-9.576205e-01 3.325365e-04 3.325365e-04 6.416773e-04 6.416773e-04
-9.556205e-01 3.348017e-04 3.348017e-04 6.454216e-04 6.454216e-04
-9.536205e-01 3.370973e-04 3.370973e-04 6.492016e-04 6.492016e-04
-9.516205e-01 3.394228e-04 3.394228e-04 6.530178e-04 6.530178e-04
-9.496205e-01 3.417778e-04 3.417778e-04 6.568704e-04 6.568704e-04
-9.476205e-01 3.441615e-04 3.441615e-04 6.607599e-04 6.607599e-04
-9.456205e-01 3.465731e-04 3.465731e-04 6.646866e-04 6.646866e-04
-9.436205e-01 3.490118e-04 3.490118e-04 6.686508e-04 6.686508e-04
-9.416205e-01 3.514764e-04 3.514764e-04 6.726529e-04 6.726529e-04
-9.396205e-01 3.539659e-04 3.539659e-04 6.766934e-04 6.766934e-04
-9.376205e-01 3.564791e-04 3.564791e-04 6.807725e-04 6.807725e-04
-9.356205e-01 3.590149e-04 3.590149e-04 6.848908e-04 6.848908e-04
-9.336205e-01 3.615721e-04 3.615721e-04 6.890486e-04 6.890486e-04
-9.316205e-01 3.641497e-04 3.641497e-04 6.932463e-04 6.932463e-04
-9.296205e-01 3.667469e-04 3.667469e-04 6.974844e-04 6.974844e-04
-9.276205e-01 3.693628e-04 3.693628e-04 7.017633e-04 7.017633e-04
-9.256205e-01 3.719969e-04 3.719969e-04 7.060836e-04 7.060836e-04
-9.236205e-01 3.746489e-04 3.746489e-04 7.104456e-04 7.104456e-04
-9.216205e-01 3.773186e-04 3.773186e-04 7.148499e-04 7.148499e-04
-9.196205e-01 3.800061e-04 3.800061e-04 7.192970e-04 7.192970e-04
-9.176205e-01 3.827118e-04 3.827118e-04 7.237874e-04 7.237874e-04
-9.156205e-01 3.854362e-04 3.854362e-04 7.283217e-04 7.283217e-04
-9.136205e-01 3.881799e-04 3.881799e-04 7.329005e-04 7.329005e-04
-9.116205e-01 3.909441e-04 3.909441e-04 7.375243e-04 7.375243e-04
-9.096205e-01 3.937295e-04 3.937295e-04 7.421937e-04 7.421937e-04
-9.076205e-01 3.965375e-04 3.965375e-04 7.469093e-04 7.469093e-04
-9.056205e-01 3.993692e-04 3.993692e-04 7.516719e-04 7.516719e-04
-9.036205e-01 4.022260e-04 4.022260e-04 7.564820e-04 7.564820e-04
-9.016205e-01 4.051092e-04 4.051092e-04 7.613404e-04 7.613404e-04
-8.996205e-01 4.080202e-04 4.080202e-04 7.662477e-04 7.662477e-04
-8.976205e-01 4.109603e-04 4.109603e-04 7.712046e-04 7.712046e-04
-8.956205e-01 4.139310e-04 4.139310e-04 7.762119e-04 7.762119e-04
-8.936205e-01 4.169336e-04 4.169336e-04 7.812703e-04 7.812703e-04
-8.916205e-01 4.199694e-04 4.199694e-04 7.863806e-04 7.863806e-04
-8.896205e-01 4.230397e-04 4.230397e-04 7.915435e-04 7.915435e-04
-8.876205e-01 4.261459e-04 4.261459e-04 7.967599e-04 7.967599e-04
-8.856205e-01 4.292891e-04 4.292891e-04 8.020306e-04 8.020306e-04
-8.836205e-01 4.324705e-04 4.324705e-04 8.073564e-04 8.073564e-04
-8.816205e-01 4.356914e-04 4.356914e-04 8.127380e-04 8.127380e-04
-8.796205e-01 4.389529e-04 4.389529e-04 8.181765e-04 8.181765e-04
-8.776205e-01 4.422560e-04 4.422560e-04 8.236726e-04 8.236726e-04
-8.756205e-01 4.456020e-04 4.456020e-04 8.292273e-04 8.292273e-04
-8.736205e-01 4.489918e-04 4.489918e-04 8.348413e-04 8.348413e-04
-8.716205e-01 4.524266e-04 4.524266e-04 8.405158e-04 8.405158e-04
-8.696205e-01 4.559074e-04 4.559074e-04 8.462514e-04 8.462514e-04
-8.676205e-01 4.594352e-04 4.594352e-04 8.520493e-04 8.520493e-04
-8.656205e-01 4.630110e-04 4.630110e-04 8.579103e-04 8.579103e-04
-8.636205e-01 4.666359e-04 4.666359e-04 8.638355e-04 8.638355e-04
-8.616205e-01 4.703108e-04 4.703108e-04 8.698257e-04 8.698257e-04
-8.596205e-01 4.740368e-04 4.740368e-04 8.758820e-04 8.758820e-04
-8.576205e-01 4.778149e-04 4.778149e-04 8.820053e-04 8.820053e-04
-8.556205e-01 4.816460e-04 4.816460e-04 8.881967e-04 8.881967e-04
-8.536205e-01 4.855313e-04 4.855313e-04 8.944573e-04 8.944573e-04
-8.516205e-01 4.894717e-04 4.894717e-04 9.007880e-04 9.007880e-04
-8.496205e-01 4.934682e-04 4.934682e-04 9.071899e-04 9.071899e-04
-8.476205e-01 4.975219e-04 4.975219e-04 9.136640e-04 9.136640e-04
-8.456205e-01 5.016339e-04 5.016339e-04 9.202115e-04 9.202115e-04
-8.436205e-01 5.058051e-04 5.058051e-04 9.268335e-04 9.268335e-04
-8.416205e-01 5.100367e-04 5.100367e-04 9.335309e-04 9.335309e-04
-8.396205e-01 5.143297e-04 5.143297e-04 9.403051e-04 9.403051e-04
-8.376205e-01 5.186852e-04 5.186852e-04 9.471570e-04 9.471570e-04
-8.356205e-01 5.231043e-04 5.231043e-04 9.540879e-04 9.540879e-04
-8.336205e-01 5.275882e-04 5.275882e-04 9.610989e-04 9.610989e-04
-8.316205e-01 5.321380e-04 5.321380e-04 9.681912e-04 9.681912e-04
-8.296205e-01 5.367547e-04 5.367547e-04 9.753660e-04 9.753660e-04
-8.276205e-01 5.414397e-04 5.414397e-04 9.826245e-04 9.826245e-04
-8.256205e-01 5.461941e-04 5.461941e-04 9.899678e-04 9.899678e-04
-8.236205e-01 5.510192e-04 5.510192e-04 9.973974e-04 9.973974e-04
-8.216205e-01 5.559160e-04 5.559160e-04 1.004914e-03 1.004914e-03
-8.196205e-01 5.608860e-04 5.608860e-04 1.012520e-03 1.012520e-03
-8.176205e-01 5.659303e-04 5.659303e-04 1.020216e-03 1.020216e-03
-8.156205e-01 5.710503e-04 5.710503e-04 1.028002e-03 1.028002e-03
-8.136205e-01 5.762472e-04 5.762472e-04 1.035882e-03 1.035882e-03
-8.116205e-01 5.815224e-04 5.815224e-04 1.043855e-03 1.043855e-03
-8.096205e-01 5.868772e-04 5.868772e-04 1.051924e-03 1.051924e-03
-8.076205e-01 5.923130e-04 5.923130e-04 1.060089e-03 1.060089e-03
-8.056205e-01 5.978311e-04 5.978311e-04 1.068353e-03 1.068353e-03
-8.036205e-01 6.034331e-04 6.034331e-04 1.076716e-03 1.076716e-03
-8.016205e-01 6.091205e-04 6.091205e-04 1.085180e-03 1.085180e-03
-7.996205e-01 6.148946e-04 6.148946e-04 1.093746e-03 1.093746e-03
-7.976205e-01 6.207570e-04 6.207570e-04 1.102416e-03 1.102416e-03
-7.956205e-01 6.267093e-04 6.267093e-04 1.111192e-03 1.111192e-03
-7.936205e-01 6.327529e-04 6.327529e-04 1.120074e-03 1.120074e-03
-7.916205e-01 6.388894e-04 6.388894e-04 1.129065e-03 1.129065e-03
-7.896205e-01 6.451204e-04 6.451204e-04 1.138165e-03 1.138165e-03
-7.876205e-01 6.514474e-04 6.514474e-04 1.147377e-03 1.147377e-03
-7.856205e-01 6.578721e-04 6.578721e-04 1.156702e-03 1.156702e-03
-7.836205e-01 6.643962e-04 6.643962e-04 1.166142e-03 1.166142e-03
-7.816205e-01 6.710215e-04 6.710215e-04 1.175699e-03 1.175699e-03
-7.796205e-01 6.777497e-04 6.777497e-04 1.185373e-03 1.185373e-03
-7.776205e-01 6.845828e-04 6.845828e-04 1.195167e-03 1.195167e-03
-7.756205e-01 6.915225e-04 6.915225e-04 1.205082e-03 1.205082e-03
-7.736205e-01 6.985708e-04 6.985708e-04 1.215121e-03 1.215121e-03
-7.716205e-01 7.057295e-04 7.057295e-04 1.225284e-03 1.225284e-03
-7.696205e-01 7.130005e-04 7.130005e-04 1.235574e-03 1.235574e-03
-7.676205e-01 7.203856e-04 7.203856e-04 1.245993e-03 1.245993e-03
-7.656205e-01 7.278866e-04 7.278866e-04 1.256542e-03 1.256542e-03
-7.636205e-01 7.355055e-04 7.355055e-04 1.267223e-03 1.267223e-03
-7.616205e-01 7.432442e-04 7.432442e-04 1.278038e-03 1.278038e-03
-7.596205e-01 7.511048e-04 7.511048e-04 1.288989e-03 1.288989e-03
-7.576205e-01 7.590896e-04 7.590896e-04 1.300077e-03 1.300077e-03
-7.556205e-01 7.672007e-04 7.672007e-04 1.311306e-03 1.311306e-03
-7.536205e-01 7.754405e-04 7.754405e-04 1.322677e-03 1.322677e-03
-7.516205e-01 7.838116e-04 7.838116e-04 1.334191e-03 1.334191e-03
-7.496205e-01 7.923162e-04 7.923162e-04 1.345851e-03 1.345851e-03
-7.476205e-01 8.009567e-04 8.009567e-04 1.357659e-03 1.357659e-03
-7.456205e-01 8.097355e-04 8.097355e-04 1.369616e-03 1.369616e-03
-7.436205e-01 8.186549e-04 8.186549e-04 1.381726e-03 1.381726e-03
-7.416205e-01 8.277169e-04 8.277169e-04 1.393991e-03 1.393991e-03
-7.396205e-01 8.369238e-04 8.369238e-04 1.406411e-03 1.406411e-03
-7.376205e-01 8.462778e-04 8.462778e-04 1.418990e-03 1.418990e-03
-7.356205e-01 8.557813e-04 8.557813e-04 1.431730e-03 1.431730e-03
-7.336205e-01 8.654368e-04 8.654368e-04 1.444634e-03 1.444634e-03
-7.316205e-01 8.752470e-04 8.752470e-04 1.457702e-03 1.457702e-03
-7.296205e-01 8.852150e-04 8.852150e-04 1.470938e-03 1.470938e-03
-7.276205e-01 8.953438e-04 8.953438e-04 1.484345e-03 1.484345e-03
-7.256205e-01 9.056367e-04 9.056367e-04 1.497923e-03 1.497923e-03
-7.236205e-01 9.160970e-04 9.160970e-04 1.511677e-03 1.511677e-03
-7.216205e-01 9.267279e-04 9.267279e-04 1.525608e-03 1.525608e-03
-7.196205e-01 9.375325e-04 9.375325e-04 1.539718e-03 1.539718e-03
-7.176205e-01 9.485137e-04 9.485137e-04 1.554011e-03 1.554011e-03
-7.156205e-01 9.596741e-04 9.596741e-04 1.568489e-03 1.568489e-03
-7.136205e-01 9.710163e-04 9.710163e-04 1.583154e-03 1.583154e-03
-7.116205e-01 9.825427e-04 9.825427e-04 1.598009e-03 1.598009e-03
-7.096205e-01 9.942558e-04 9.942558e-04 1.613056e-03 1.613056e-03
-7.076205e-01 1.006158e-03 1.006158e-03 1.628299e-03 1.628299e-03
-7.056205e-01 1.018254e-03 1.018254e-03 1.643740e-03 1.643740e-03
-7.036205e-01 1.030545e-03 1.030545e-03 1.659381e-03 1.659381e-03
-7.016205e-01 1.043036e-03 1.043036e-03 1.675226e-03 1.675226e-03
-6.996205e-01 1.055731e-03 1.055731e-03 1.691277e-03 1.691277e-03
-6.976205e-01 1.068635e-03 1.068635e-03 1.707538e-03 1.707538e-03
-6.956205e-01 1.081753e-03 1.081753e-03 1.724010e-03 1.724010e-03
-6.936205e-01 1.095089e-03 1.095089e-03 1.740697e-03 1.740697e-03
-6.916205e-01 1.108648e-03 1.108648e-03 1.757602e-03 1.757602e-03
-6.896205e-01 1.122433e-03 1.122433e-03 1.774727e-03 1.774727e-03
-6.876205e-01 1.136448e-03 1.136448e-03 1.792077e-03 1.792077e-03
-6.856205e-01 1.150695e-03 1.150695e-03 1.809653e-03 1.809653e-03
-6.836205e-01 1.165179e-03 1.165179e-03 1.827459e-03 1.827459e-03
-6.816205e-01 1.179900e-03 1.179900e-03 1.845498e-03 1.845498e-03
-6.796205e-01 1.194862e-03 1.194862e-03 1.863773e-03 1.863773e-03
-6.776205e-01 1.210067e-03 1.210067e-03 1.882287e-03 1.882287e-03
-6.756205e-01 1.225520e-03 1.225520e-03 1.901044e-03 1.901044e-03
-6.736205e-01 1.241225e-03 1.241225e-03 1.920046e-03 1.920046e-03
-6.716205e-01 1.257187e-03 1.257187e-03 1.939298e-03 1.939298e-03
-6.696205e-01 1.273412e-03 1.273412e-03 1.958802e-03 1.958802e-03
-6.676205e-01 1.289907e-03 1.289907e-03 1.978561e-03 1.978561e-03
-6.656205e-01 1.306679e-03 1.306679e-03 1.998580e-03 1.998580e-03
-6.636205e-01 1.323735e-03 1.323735e-03 2.018861e-03 2.018861e-03
-6.616205e-01 1.341082e-03 1.341082e-03 2.039407e-03 2.039407e-03
-6.596205e-01 1.358725e-03 1.358725e-03 2.060224e-03 2.060224e-03
-6.576205e-01 1.376669e-03 1.376669e-03 2.081313e-03 2.081313e-03
-6.556205e-01 1.394918e-03 1.394918e-03 2.102678e-03 2.102678e-03
-6.536205e-01 1.413474e-03 1.413474e-03 2.124324e-03 2.124324e-03
-6.516205e-01 1.432339e-03 1.432339e-03 2.146253e-03 2.146253e-03
-6.496205e-01 1.451515e-03 1.451515e-03 2.168469e-03 2.168469e-03
-6.476205e-01 1.471004e-03 1.471004e-03 2.190977e-03 2.190977e-03
-6.456205e-01 1.490810e-03 1.490810e-03 2.213779e-03 2.213779e-03
-6.436205e-01 1.510936e-03 1.510936e-03 2.236879e-03 2.236879e-03
-6.416205e-01 1.531389e-03 1.531389e-03 2.260282e-03 2.260282e-03
-6.396205e-01 1.552176e-03 1.552176e-03 2.283990e-03 2.283990e-03
-6.376205e-01 1.573306e-03 1.573306e-03 2.308009e-03 2.308009e-03
-6.356205e-01 1.594791e-03 1.594791e-03 2.332341e-03 2.332341e-03
-6.336205e-01 1.616641e-03 1.616641e-03 2.356990e-03 2.356990e-03
-6.316205e-01 1.638866e-03 1.638866e-03 2.381961e-03 2.381961e-03
-6.296205e-01 1.661477e-03 1.661477e-03 2.407257e-03 2.407257e-03
-6.276205e-01 1.684483e-03 1.684483e-03 2.432883e-03 2.432883e-03
-6.256205e-01 1.707889e-03 1.707889e-03 2.458842e-03 2.458842e-03
-6.236205e-01 1.731701e-03 1.731701e-03 2.485138e-03 2.485138e-03
-6.216205e-01 1.755920e-03 1.755920e-03 2.511775e-03 2.511775e-03
-6.196205e-01 1.780547e-03 1.780547e-03 2.538758e-03 2.538758e-03
-6.176205e-01 1.805582e-03 1.805582e-03 2.566091e-03 2.566091e-03
-6.156205e-01 1.831024e-03 1.831024e-03 2.593777e-03 2.593777e-03
-6.136205e-01 1.856875e-03 1.856875e-03 2.621821e-03 2.621821e-03
-6.116205e-01 1.883136e-03 1.883136e-03 2.650226e-03 2.650226e-03
-6.096205e-01 1.909815e-03 1.909815e-03 2.678997e-03 2.678997e-03
-6.076205e-01 1.936918e-03 1.936918e-03 2.708139e-03 2.708139e-03
-6.056205e-01 1.964458e-03 1.964458e-03 2.737655e-03 2.737655e-03
-6.036205e-01 1.992450e-03 1.992450e-03 2.767549e-03 2.767549e-03
-6.016205e-01 2.020910e-03 2.020910e-03 2.797826e-03 2.797826e-03
-5.996205e-01 2.049856e-03 2.049856e-03 2.828489e-03 2.828489e-03
-5.976205e-01 2.079305e-03 2.079305e-03 2.859544e-03 2.859544e-03
-5.956205e-01 2.109273e-03 2.109273e-03 2.890994e-03 2.890994e-03
-5.936205e-01 2.139772e-03 2.139772e-03 2.922843e-03 2.922843e-03
-5.916205e-01 2.170811e-03 2.170811e-03 2.955096e-03 2.955096e-03
-5.896205e-01 2.202396e-03 2.202396e-03 2.987757e-03 2.987757e-03
-5.876205e-01 2.234525e-03 2.234525e-03 3.020829e-03 3.020829e-03
-5.856205e-01 2.267197e-03 2.267197e-03 3.054318e-03 3.054318e-03
-5.836205e-01 2.300406e-03 2.300406e-03 3.088228e-03 3.088228e-03
-5.816205e-01 2.334146e-03 2.334146e-03 3.122561e-03 3.122561e-03
-5.796205e-01 2.368412e-03 2.368412e-03 3.157324e-03 3.157324e-03
-5.776205e-01 2.403202e-03 2.403202e-03 3.192519e-03 3.192519e-03
-5.756205e-01 2.438519e-03 2.438519e-03 3.228151e-03 3.228151e-03
-5.736205e-01 2.474370e-03 2.474370e-03 3.264224e-03 3.264224e-03
-5.716205e-01 2.510770e-03 2.510770e-03 3.300742e-03 3.300742e-03
-5.696205e-01 2.547739e-03 2.547739e-03 3.337709e-03 3.337709e-03
-5.676205e-01 2.585301e-03 2.585301e-03 3.375129e-03 3.375129e-03
-5.656205e-01 2.623484e-03 2.623484e-03 3.413006e-03 3.413006e-03
-5.636205e-01 2.662317e-03 2.662317e-03 3.451344e-03 3.451344e-03
-5.616205e-01 2.701827e-03 2.701827e-03 3.490147e-03 3.490147e-03
-5.596205e-01 2.742038e-03 2.742038e-03 3.529418e-03 3.529418e-03
-5.576205e-01 2.782967e-03 2.782967e-03 3.569162e-03 3.569162e-03
-5.556205e-01 2.824625e-03 2.824625e-03 3.609381e-03 3.609381e-03
-5.536205e-01 2.867014e-03 2.867014e-03 3.650080e-03 3.650080e-03
-5.516205e-01 2.910127e-03 2.910127e-03 3.691263e-03 3.691263e-03
-5.496205e-01 2.953954e-03 2.953954e-03 3.732932e-03 3.732932e-03
-5.476205e-01 2.998476e-03 2.998476e-03 3.775091e-03 3.775091e-03
-5.456205e-01 3.043677e-03 3.043677e-03 3.817744e-03 3.817744e-03
-5.436205e-01 3.089538e-03 3.089538e-03 3.860894e-03 3.860894e-03
-5.416205e-01 3.136047e-03 3.136047e-03 3.904543e-03 3.904543e-03
-5.396205e-01 3.183199e-03 3.183199e-03 3.948696e-03 3.948696e-03
-5.376205e-01 3.230999e-03 3.230999e-03 3.993354e-03 3.993354e-03
-5.356205e-01 3.279463e-03 3.279463e-03 4.038522e-03 4.038522e-03
-5.336205e-01 3.328617e-03 3.328617e-03 4.084201e-03 4.084201e-03
-5.316205e-01 3.378497e-03 3.378497e-03 4.130395e-03 4.130395e-03
-5.296205e-01 3.429147e-03 3.429147e-03 4.177105e-03 4.177105e-03
-5.276205e-01 3.480613e-03 3.480613e-03 4.224335e-03 4.224335e-03
-5.256205e-01 3.532941e-03 3.532941e-03 4.272087e-03 4.272087e-03
-5.236205e-01 3.586172e-03 3.586172e-03 4.320362e-03 4.320362e-03
-5.216205e-01 3.640339e-03 3.640339e-03 4.369163e-03 4.369163e-03
-5.196205e-01 3.695461e-03 3.695461e-03 4.418492e-03 4.418492e-03
-5.176205e-01 3.751545e-03 3.751545e-03 4.468350e-03 4.468350e-03
-5.156205e-01 3.808582e-03 3.808582e-03 4.518739e-03 4.518739e-03
-5.136205e-01 3.866548e-03 3.866548e-03 4.569660e-03 4.569660e-03
-5.116205e-01 3.925408e-03 3.925408e-03 4.621114e-03 4.621114e-03
-5.096205e-01 3.985122e-03 3.985122e-03 4.673102e-03 4.673102e-03
-5.076205e-01 4.045643e-03 4.045643e-03 4.725626e-03 4.725626e-03
-5.056205e-01 4.106932e-03 4.106932e-03 4.778685e-03 4.778685e-03
-5.036205e-01 4.168954e-03 4.168954e-03 4.832281e-03 4.832281e-03
-5.016205e-01 4.231691e-03 4.231691e-03 4.886412e-03 4.886412e-03
-4.996205e-01 4.295140e-03 4.295140e-03 4.941080e-03 4.941080e-03
-4.976205e-01 4.359321e-03 4.359321e-03 4.996284e-03 4.996284e-03
-4.956205e-01 4.424269e-03 4.424269e-03 5.052024e-03 5.052024e-03
-4.936205e-01 4.490040e-03 4.490040e-03 5.108298e-03 5.108298e-03
-4.916205e-01 4.556700e-03 4.556700e-03 5.165107e-03 5.165107e-03
-4.896205e-01 4.624325e-03 4.624325e-03 5.222448e-03 5.222448e-03
-4.876205e-01 4.692991e-03 4.692991e-03 5.280320e-03 5.280320e-03
-4.856205e-01 4.762764e-03 4.762764e-03 5.338722e-03 5.338722e-03
-4.836205e-01 4.833699e-03 4.833699e-03 5.397651e-03 5.397651e-03
-4.816205e-01 4.905828e-03 4.905828e-03 5.457106e-03 5.457106e-03
-4.796205e-01 4.979162e-03 4.979162e-03 5.517083e-03 5.517083e-03
-4.776205e-01 5.053680e-03 5.053680e-03 5.577579e-03 5.577579e-03
-4.756205e-01 5.129340e-03 5.129340e-03 5.638592e-03 5.638592e-03
-4.736205e-01 5.206074e-03 5.206074e-03 5.700118e-03 5.700118e-03
-4.716205e-01 5.283798e-03 5.283798e-03 5.762152e-03 5.762152e-03
-4.696205e-01 5.362417e-03 5.362417e-03 5.824692e-03 5.824692e-03
-4.676205e-01 5.441838e-03 5.441838e-03 5.887731e-03 5.887731e-03
-4.656205e-01 5.521976e-03 5.521976e-03 5.951266e-03 5.951266e-03
-4.636205e-01 5.602764e-03 5.602764e-03 6.015291e-03 6.015291e-03
-4.616205e-01 5.684165e-03 5.684165e-03 6.079800e-03 6.079800e-03
-4.596205e-01 5.766169e-03 5.766169e-03 6.144789e-03 6.144789e-03
-4.576205e-01 5.848804e-03 5.848804e-03 6.210250e-03 6.210250e-03
-4.556205e-01 5.932130e-03 5.932130e-03 6.276177e-03 6.276177e-03
-4.536205e-01 6.016237e-03 6.016237e-03 6.342564e-03 6.342564e-03
-4.516205e-01 6.101234e-03 6.101234e-03 6.409402e-03 6.409402e-03
-4.496205e-01 6.187243e-03 6.187243e-03 6.476684e-03 6.476684e-03
-4.476205e-01 6.274382e-03 6.274382e-03 6.544403e-03 6.544403e-03
-4.456205e-01 6.362758e-03 6.362758e-03 6.612548e-03 6.612548e-03
-4.436205e-01 6.452449e-03 6.452449e-03 6.681113e-03 6.681113e-03
-4.416205e-01 6.543500e-03 6.543500e-03 6.750086e-03 6.750086e-03
-4.396205e-01 6.635911e-03 6.635911e-03 6.819459e-03 6.819459e-03
-4.376205e-01 6.729637e-03 6.729637e-03 6.889221e-03 6.889221e-03
-4.356205e-01 6.824588e-03 6.824588e-03 6.959362e-03 6.959362e-03
-4.336205e-01 6.920632e-03 6.920632e-03 7.029871e-03 7.029871e-03
-4.316205e-01 7.017609e-03 7.017609e-03 7.100736e-03 7.100736e-03
-4.296205e-01 7.115337e-03 7.115337e-03 7.171945e-03 7.171945e-03
-4.276205e-01 7.213633e-03 7.213633e-03 7.243486e-03 7.243486e-03
-4.256205e-01 7.312325e-03 7.312325e-03 7.315347e-03 7.315347e-03
-4.236205e-01 7.411271e-03 7.411271e-03 7.387515e-03 7.387515e-03
-4.216205e-01 7.510369e-03 7.510369e-03 7.459976e-03 7.459976e-03
-4.196205e-01 7.609570e-03 7.609570e-03 7.532716e-03 7.532716e-03
-4.176205e-01 7.708884e-03 7.708884e-03 7.605722e-03 7.605722e-03
-4.156205e-01 7.808378e-03 7.808378e-03 7.678979e-03 7.678979e-03
-4.136205e-01 7.908171e-03 7.908171e-03 7.752472e-03 7.752472e-03
-4.116205e-01 8.008423e-03 8.008423e-03 7.826185e-03 7.826185e-03
-4.096205e-01 8.109323e-03 8.109323e-03 7.900104e-03 7.900104e-03
-4.076205e-01 8.211064e-03 8.211064e-03 7.974212e-03 7.974212e-03
-4.056205e-01 8.313828e-03 8.313828e-03 8.048492e-03 8.048492e-03
-4.036205e-01 8.417765e-03 8.417765e-03 8.122928e-03 8.122928e-03
-4.016205e-01 8.522973e-03 8.522973e-03 8.197503e-03 8.197503e-03
-3.996205e-01 8.629486e-03 8.629486e-03 8.272198e-03 8.272198e-03
-3.976205e-01 8.737266e-03 8.737266e-03 8.346995e-03 8.346995e-03
-3.956205e-01 8.846198e-03 8.846198e-03 8.421877e-03 8.421877e-03
-3.936205e-01 8.956094e-03 8.956094e-03 8.496825e-03 8.496825e-03
-3.916205e-01 9.066706e-03 9.066706e-03 8.571819e-03 8.571819e-03
-3.896205e-01 9.177741e-03 9.177741e-03 8.646840e-03 8.646840e-03
-3.876205e-01 9.288880e-03 9.288880e-03 8.721868e-03 8.721868e-03
-3.856205e-01 9.399807e-03 9.399807e-03 8.796884e-03 8.796884e-03
-3.836205e-01 9.510231e-03 9.510231e-03 8.871867e-03 8.871867e-03
-3.816205e-01 9.619911e-03 9.619911e-03 8.946798e-03 8.946798e-03
-3.796205e-01 9.728678e-03 9.728678e-03 9.021655e-03 9.021655e-03
-3.776205e-01 9.836449e-03 9.836449e-03 9.096417e-03 9.096417e-03
-3.756205e-01 9.943234e-03 9.943234e-03 9.171065e-03 9.171065e-03
-3.736205e-01 1.004914e-02 1.004914e-02 9.245578e-03 9.245578e-03
-3.716205e-01 1.015435e-02 1.015435e-02 9.319933e-03 9.319933e-03
-3.696205e-01 1.025913e-02 1.025913e-02 9.394110e-03 9.394110e-03
-3.676205e-01 1.036377e-02 1.036377e-02 9.468088e-03 9.468088e-03
-3.656205e-01 1.046859e-02 1.046859e-02 9.541845e-03 9.541845e-03
-3.636205e-01 1.057387e-02 1.057387e-02 9.615359e-03 9.615359e-03
-3.616205e-01 1.067988e-02 1.067988e-02 9.688609e-03 9.688609e-03
-3.596205e-01 1.078679e-02 1.078679e-02 9.761573e-03 9.761573e-03
-3.576205e-01 1.089467e-02 1.089467e-02 9.834228e-03 9.834228e-03
-3.556205e-01 1.100350e-02 1.100350e-02 9.906553e-03 9.906553e-03
-3.536205e-01 1.111313e-02 1.111313e-02 9.978524e-03 9.978524e-03
-3.516205e-01 1.122331e-02 1.122331e-02 1.005012e-02 1.005012e-02
-3.496205e-01 1.133367e-02 1.133367e-02 1.012132e-02 1.012132e-02
-3.476205e-01 1.144379e-02 1.144379e-02 1.019210e-02 1.019210e-02
-3.456205e-01 1.155319e-02 1.155319e-02 1.026244e-02 1.026244e-02
-3.436205e-01 1.166138e-02 1.166138e-02 1.033232e-02 1.033232e-02
-3.416205e-01 1.176790e-02 1.176790e-02 1.040171e-02 1.040171e-02
-3.396205e-01 1.187235e-02 1.187235e-02 1.047059e-02 1.047059e-02
-3.376205e-01 1.197442e-02 1.197442e-02 1.053895e-02 1.053895e-02
-3.356205e-01 1.207393e-02 1.207393e-02 1.060676e-02 1.060676e-02
-3.336205e-01 1.217084e-02 1.217084e-02 1.067400e-02 1.067400e-02
-3.316205e-01 1.226524e-02 1.226524e-02 1.074065e-02 1.074065e-02
-3.296205e-01 1.235736e-02 1.235736e-02 1.080670e-02 1.080670e-02
-3.276205e-01 1.244756e-02 1.244756e-02 1.087211e-02 1.087211e-02
-3.256205e-01 1.253625e-02 1.253625e-02 1.093688e-02 1.093688e-02
-3.236205e-01 1.262394e-02 1.262394e-02 1.100098e-02 1.100098e-02
-3.216205e-01 1.271109e-02 1.271109e-02 1.106439e-02 1.106439e-02
-3.196205e-01 1.279817e-02 1.279817e-02 1.112711e-02 1.112711e-02
-3.176205e-01 1.288556e-02 1.288556e-02 1.118910e-02 1.118910e-02
-3.156205e-01 1.297351e-02 1.297351e-02 1.125035e-02 1.125035e-02
-3.136205e-01 1.306215e-02 1.306215e-02 1.131084e-02 1.131084e-02
-3.116205e-01 1.315144e-02 1.315144e-02 1.137057e-02 1.137057e-02
-3.096205e-01 1.324119e-02 1.324119e-02 1.142950e-02 1.142950e-02
-3.076205e-01 1.333105e-02 1.333105e-02 1.148762e-02 1.148762e-02
-3.056205e-01 1.342054e-02 1.342054e-02 1.154492e-02 1.154492e-02
-3.036205e-01 1.350908e-02 1.350908e-02 1.160138e-02 1.160138e-02
-3.016205e-01 1.359603e-02 1.359603e-02 1.165699e-02 1.165699e-02
-2.996205e-01 1.368072e-02 1.368072e-02 1.171173e-02 1.171173e-02
-2.976205e-01 1.376255e-02 1.376255e-02 1.176558e-02 1.176558e-02
-2.956205e-01 1.384097e-02 1.384097e-02 1.181854e-02 1.181854e-02
-2.936205e-01 1.391557e-02 1.391557e-02 1.187060e-02 1.187060e-02
-2.916205e-01 1.398612e-02 1.398612e-02 1.192173e-02 1.192173e-02
-2.896205e-01 1.405254e-02 1.405254e-02 1.197193e-02 1.197193e-02
-2.876205e-01 1.411498e-02 1.411498e-02 1.202119e-02 1.202119e-02
-2.856205e-01 1.417375e-02 1.417375e-02 1.206950e-02 1.206950e-02
-2.836205e-01 1.422932e-02 1.422932e-02 1.211685e-02 1.211685e-02
-2.816205e-01 1.428229e-02 1.428229e-02 1.216323e-02 1.216323e-02
-2.796205e-01 1.433335e-02 1.433335e-02 1.220864e-02 1.220864e-02
-2.776205e-01 1.438321e-02 1.438321e-02 1.225307e-02 1.225307e-02
-2.756205e-01 1.443254e-02 1.443254e-02 1.229650e-02 1.229650e-02
-2.736205e-01 1.448195e-02 1.448195e-02 1.233895e-02 1.233895e-02
-2.716205e-01 1.453191e-02 1.453191e-02 1.238039e-02 1.238039e-02
-2.696205e-01 1.458272e-02 1.458272e-02 1.242082e-02 1.242082e-02
-2.676205e-01 1.463452e-02 1.463452e-02 1.246025e-02 1.246025e-02
-2.656205e-01 1.468720e-02 1.468720e-02 1.249866e-02 1.249866e-02
-2.636205e-01 1.474048e-02 1.474048e-02 1.253606e-02 1.253606e-02
-2.616205e-01 1.479390e-02 1.479390e-02 1.257243e-02 1.257243e-02
-2.596205e-01 1.484682e-02 1.484682e-02 1.260777e-02 1.260777e-02
-2.576205e-01 1.489852e-02 1.489852e-02 1.264209e-02 1.264209e-02
-2.556205e-01 1.494820e-02 1.494820e-02 1.267538e-02 1.267538e-02
-2.536205e-01 1.499506e-02 1.499506e-02 1.270764e-02 1.270764e-02
-2.516205e-01 1.503838e-02 1.503838e-02 1.273887e-02 1.273887e-02
-2.496205e-01 1.507752e-02 1.507752e-02 1.276906e-02 1.276906e-02
-2.476205e-01 1.511203e-02 1.511203e-02 1.279822e-02 1.279822e-02
-2.456205e-01 1.514166e-02 1.514166e-02 1.282636e-02 1.282636e-02
-2.436205e-01 1.516637e-02 1.516637e-02 1.285347e-02 1.285347e-02
-2.416205e-01 1.518637e-02 1.518637e-02 1.287956e-02 1.287956e-02
-2.396205e-01 1.520208e-02 1.520208e-02 1.290462e-02 1.290462e-02
-2.376205e-01 1.521412e-02 1.521412e-02 1.292868e-02 1.292868e-02
-2.356205e-01 1.522324e-02 1.522324e-02 1.295172e-02 1.295172e-02
-2.336205e-01 1.523032e-02 1.523032e-02 1.297377e-02 1.297377e-02
-2.316205e-01 1.523624e-02 1.523624e-02 1.299481e-02 1.299481e-02
-2.296205e-01 1.524189e-02 1.524189e-02 1.301487e-02 1.301487e-02
-2.276205e-01 1.524804e-02 1.524804e-02 1.303395e-02 1.303395e-02
-2.256205e-01 1.525536e-02 1.525536e-02 1.305205e-02 1.305205e-02
-2.236205e-01 1.526430e-02 1.526430e-02 1.306919e-02 1.306919e-02
-2.216205e-01 1.527513e-02 1.527513e-02 1.308536e-02 1.308536e-02
-2.196205e-01 1.528787e-02 1.528787e-02 1.310058e-02 1.310058e-02
-2.176205e-01 1.530231e-02 1.530231e-02 1.311486e-02 1.311486e-02
-2.156205e-01 1.531802e-02 1.531802e-02 1.312820e-02 1.312820e-02
-2.136205e-01 1.533438e-02 1.533438e-02 1.314061e-02 1.314061e-02
-2.116205e-01 1.535061e-02 1.535061e-02 1.315210e-02 1.315210e-02
-2.096205e-01 1.536583e-02 1.536583e-02 1.316267e-02 1.316267e-02
-2.076205e-01 1.537912e-02 1.537912e-02 1.317234e-02 1.317234e-02
-2.056205e-01 1.538960e-02 1.538960e-02 1.318111e-02 1.318111e-02
-2.036205e-01 1.539645e-02 1.539645e-02 1.318899e-02 1.318899e-02
-2.016205e-01 1.539900e-02 1.539900e-02 1.319599e-02 1.319599e-02
-1.996205e-01 1.539680e-02 1.539680e-02 1.320213e-02 1.320213e-02
-1.976205e-01 1.538961e-02 1.538961e-02 1.320741e-02 1.320741e-02
-1.956205e-01 1.537744e-02 1.537744e-02 1.321185e-02 1.321185e-02
-1.936205e-01 1.536056e-02 1.536056e-02 1.321545e-02 1.321545e-02
-1.916205e-01 1.533948e-02 1.533948e-02 1.321824e-02 1.321824e-02
-1.896205e-01 1.531491e-02 1.531491e-02 1.322021e-02 1.322021e-02
-1.876205e-01 1.528773e-02 1.528773e-02 1.322139e-02 1.322139e-02
-1.856205e-01 1.525891e-02 1.525891e-02 1.322180e-02 1.322180e-02
-1.836205e-01 1.522947e-02 1.522947e-02 1.322144e-02 1.322144e-02
-1.816205e-01 1.520040e-02 1.520040e-02 1.322032e-02 1.322032e-02
-1.796205e-01 1.517260e-02 1.517260e-02 1.321847e-02 1.321847e-02
-1.776205e-01 1.514684e-02 1.514684e-02 1.321589e-02 1.321589e-02
-1.756205e-01 1.512369e-02 1.512369e-02 1.321261e-02 1.321261e-02
-1.736205e-01 1.510351e-02 1.510351e-02 1.320862e-02 1.320862e-02
-1.716205e-01 1.508641e-02 1.508641e-02 1.320395e-02 1.320395e-02
-1.696205e-01 1.507227e-02 1.507227e-02 1.319860e-02 1.319860e-02
-1.676205e-01 1.506069e-02 1.506069e-02 1.319260e-02 1.319260e-02
-1.656205e-01 1.505110e-02 1.505110e-02 1.318594e-02 1.318594e-02
-1.636205e-01 1.504272e-02 1.504272e-02 1.317864e-02 1.317864e-02
-1.616205e-01 1.503464e-02 1.503464e-02 1.317072e-02 1.317072e-02
-1.596205e-01 1.502588e-02 1.502588e-02 1.316217e-02 1.316217e-02
-1.576205e-01 1.501544e-02 1.501544e-02 1.315302e-02 1.315302e-02
-1.556205e-01 1.500236e-02 1.500236e-02 1.314328e-02 1.314328e-02
-1.536205e-01 1.498581e-02 1.498581e-02 1.313295e-02 1.313295e-02
-1.516205e-01 1.496511e-02 1.496511e-02 1.312204e-02 1.312204e-02
-1.496205e-01 1.493981e-02 1.493981e-02 1.311058e-02 1.311058e-02
-1.476205e-01 1.490970e-02 1.490970e-02 1.309856e-02 1.309856e-02
-1.456205e-01 1.487483e-02 1.487483e-02 1.308602e-02 1.308602e-02
-1.436205e-01 1.483551e-02 1.483551e-02 1.307294e-02 1.307294e-02
-1.416205e-01 1.479230e-02 1.479230e-02 1.305936e-02 1.305936e-02
-1.396205e-01 1.474597e-02 1.474597e-02 1.304529e-02 1.304529e-02
-1.376205e-01 1.469743e-02 1.469743e-02 1.303073e-02 1.303073e-02
-1.356205e-01 1.464771e-02 1.464771e-02 1.301571e-02 1.301571e-02
-1.336205e-01 1.459789e-02 1.459789e-02 1.300024e-02 1.300024e-02
-1.316205e-01 1.454899e-02 1.454899e-02 1.298433e-02 1.298433e-02
-1.296205e-01 1.450199e-02 1.450199e-02 1.296800e-02 1.296800e-02
-1.276205e-01 1.445770e-02 1.445770e-02 1.295125e-02 1.295125e-02
-1.256205e-01 1.441678e-02 1.441678e-02 1.293411e-02 1.293411e-02
-1.236205e-01 1.437965e-02 1.437965e-02 1.291659e-02 1.291659e-02
-1.216205e-01 1.434650e-02 1.434650e-02 1.289869e-02 1.289869e-02
-1.196205e-01 1.431727e-02 1.431727e-02 1.288042e-02 1.288042e-02
-1.176205e-01 1.429168e-02 1.429168e-02 1.286180e-02 1.286180e-02
-1.156205e-01 1.426918e-02 1.426918e-02 1.284284e-02 1.284284e-02
-1.136205e-01 1.424906e-02 1.424906e-02 1.282354e-02 1.282354e-02
-1.116205e-01 1.423044e-02 1.423044e-02 1.280392e-02 1.280392e-02
-1.096205e-01 1.421230e-02 1.421230e-02 1.278398e-02 1.278398e-02
-1.076205e-01 1.419363e-02 1.419363e-02 1.276372e-02 1.276372e-02
-1.056205e-01 1.417336e-02 1.417336e-02 1.274316e-02 1.274316e-02
-1.036205e-01 1.415054e-02 1.415054e-02 1.272230e-02 1.272230e-02
-1.016205e-01 1.412433e-02 1.412433e-02 1.270116e-02 1.270116e-02
-9.962049e-02 1.409406e-02 1.409406e-02 1.267973e-02 1.267973e-02
-9.762049e-02 1.405932e-02 1.405932e-02 1.265804e-02 1.265804e-02
-9.562049e-02 1.401990e-02 1.401990e-02 1.263608e-02 1.263608e-02
-9.362049e-02 1.397589e-02 1.397589e-02 1.261387e-02 1.261387e-02
-9.162049e-02 1.392764e-02 1.392764e-02 1.259142e-02 1.259142e-02
-8.962049e-02 1.387570e-02 1.387570e-02 1.256874e-02 1.256874e-02
-8.762049e-02 1.382087e-02 1.382087e-02 1.254583e-02 1.254583e-02
-8.562049e-02 1.376408e-02 1.376408e-02 1.252272e-02 1.252272e-02
-8.362049e-02 1.370636e-02 1.370636e-02 1.249942e-02 1.249942e-02
-8.162049e-02 1.364879e-02 1.364879e-02 1.247592e-02 1.247592e-02
-7.962049e-02 1.359243e-02 1.359243e-02 1.245225e-02 1.245225e-02
-7.762049e-02 1.353826e-02 1.353826e-02 1.242842e-02 1.242842e-02
-7.562049e-02 1.348715e-02 1.348715e-02 1.240443e-02 1.240443e-02
-7.362049e-02 1.343978e-02 1.343978e-02 1.238030e-02 1.238030e-02
-7.162049e-02 1.339665e-02 1.339665e-02 1.235603e-02 1.235603e-02
-6.962049e-02 1.335802e-02 1.335802e-02 1.233163e-02 1.233163e-02
-6.762049e-02 1.332392e-02 1.332392e-02 1.230712e-02 1.230712e-02
-6.562049e-02 1.329415e-02 1.329415e-02 1.228249e-02 1.228249e-02
-6.362049e-02 1.326826e-02 1.326826e-02 1.225775e-02 1.225775e-02
-6.162049e-02 1.324561e-02 1.324561e-02 1.223290e-02 1.223290e-02
-5.962049e-02 1.322538e-02 1.322538e-02 1.220795e-02 1.220795e-02
-5.762049e-02 1.320663e-02 1.320663e-02 1.218291e-02 1.218291e-02
-5.562049e-02 1.318831e-02 1.318831e-02 1.215777e-02 1.215777e-02
-5.362049e-02 1.316936e-02 1.316936e-02 1.213254e-02 1.213254e-02
-5.162049e-02 1.314873e-02 1.314873e-02 1.210723e-02 1.210723e-02
-4.962049e-02 1.312548e-02 1.312548e-02 1.208182e-02 1.208182e-02
-4.762049e-02 1.309877e-02 1.309877e-02 1.205634e-02 1.205634e-02
-4.562049e-02 1.306799e-02 1.306799e-02 1.203078e-02 1.203078e-02
-4.362049e-02 1.303272e-02 1.303272e-02 1.200514e-02 1.200514e-02
-4.162049e-02 1.299281e-02 1.299281e-02 1.197944e-02 1.197944e-02
-3.962049e-02 1.294836e-02 1.294836e-02 1.195368e-02 1.195368e-02
-3.762049e-02 1.289971e-02 1.289971e-02 1.192786e-02 1.192786e-02
-3.562049e-02 1.284745e-02 1.284745e-02 1.190199e-02 1.190199e-02
-3.362049e-02 1.279235e-02 1.279235e-02 1.187608e-02 1.187608e-02
-3.162049e-02 1.273534e-02 1.273534e-02 1.185014e-02 1.185014e-02
-2.962049e-02 1.267744e-02 1.267744e-02 1.182418e-02 1.182418e-02
-2.762049e-02 1.261973e-02 1.261973e-02 1.179819e-02 1.179819e-02
-2.562049e-02 1.256326e-02 1.256326e-02 1.177221e-02 1.177221e-02
-2.362049e-02 1.250903e-02 1.250903e-02 1.174622e-02 1.174622e-02
-2.162049e-02 1.245792e-02 1.245792e-02 1.172023e-02 1.172023e-02
-1.962049e-02 1.241066e-02 1.241066e-02 1.169426e-02 1.169426e-02
-1.762049e-02 1.236779e-02 1.236779e-02 1.166831e-02 1.166831e-02
-1.562049e-02 1.232965e-02 1.232965e-02 1.164239e-02 1.164239e-02
-1.362049e-02 1.229635e-02 1.229635e-02 1.161649e-02 1.161649e-02
-1.162049e-02 1.226777e-02 1.226777e-02 1.159062e-02 1.159062e-02
-9.620490e-03 1.224359e-02 1.224359e-02 1.156479e-02 1.156479e-02
-7.620490e-03 1.222325e-02 1.222325e-02 1.153898e-02 1.153898e-02
-5.620490e-03 1.220603e-02 1.220603e-02 1.151321e-02 1.151321e-02
-3.620490e-03 1.219105e-02 1.219105e-02 1.148748e-02 1.148748e-02
-1.620490e-03 1.217732e-02 1.217732e-02 1.146178e-02 1.146178e-02
3.795099e-04 1.216379e-02 1.216379e-02 1.143611e-02 1.143611e-02
2.379510e-03 1.214939e-02 1.214939e-02 1.141047e-02 1.141047e-02
4.379510e-03 1.213309e-02 1.213309e-02 1.138486e-02 1.138486e-02
6.379510e-03 1.211396e-02 1.211396e-02 1.135928e-02 1.135928e-02
8.379510e-03 1.209122e-02 1.209122e-02 1.133373e-02 1.133373e-02
1.037951e-02 1.206427e-02 1.206427e-02 1.130821e-02 1.130821e-02
1.237951e-02 1.203273e-02 1.203273e-02 1.128272e-02 1.128272e-02
1.437951e-02 1.199647e-02 1.199647e-02 1.125726e-02 1.125726e-02
1.637951e-02 1.195560e-02 1.195560e-02 1.123184e-02 1.123184e-02
1.837951e-02 1.191049e-02 1.191049e-02 1.120646e-02 1.120646e-02
2.037951e-02 1.186171e-02 1.186171e-02 1.118113e-02 1.118113e-02
2.237951e-02 1.181003e-02 1.181003e-02 1.115584e-02 1.115584e-02
2.437951e-02 1.175638e-02 1.175638e-02 1.113062e-02 1.113062e-02
2.637951e-02 1.170175e-02 1.170175e-02 1.110545e-02 1.110545e-02
2.837951e-02 1.164722e-02 1.164722e-02 1.108036e-02 1.108036e-02
3.037951e-02 1.159383e-02 1.159383e-02 1.105534e-02 1.105534e-02
3.237951e-02 1.154259e-02 1.154259e-02 1.103040e-02 1.103040e-02
3.437951e-02 1.149438e-02 1.149438e-02 1.100554e-02 1.100554e-02
3.637951e-02 1.144998e-02 1.144998e-02 1.098078e-02 1.098078e-02
3.837951e-02 1.140996e-02 1.140996e-02 1.095611e-02 1.095611e-02
4.037951e-02 1.137474e-02 1.137474e-02 1.093155e-02 1.093155e-02
4.237951e-02 1.134450e-02 1.134450e-02 1.090708e-02 1.090708e-02
4.437951e-02 1.131922e-02 1.131922e-02 1.088271e-02 1.088271e-02
4.637951e-02 1.129866e-02 1.129866e-02 1.085844e-02 1.085844e-02
4.837951e-02 1.128239e-02 1.128239e-02 1.083427e-02 1.083427e-02
5.037951e-02 1.126978e-02 1.126978e-02 1.081019e-02 1.081019e-02
5.237951e-02 1.126004e-02 1.126004e-02 1.078621e-02 1.078621e-02
5.437951e-02 1.125225e-02 1.125225e-02 1.076232e-02 1.076232e-02
5.637951e-02 1.124539e-02 1.124539e-02 1.073852e-02 1.073852e-02
5.837951e-02 1.123841e-02 1.123841e-02 1.071480e-02 1.071480e-02
6.037951e-02 1.123026e-02 1.123026e-02 1.069116e-02 1.069116e-02
6.237951e-02 1.121993e-02 1.121993e-02 1.066760e-02 1.066760e-02
6.437951e-02 1.120651e-02 1.120651e-02 1.064410e-02 1.064410e-02
6.637951e-02 1.118925e-02 1.118925e-02 1.062068e-02 1.062068e-02
6.837951e-02 1.116759e-02 1.116759e-02 1.059732e-02 1.059732e-02
7.037951e-02 1.114118e-02 1.114118e-02 1.057403e-02 1.057403e-02
7.237951e-02 1.110991e-02 1.110991e-02 1.055080e-02 1.055080e-02
7.437951e-02 1.107391e-02 1.107391e-02 1.052765e-02 1.052765e-02
7.637951e-02 1.103356e-02 1.103356e-02 1.050457e-02 1.050457e-02
7.837951e-02 1.098942e-02 1.098942e-02 1.048156e-02 1.048156e-02
8.037951e-02 1.094227e-02 1.094227e-02 1.045863e-02 1.045863e-02
8.237951e-02 1.089301e-02 1.089301e-02 1.043578e-02 1.043578e-02
8.437951e-02 1.084263e-02 1.084263e-02 1.041302e-02 1.041302e-02
8.637951e-02 1.079220e-02 1.079220e-02 1.039035e-02 1.039035e-02
8.837951e-02 1.074274e-02 1.074274e-02 1.036778e-02 1.036778e-02
9.037951e-02 1.069526e-02 1.069526e-02 1.034532e-02 1.034532e-02
9.237951e-02 1.065066e-02 1.065066e-02 1.032296e-02 1.032296e-02
9.437951e-02 1.060973e-02 1.060973e-02 1.030072e-02 1.030072e-02
9.637951e-02 1.057310e-02 1.057310e-02 1.027859e-02 1.027859e-02
9.837951e-02 1.054121e-02 1.054121e-02 1.025659e-02 1.025659e-02
1.003795e-01 1.051433e-02 1.051433e-02 1.023470e-02 1.023470e-02
1.023795e-01 1.049250e-02 1.049250e-02 1.021293e-02 1.021293e-02
1.043795e-01 1.047559e-02 1.047559e-02 1.019127e-02 1.019127e-02
1.063795e-01 1.046324e-02 1.046324e-02 1.016974e-02 1.016974e-02
1.083795e-01 1.045492e-02 1.045492e-02 1.014831e-02 1.014831e-02
1.103795e-01 1.044994e-02 1.044994e-02 1.012699e-02 1.012699e-02
1.123795e-01 1.044745e-02 1.044745e-02 1.010578e-02 1.010578e-02
1.143795e-01 1.044650e-02 1.044650e-02 1.008466e-02 1.008466e-02
1.163795e-01 1.044606e-02 1.044606e-02 1.006363e-02 1.006363e-02
1.183795e-01 1.044507e-02 1.044507e-02 1.004269e-02 1.004269e-02
1.203795e-01 1.044251e-02 1.044251e-02 1.002183e-02 1.002183e-02
1.223795e-01 1.043738e-02 1.043738e-02 1.000105e-02 1.000105e-02
1.243795e-01 1.042883e-02 1.042883e-02 9.980331e-03 9.980331e-03
1.263795e-01 1.041614e-02 1.041614e-02 9.959681e-03 9.959681e-03
1.283795e-01 1.039879e-02 1.039879e-02 9.939096e-03 9.939096e-03
1.303795e-01 1.037648e-02 1.037648e-02 9.918573e-03 9.918573e-03
1.323795e-01 1.034914e-02 1.034914e-02 9.898112e-03 9.898112e-03
1.343795e-01 1.031692e-02 1.031692e-02 9.877713e-03 9.877713e-03
1.363795e-01 1.028023e-02 1.028023e-02 9.857380e-03 9.857380e-03
1.383795e-01 1.023965e-02 1.023965e-02 9.837115e-03 9.837115e-03
1.403795e-01 1.019595e-02 1.019595e-02 9.816922e-03 9.816922e-03
1.423795e-01 1.015004e-02 1.015004e-02 9.796807e-03 9.796807e-03
1.443795e-01 1.010292e-02 1.010292e-02 9.776773e-03 9.776773e-03
1.463795e-01 1.005563e-02 1.005563e-02 9.756828e-03 9.756828e-03
1.483795e-01 1.000920e-02 1.000920e-02 9.736977e-03 9.736977e-03
1.503795e-01 9.964633e-03 9.964633e-03 9.717226e-03 9.717226e-03
1.523795e-01 9.922836e-03 9.922836e-03 9.697579e-03 9.697579e-03
1.543795e-01 9.884607e-03 9.884607e-03 9.678041e-03 9.678041e-03
1.563795e-01 9.850596e-03 9.850596e-03 9.658616e-03 9.658616e-03
1.583795e-01 9.821288e-03 9.821288e-03 9.639305e-03 9.639305e-03
1.603795e-01 9.796990e-03 9.796990e-03 9.620111e-03 9.620111e-03
1.623795e-01 9.777817e-03 9.777817e-03 9.601034e-03 9.601034e-03
1.643795e-01 9.763692e-03 9.763692e-03 9.582071e-03 9.582071e-03
1.663795e-01 9.754346e-03 9.754346e-03 9.563222e-03 9.563222e-03
1.683795e-01 9.749330e-03 9.749330e-03 9.544480e-03 9.544480e-03
1.703795e-01 9.748025e-03 9.748025e-03 9.525843e-03 9.525843e-03
1.723795e-01 9.749663e-03 9.749663e-03 9.507304e-03 9.507304e-03
1.743795e-01 9.753353e-03 9.753353e-03 9.488857e-03 9.488857e-03
1.763795e-01 9.758113e-03 9.758113e-03 9.470495e-03 9.470495e-03
1.783795e-01 9.762907e-03 9.762907e-03 9.452211e-03 9.452211e-03
1.803795e-01 9.766686e-03 9.766686e-03 9.433998e-03 9.433998e-03
1.823795e-01 9.768432e-03 9.768432e-03 9.415849e-03 9.415849e-03
1.843795e-01 9.767204e-03 9.767204e-03 9.397759e-03 9.397759e-03
1.863795e-01 9.762182e-03 9.762182e-03 9.379723e-03 9.379723e-03
1.883795e-01 9.752704e-03 9.752704e-03 9.361736e-03 9.361736e-03
1.903795e-01 9.738305e-03 9.738305e-03 9.343796e-03 9.343796e-03
1.923795e-01 9.718734e-03 9.718734e-03 9.325900e-03 9.325900e-03
1.943795e-01 9.693968e-03 9.693968e-03 9.308049e-03 9.308049e-03
1.963795e-01 9.664217e-03 9.664217e-03 9.290245e-03 9.290245e-03
1.983795e-01 9.629907e-03 9.629907e-03 9.272488e-03 9.272488e-03
2.003795e-01 9.591662e-03 9.591662e-03 9.254784e-03 9.254784e-03
2.023795e-01 9.550267e-03 9.550267e-03 9.237137e-03 9.237137e-03
2.043795e-01 9.506638e-03 9.506638e-03 9.219552e-03 9.219552e-03
2.063795e-01 9.461770e-03 9.461770e-03 9.202035e-03 9.202035e-03
2.083795e-01 9.416700e-03 9.416700e-03 9.184594e-03 9.184594e-03
2.103795e-01 9.372459e-03 9.372459e-03 9.167235e-03 9.167235e-03
2.123795e-01 9.330035e-03 9.330035e-03 9.149964e-03 9.149964e-03
2.143795e-01 9.290337e-03 9.290337e-03 9.132788e-03 9.132788e-03
2.163795e-01 9.254161e-03 9.254161e-03 9.115711e-03 9.115711e-03
2.183795e-01 9.222167e-03 9.222167e-03 9.098738e-03 9.098738e-03
2.203795e-01 9.194862e-03 9.194862e-03 9.081871e-03 9.081871e-03
2.223795e-01 9.172581e-03 9.172581e-03 9.065114e-03 9.065114e-03
2.243795e-01 9.155479e-03 9.155479e-03 9.048466e-03 9.048466e-03
2.263795e-01 9.143532e-03 9.143532e-03 9.031925e-03 9.031925e-03
2.283795e-01 9.136529e-03 9.136529e-03 9.015491e-03 9.015491e-03
2.303795e-01 9.134088e-03 9.134088e-03 8.999159e-03 8.999159e-03
2.323795e-01 9.135658e-03 9.135658e-03 8.982923e-03 8.982923e-03
2.343795e-01 9.140536e-03 9.140536e-03 8.966778e-03 8.966778e-03
2.363795e-01 9.147892e-03 9.147892e-03 8.950717e-03 8.950717e-03
2.383795e-01 9.156792e-03 9.156792e-03 8.934732e-03 8.934732e-03
2.403795e-01 9.166229e-03 9.166229e-03 8.918815e-03 8.918815e-03
2.423795e-01 9.175164e-03 9.175164e-03 8.902958e-03 8.902958e-03
2.443795e-01 9.182561e-03 9.182561e-03 8.887154e-03 8.887154e-03
2.463795e-01 9.187431e-03 9.187431e-03 8.871396e-03 8.871396e-03
2.483795e-01 9.188878e-03 9.188878e-03 8.855676e-03 8.855676e-03
2.503795e-01 9.186138e-03 9.186138e-03 8.839989e-03 8.839989e-03
2.523795e-01 9.178613e-03 9.178613e-03 8.824332e-03 8.824332e-03
2.543795e-01 9.165905e-03 9.165905e-03 8.808702e-03 8.808702e-03
2.563795e-01 9.147830e-03 9.147830e-03 8.793097e-03 8.793097e-03
2.583795e-01 9.124434e-03 9.124434e-03 8.777518e-03 8.777518e-03
2.603795e-01 9.095982e-03 9.095982e-03 8.761966e-03 8.761966e-03
2.623795e-01 9.062950e-03 9.062950e-03 8.746444e-03 8.746444e-03
2.643795e-01 9.026000e-03 9.026000e-03 8.730958e-03 8.730958e-03
2.663795e-01 8.985944e-03 8.985944e-03 8.715512e-03 8.715512e-03
2.683795e-01 8.943711e-03 8.943711e-03 8.700114e-03 8.700114e-03
2.703795e-01 8.900303e-03 8.900303e-03 8.684771e-03 8.684771e-03
2.723795e-01 8.856751e-03 8.856751e-03 8.669490e-03 8.669490e-03
2.743795e-01 8.814078e-03 8.814078e-03 8.654279e-03 8.654279e-03
2.763795e-01 8.773260e-03 8.773260e-03 8.639145e-03 8.639145e-03
2.783795e-01 8.735193e-03 8.735193e-03 8.624096e-03 8.624096e-03
2.803795e-01 8.700664e-03 8.700664e-03 8.609137e-03 8.609137e-03
2.823795e-01 8.670331e-03 8.670331e-03 8.594274e-03 8.594274e-03
2.843795e-01 8.644703e-03 8.644703e-03 8.579510e-03 8.579510e-03
2.863795e-01 8.624128e-03 8.624128e-03 8.564849e-03 8.564849e-03
2.883795e-01 8.608786e-03 8.608786e-03 8.550290e-03 8.550290e-03
2.903795e-01 8.598684e-03 8.598684e-03 8.535833e-03 8.535833e-03
2.923795e-01 8.593654e-03 8.593654e-03 8.521477e-03 8.521477e-03
2.943795e-01 8.593362e-03 8.593362e-03 8.507216e-03 8.507216e-03
2.963795e-01 8.597310e-03 8.597310e-03 8.493045e-03 8.493045e-03
2.983795e-01 8.604852e-03 8.604852e-03 8.478959e-03 8.478959e-03
3.003795e-01 8.615210e-03 8.615210e-03 8.464950e-03 8.464950e-03
3.023795e-01 8.627496e-03 8.627496e-03 8.451008e-03 8.451008e-03
3.043795e-01 8.640739e-03 8.640739e-03 8.437127e-03 8.437127e-03
3.063795e-01 8.653916e-03 8.653916e-03 8.423295e-03 8.423295e-03
3.083795e-01 8.665989e-03 8.665989e-03 8.409505e-03 8.409505e-03
3.103795e-01 8.675946e-03 8.675946e-03 8.395749e-03 8.395749e-03
3.123795e-01 8.682841e-03 8.682841e-03 8.382018e-03 8.382018e-03
3.143795e-01 8.685832e-03 8.685832e-03 8.368306e-03 8.368306e-03
3.163795e-01 8.684225e-03 8.684225e-03 8.354607e-03 8.354607e-03
3.183795e-01 8.677501e-03 8.677501e-03 8.340918e-03 8.340918e-03
3.203795e-01 8.665344e-03 8.665344e-03 8.327235e-03 8.327235e-03
3.223795e-01 8.647655e-03 8.647655e-03 8.313559e-03 8.313559e-03
3.243795e-01 8.624558e-03 8.624558e-03 8.299891e-03 8.299891e-03
3.263795e-01 8.596390e-03 8.596390e-03 8.286232e-03 8.286232e-03
3.283795e-01 8.563690e-03 8.563690e-03 8.272587e-03 8.272587e-03
3.303795e-01 8.527165e-03 8.527165e-03 8.258962e-03 8.258962e-03
3.323795e-01 8.487662e-03 8.487662e-03 8.245363e-03 8.245363e-03
3.343795e-01 8.446129e-03 8.446129e-03 8.231799e-03 8.231799e-03
3.363795e-01 8.403574e-03 8.403574e-03 8.218277e-03 8.218277e-03
3.383795e-01 8.361024e-03 8.361024e-03 8.204807e-03 8.204807e-03
3.403795e-01 8.319488e-03 8.319488e-03 8.191396e-03 8.191396e-03
3.423795e-01 8.279925e-03 8.279925e-03 8.178055e-03 8.178055e-03
3.443795e-01 8.243209e-03 8.243209e-03 8.164790e-03 8.164790e-03
3.463795e-01 8.210109e-03 8.210109e-03 8.151609e-03 8.151609e-03
3.483795e-01 8.181265e-03 8.181265e-03 8.138518e-03 8.138518e-03
3.503795e-01 8.157178e-03 8.157178e-03 8.125521e-03 8.125521e-03
3.523795e-01 8.138193e-03 8.138193e-03 8.112621e-03 8.112621e-03
3.543795e-01 8.124496e-03 8.124496e-03 8.099819e-03 8.099819e-03
3.563795e-01 8.116110e-03 8.116110e-03 8.087116e-03 8.087116e-03
3.583795e-01 8.112894e-03 8.112894e-03 8.074508e-03 8.074508e-03
3.603795e-01 8.114543e-03 8.114543e-03 8.061991e-03 8.061991e-03
3.623795e-01 8.120601e-03 8.120601e-03 8.049561e-03 8.049561e-03
3.643795e-01 8.130464e-03 8.130464e-03 8.037210e-03 8.037210e-03
3.663795e-01 8.143397e-03 8.143397e-03 8.024930e-03 8.024930e-03
3.683795e-01 8.158552e-03 8.158552e-03 8.012712e-03 8.012712e-03
3.703795e-01 8.174992e-03 8.174992e-03 8.000546e-03 8.000546e-03
3.723795e-01 8.191717e-03 8.191717e-03 7.988422e-03 7.988422e-03
3.743795e-01 8.207697e-03 8.207697e-03 7.976331e-03 7.976331e-03
3.763795e-01 8.221910e-03 8.221910e-03 7.964262e-03 7.964262e-03
3.783795e-01 8.233377e-03 8.233377e-03 7.952206e-03 7.952206e-03
3.803795e-01 8.241209e-03 8.241209e-03 7.940156e-03 7.940156e-03
3.823795e-01 8.244635e-03 8.244635e-03 7.928105e-03 7.928105e-03
3.843795e-01 8.243047e-03 8.243047e-03 7.916048e-03 7.916048e-03
3.863795e-01 8.236021e-03 8.236021e-03 7.903980e-03 7.903980e-03
3.883795e-01 8.223341e-03 8.223341e-03 7.891902e-03 7.891902e-03
3.903795e-01 8.205008e-03 8.205008e-03 7.879811e-03 7.879811e-03
3.923795e-01 8.181237e-03 8.181237e-03 7.867711e-03 7.867711e-03
3.943795e-01 8.152454e-03 8.152454e-03 7.855605e-03 7.855605e-03
3.963795e-01 8.119263e-03 8.119263e-03 7.843498e-03 7.843498e-03
3.983795e-01 8.082431e-03 8.082431e-03 7.831398e-03 7.831398e-03
4.003795e-01 8.042841e-03 8.042841e-03 7.819312e-03 7.819312e-03
4.023795e-01 8.001461e-03 8.001461e-03 7.807249e-03 7.807249e-03
4.043795e-01 7.959306e-03 7.959306e-03 7.795219e-03 7.795219e-03
4.063795e-01 7.917394e-03 7.917394e-03 7.783233e-03 7.783233e-03
4.083795e-01 7.876717e-03 7.876717e-03 7.771299e-03 7.771299e-03
4.103795e-01 7.838206e-03 7.838206e-03 7.759429e-03 7.759429e-03
4.123795e-01 7.802707e-03 7.802707e-03 7.747630e-03 7.747630e-03
4.143795e-01 7.770959e-03 7.770959e-03 7.735910e-03 7.735910e-03
4.163795e-01 7.743575e-03 7.743575e-03 7.724276e-03 7.724276e-03
4.183795e-01 7.721031e-03 7.721031e-03 7.712734e-03 7.712734e-03
4.203795e-01 7.703657e-03 7.703657e-03 7.701286e-03 7.701286e-03
4.223795e-01 7.691631e-03 7.691631e-03 7.689934e-03 7.689934e-03
4.243795e-01 7.684976e-03 7.684976e-03 7.678678e-03 7.678678e-03
4.263795e-01 7.683561e-03 7.683561e-03 7.667515e-03 7.667515e-03
4.283795e-01 7.687100e-03 7.687100e-03 7.656441e-03 7.656441e-03
4.303795e-01 7.695159e-03 7.695159e-03 7.645450e-03 7.645450e-03
4.323795e-01 7.707166e-03 7.707166e-03 7.634534e-03 7.634534e-03
4.343795e-01 7.722419e-03 7.722419e-03 7.623686e-03 7.623686e-03
4.363795e-01 7.740102e-03 7.740102e-03 7.612894e-03 7.612894e-03
4.383795e-01 7.759307e-03 7.759307e-03 7.602148e-03 7.602148e-03
4.403795e-01 7.779057e-03 7.779057e-03 7.591437e-03 7.591437e-03
4.423795e-01 7.798334e-03 7.798334e-03 7.580750e-03 7.580750e-03
4.443795e-01 7.816116e-03 7.816116e-03 7.570076e-03 7.570076e-03
4.463795e-01 7.831410e-03 7.831410e-03 7.559405e-03 7.559405e-03
4.483795e-01 7.843289e-03 7.843289e-03 7.548727e-03 7.548727e-03
4.503795e-01 7.850935e-03 7.850935e-03 7.538034e-03 7.538034e-03
4.523795e-01 7.853670e-03 7.853670e-03 7.527320e-03 7.527320e-03
4.543795e-01 7.850990e-03 7.850990e-03 7.516581e-03 7.516581e-03
4.563795e-01 7.842585e-03 7.842585e-03 7.505813e-03 7.505813e-03
4.583795e-01 7.828355e-03 7.828355e-03 7.495016e-03 7.495016e-03
4.603795e-01 7.808416e-03 7.808416e-03 7.484191e-03 7.484191e-03
4.623795e-01 7.783092e-03 7.783092e-03 7.473340e-03 7.473340e-03
4.643795e-01 7.752900e-03 7.752900e-03 7.462470e-03 7.462470e-03
4.663795e-01 7.718524e-03 7.718524e-03 7.451587e-03 7.451587e-03
4.683795e-01 7.680788e-03 7.680788e-03 7.440698e-03 7.440698e-03
4.703795e-01 7.640613e-03 7.640613e-03 7.429815e-03 7.429815e-03
4.723795e-01 7.598989e-03 7.598989e-03 7.418946e-03 7.418946e-03
4.743795e-01 7.556929e-03 7.556929e-03 7.408104e-03 7.408104e-03
4.763795e-01 7.515439e-03 7.515439e-03 7.397300e-03 7.397300e-03
4.783795e-01 7.475484e-03 7.475484e-03 7.386544e-03 7.386544e-03
4.803795e-01 7.437962e-03 7.437962e-03 7.375847e-03 7.375847e-03
4.823795e-01 7.403678e-03 7.403678e-03 7.365219e-03 7.365219e-03
4.843795e-01 7.373329e-03 7.373329e-03 7.354669e-03 7.354669e-03
4.863795e-01 7.347492e-03 7.347492e-03 7.344204e-03 7.344204e-03
4.883795e-01 7.326606e-03 7.326606e-03 7.333829e-03 7.333829e-03
4.903795e-01 7.310973e-03 7.310973e-03 7.323548e-03 7.323548e-03
4.923795e-01 7.300751e-03 7.300751e-03 7.313362e-03 7.313362e-03
4.943795e-01 7.295949e-03 7.295949e-03 7.303272e-03 7.303272e-03
4.963795e-01 7.296431e-03 7.296431e-03 7.293273e-03 7.293273e-03
4.983795e-01 7.301917e-03 7.301917e-03 7.283363e-03 7.283363e-03
5.003795e-01 7.311986e-03 7.311986e-03 7.273533e-03 7.273533e-03
5.023795e-01 7.326080e-03 7.326080e-03 7.263776e-03 7.263776e-03
5.043795e-01 7.343522e-03 7.343522e-03 7.254083e-03 7.254083e-03
5.063795e-01 7.363519e-03 7.363519e-03 7.244441e-03 7.244441e-03
5.083795e-01 7.385188e-03 7.385188e-03 7.234840e-03 7.234840e-03
5.103795e-01 7.407569e-03 7.407569e-03 7.225268e-03 7.225268e-03
5.123795e-01 7.429661e-03 7.429661e-03 7.215711e-03 7.215711e-03
5.143795e-01 7.450445e-03 7.450445e-03 7.206158e-03 7.206158e-03
5.163795e-01 7.468919e-03 7.468919e-03 7.196597e-03 7.196597e-03
5.183795e-01 7.484141e-03 7.484141e-03 7.187018e-03 7.187018e-03
5.203795e-01 7.495257e-03 7.495257e-03 7.177412e-03 7.177412e-03
5.223795e-01 7.501543e-03 7.501543e-03 7.167770e-03 7.167770e-03
5.243795e-01 7.502434e-03 7.502434e-03 7.158087e-03 7.158087e-03
5.263795e-01 7.497552e-03 7.497552e-03 7.148359e-03 7.148359e-03
5.283795e-01 7.486719e-03 7.486719e-03 7.138585e-03 7.138585e-03
5.303795e-01 7.469971e-03 7.469971e-03 7.128764e-03 7.128764e-03
5.323795e-01 7.447551e-03 7.447551e-03 7.118901e-03 7.118901e-03
5.343795e-01 7.419899e-03 7.419899e-03 7.108998e-03 7.108998e-03
5.363795e-01 7.387634e-03 7.387634e-03 7.099064e-03 7.099064e-03
5.383795e-01 7.351519e-03 7.351519e-03 7.089106e-03 7.089106e-03
5.403795e-01 7.312434e-03 7.312434e-03 7.079135e-03 7.079135e-03
5.423795e-01 7.271337e-03 7.271337e-03 7.069161e-03 7.069161e-03
5.443795e-01 7.229229e-03 7.229229e-03 7.059197e-03 7.059197e-03
5.463795e-01 7.187117e-03 7.187117e-03 7.049255e-03 7.049255e-03
5.483795e-01 7.145983e-03 7.145983e-03 7.039347e-03 7.039347e-03
5.503795e-01 7.106757e-03 7.106757e-03 7.029486e-03 7.029486e-03
5.523795e-01 7.070290e-03 7.070290e-03 7.019684e-03 7.019684e-03
5.543795e-01 7.037339e-03 7.037339e-03 7.009950e-03 7.009950e-03
5.563795e-01 7.008550e-03 7.008550e-03 7.000294e-03 7.000294e-03
5.583795e-01 6.984448e-03 6.984448e-03 6.990724e-03 6.990724e-03
5.603795e-01 6.965429e-03 6.965429e-03 6.981245e-03 6.981245e-03
5.623795e-01 6.951754e-03 6.951754e-03 6.971861e-03 6.971861e-03
5.643795e-01 6.943547e-03 6.943547e-03 6.962573e-03 6.962573e-03
5.663795e-01 6.940795e-03 6.940795e-03 6.953380e-03 6.953380e-03
5.683795e-01 6.943347e-03 6.943347e-03 6.944280e-03 6.944280e-03
5.703795e-01 6.950913e-03 6.950913e-03 6.935266e-03 6.935266e-03
5.723795e-01 6.963073e-03 6.963073e-03 6.926331e-03 6.926331e-03
5.743795e-01 6.979278e-03 6.979278e-03 6.917467e-03 6.917467e-03
5.763795e-01 6.998860e-03 6.998860e-03 6.908662e-03 6.908662e-03
5.783795e-01 7.021044e-03 7.021044e-03 6.899905e-03 6.899905e-03
5.803795e-01 7.044961e-03 7.044961e-03 6.891183e-03 6.891183e-03
5.823795e-01 7.069669e-03 7.069669e-03 6.882481e-03 6.882481e-03
5.843795e-01 7.094178e-03 7.094178e-03 6.873787e-03 6.873787e-03
5.863795e-01 7.117476e-03 7.117476e-03 6.865087e-03 6.865087e-03
5.883795e-01 7.138563e-03 7.138563e-03 6.856369e-03 6.856369e-03
5.903795e-01 7.156485e-03 7.156485e-03 6.847620e-03 6.847620e-03
5.923795e-01 7.170370e-03 7.170370e-03 6.838829e-03 6.838829e-03
5.943795e-01 7.179464e-03 7.179464e-03 6.829989e-03 6.829989e-03
5.963795e-01 7.183162e-03 7.183162e-03 6.821093e-03 6.821093e-03
5.983795e-01 7.181038e-03 7.181038e-03 6.812134e-03 6.812134e-03
6.003795e-01 7.172859e-03 7.172859e-03 6.803112e-03 6.803112e-03
6.023795e-01 7.158601e-03 7.158601e-03 6.794026e-03 6.794026e-03
6.043795e-01 7.138449e-03 7.138449e-03 6.784878e-03 6.784878e-03
6.063795e-01 7.112782e-03 7.112782e-03 6.775673e-03 6.775673e-03
6.083795e-01 7.082164e-03 7.082164e-03 6.766417e-03 6.766417e-03
6.103795e-01 7.047313e-03 7.047313e-03 6.757118e-03 6.757118e-03
6.123795e-01 7.009068e-03 7.009068e-03 6.747788e-03 6.747788e-03
6.143795e-01 6.968361e-03 6.968361e-03 6.738438e-03 6.738438e-03
6.163795e-01 6.926174e-03 6.926174e-03 6.729081e-03 6.729081e-03
6.183795e-01 6.883510e-03 6.883510e-03 6.719729e-03 6.719729e-03
6.203795e-01 6.841356e-03 6.841356e-03 6.710398e-03 6.710398e-03
6.223795e-01 6.800659e-03 6.800659e-03 6.701101e-03 6.701101e-03
6.243795e-01 6.762302e-03 6.762302e-03 6.691850e-03 6.691850e-03
6.263795e-01 6.727078e-03 6.727078e-03 6.682659e-03 6.682659e-03
6.283795e-01 6.695685e-03 6.695685e-03 6.673538e-03 6.673538e-03
6.303795e-01 6.668707e-03 6.668707e-03 6.664497e-03 6.664497e-03
6.323795e-01 6.646608e-03 6.646608e-03 6.655544e-03 6.655544e-03
6.343795e-01 6.629729e-03 6.629729e-03 6.646683e-03 6.646683e-03
6.363795e-01 6.618283e-03 6.618283e-03 6.637919e-03 6.637919e-03
6.383795e-01 6.612352e-03 6.612352e-03 6.629252e-03 6.629252e-03
6.403795e-01 6.611890e-03 6.611890e-03 6.620680e-03 6.620680e-03
6.423795e-01 6.616718e-03 6.616718e-03 6.612199e-03 6.612199e-03
6.443795e-01 6.626531e-03 6.626531e-03 6.603804e-03 6.603804e-03
6.463795e-01 6.640899e-03 6.640899e-03 6.595486e-03 6.595486e-03
6.483795e-01 6.659271e-03 6.659271e-03 6.587234e-03 6.587234e-03
6.503795e-01 6.680980e-03 6.680980e-03 6.579037e-03 6.579037e-03
6.523795e-01 6.705258e-03 6.705258e-03 6.570880e-03 6.570880e-03
6.543795e-01 6.731247e-03 6.731247e-03 6.562751e-03 6.562751e-03
6.563795e-01 6.758017e-03 6.758017e-03 6.554634e-03 6.554634e-03
6.583795e-01 6.784585e-03 6.784585e-03 6.546514e-03 6.546514e-03
6.603795e-01 6.809949e-03 6.809949e-03 6.538377e-03 6.538377e-03
6.623795e-01 6.833112e-03 6.833112e-03 6.530207e-03 6.530207e-03
6.643795e-01 6.853118e-03 6.853118e-03 6.521993e-03 6.521993e-03
6.663795e-01 6.869088e-03 6.869088e-03 6.513723e-03 6.513723e-03
6.683795e-01 6.880252e-03 6.880252e-03 6.505386e-03 6.505386e-03
6.703795e-01 6.885983e-03 6.885983e-03 6.496976e-03 6.496976e-03
6.723795e-01 6.885826e-03 6.885826e-03 6.488485e-03 6.488485e-03
6.743795e-01 6.879515e-03 6.879515e-03 6.479912e-03 6.479912e-03
6.763795e-01 6.866987e-03 6.866987e-03 6.471256e-03 6.471256e-03
6.783795e-01 6.848386e-03 6.848386e-03 6.462517e-03 6.462517e-03
6.803795e-01 6.824053e-03 6.824053e-03 6.453702e-03 6.453702e-03
6.823795e-01 6.794513e-03 6.794513e-03 6.444815e-03 6.444815e-03
6.843795e-01 6.760447e-03 6.760447e-03 6.435866e-03 6.435866e-03
6.863795e-01 6.722666e-03 6.722666e-03 6.426866e-03 6.426866e-03
6.883795e-01 6.682077e-03 6.682077e-03 6.417828e-03 6.417828e-03
6.903795e-01 6.639647e-03 6.639647e-03 6.408763e-03 6.408763e-03
6.923795e-01 6.596369e-03 6.596369e-03 6.399688e-03 6.399688e-03
6.943795e-01 6.553230e-03 6.553230e-03 6.390617e-03 6.390617e-03
6.963795e-01 6.511186e-03 6.511186e-03 6.381566e-03 6.381566e-03
6.983795e-01 6.471134e-03 6.471134e-03 6.372548e-03 6.372548e-03
7.003795e-01 6.433891e-03 6.433891e-03 6.363578e-03 6.363578e-03
7.023795e-01 6.400187e-03 6.400187e-03 6.354669e-03 6.354669e-03
7.043795e-01 6.370646e-03 6.370646e-03 6.345832e-03 6.345832e-03
7.063795e-01 6.345781e-03 6.345781e-03 6.337076e-03 6.337076e-03
7.083795e-01 6.325988e-03 6.325988e-03 6.328408e-03 6.328408e-03
7.103795e-01 6.311546e-03 6.311546e-03 6.319835e-03 6.319835e-03
7.123795e-01 6.302609e-03 6.302609e-03 6.311357e-03 6.311357e-03
7.143795e-01 6.299212e-03 6.299212e-03 6.302976e-03 6.302976e-03
7.163795e-01 6.301267e-03 6.301267e-03 6.294688e-03 6.294688e-03
7.183795e-01 6.308562e-03 6.308562e-03 6.286488e-03 6.286488e-03
7.203795e-01 6.320768e-03 6.320768e-03 6.278369e-03 6.278369e-03
7.223795e-01 6.337434e-03 6.337434e-03 6.270321e-03 6.270321e-03
7.243795e-01 6.358000e-03 6.358000e-03 6.262332e-03 6.262332e-03
7.263795e-01 6.381794e-03 6.381794e-03 6.254389e-03 6.254389e-03
7.283795e-01 6.408047e-03 6.408047e-03 6.246476e-03 6.246476e-03
7.303795e-01 6.435904e-03 6.435904e-03 6.238579e-03 6.238579e-03
7.323795e-01 6.464441e-03 6.464441e-03 6.230680e-03 6.230680e-03
7.343795e-01 6.492683e-03 6.492683e-03 6.222763e-03 6.222763e-03
7.363795e-01 6.519635e-03 6.519635e-03 6.214813e-03 6.214813e-03
7.383795e-01 6.544307e-03 6.544307e-03 6.206813e-03 6.206813e-03
7.403795e-01 6.565746e-03 6.565746e-03 6.198749e-03 6.198749e-03
7.423795e-01 6.583075e-03 6.583075e-03 6.190610e-03 6.190610e-03
7.443795e-01 6.595522e-03 6.595522e-03 6.182383e-03 6.182383e-03
7.463795e-01 6.602454e-03 6.602454e-03 6.174060e-03 6.174060e-03
7.483795e-01 6.603403e-03 6.603403e-03 6.165635e-03 6.165635e-03
7.503795e-01 6.598092e-03 6.598092e-03 6.157104e-03 6.157104e-03
7.523795e-01 6.586439e-03 6.586439e-03 6.148466e-03 6.148466e-03
7.543795e-01 6.568567e-03 6.568567e-03 6.139722e-03 6.139722e-03
7.563795e-01 6.544797e-03 6.544797e-03 6.130877e-03 6.130877e-03
7.583795e-01 6.515631e-03 6.515631e-03 6.121936e-03 6.121936e-03
7.603795e-01 6.481729e-03 6.481729e-03 6.112910e-03 6.112910e-03
7.623795e-01 6.443884e-03 6.443884e-03 6.103809e-03 6.103809e-03
7.643795e-01 6.402986e-03 6.402986e-03 6.094647e-03 6.094647e-03
7.663795e-01 6.359987e-03 6.359987e-03 6.085436e-03 6.085436e-03
7.683795e-01 6.315872e-03 6.315872e-03 6.076194e-03 6.076194e-03
7.703795e-01 6.271624e-03 6.271624e-03 6.066936e-03 6.066936e-03
7.723795e-01 6.228197e-03 6.228197e-03 6.057678e-03 6.057678e-03
7.743795e-01 6.186495e-03 6.186495e-03 6.048436e-03 6.048436e-03
7.763795e-01 6.147348e-03 6.147348e-03 6.039226e-03 6.039226e-03
7.783795e-01 6.111500e-03 6.111500e-03 6.030061e-03 6.030061e-03
7.803795e-01 6.079601e-03 6.079601e-03 6.020956e-03 6.020956e-03
7.823795e-01 6.052193e-03 6.052193e-03 6.011920e-03 6.011920e-03
7.843795e-01 6.029710e-03 6.029710e-03 6.002962e-03 6.002962e-03
7.863795e-01 6.012474e-03 6.012474e-03 5.994089e-03 5.994089e-03
7.883795e-01 6.000694e-03 6.000694e-03 5.985305e-03 5.985305e-03
7.903795e-01 5.994464e-03 5.994464e-03 5.976612e-03 5.976612e-03
7.923795e-01 5.993762e-03 5.993762e-03 5.968007e-03 5.968007e-03
7.943795e-01 5.998454e-03 5.998454e-03 5.959486e-03 5.959486e-03
7.963795e-01 6.008289e-03 6.008289e-03 5.951043e-03 5.951043e-03
7.983795e-01 6.022905e-03 6.022905e-03 5.942667e-03 5.942667e-03
8.003795e-01 6.041829e-03 6.041829e-03 5.934349e-03 5.934349e-03
8.023795e-01 6.064480e-03 6.064480e-03 5.926072e-03 5.926072e-03
8.043795e-01 6.090174e-03 6.090174e-03 5.917824e-03 5.917824e-03
8.063795e-01 6.118137e-03 6.118137e-03 5.909586e-03 5.909586e-03
8.083795e-01 6.147510e-03 6.147510e-03 5.901341e-03 5.901341e-03
8.103795e-01 6.177370e-03 6.177370e-03 5.893070e-03 5.893070e-03
8.123795e-01 6.206749e-03 6.206749e-03 5.884757e-03 5.884757e-03
8.143795e-01 6.234655e-03 6.234655e-03 5.876383e-03 5.876383e-03
8.163795e-01 6.260109e-03 6.260109e-03 5.867932e-03 5.867932e-03
8.183795e-01 6.282169e-03 6.282169e-03 5.859387e-03 5.859387e-03
8.203795e-01 6.299965e-03 6.299965e-03 5.850735e-03 5.850735e-03
8.223795e-01 6.312735e-03 6.312735e-03 5.841964e-03 5.841964e-03
8.243795e-01 6.319854e-03 6.319854e-03 5.833064e-03 5.833064e-03
8.263795e-01 6.320862e-03 6.320862e-03 5.824028e-03 5.824028e-03
8.283795e-01 6.315484e-03 6.315484e-03 5.814852e-03 5.814852e-03
8.303795e-01 6.303642e-03 6.303642e-03 5.805534e-03 5.805534e-03
8.323795e-01 6.285457e-03 6.285457e-03 5.796075e-03 5.796075e-03
8.343795e-01 6.261249e-03 6.261249e-03 5.786479e-03 5.786479e-03
8.363795e-01 6.231513e-03 6.231513e-03 5.776754e-03 5.776754e-03
8.383795e-01 6.196904e-03 6.196904e-03 5.766907e-03 5.766907e-03
8.403795e-01 6.158205e-03 6.158205e-03 5.756950e-03 5.756950e-03
8.423795e-01 6.116296e-03 6.116296e-03 5.746897e-03 5.746897e-03
8.443795e-01 6.072123e-03 6.072123e-03 5.736762e-03 5.736762e-03
8.463795e-01 6.026661e-03 6.026661e-03 5.726562e-03 5.726562e-03
8.483795e-01 5.980884e-03 5.980884e-03 5.716313e-03 5.716313e-03
8.503795e-01 5.935744e-03 5.935744e-03 5.706032e-03 5.706032e-03
8.523795e-01 5.892139e-03 5.892139e-03 5.695737e-03 5.695737e-03
8.543795e-01 5.850901e-03 5.850901e-03 5.685443e-03 5.685443e-03
8.563795e-01 5.812780e-03 5.812780e-03 5.675166e-03 5.675166e-03
8.583795e-01 5.778433e-03 5.778433e-03 5.664919e-03 5.664919e-03
8.603795e-01 5.748419e-03 5.748419e-03 5.654715e-03 5.654715e-03
8.623795e-01 5.723192e-03 5.723192e-03 5.644563e-03 5.644563e-03
8.643795e-01 5.703102e-03 5.703102e-03 5.634471e-03 5.634471e-03
8.663795e-01 5.688391e-03 5.688391e-03 5.624443e-03 5.624443e-03
8.683795e-01 5.679193e-03 5.679193e-03 5.614482e-03 5.614482e-03
8.703795e-01 5.675537e-03 5.675537e-03 5.604586e-03 5.604586e-03
8.723795e-01 5.677344e-03 5.677344e-03 5.594752e-03 5.594752e-03
8.743795e-01 5.684426e-03 5.684426e-03 5.584973e-03 5.584973e-03
8.763795e-01 5.696490e-03 5.696490e-03 5.575239e-03 5.575239e-03
8.783795e-01 5.713137e-03 5.713137e-03 5.565539e-03 5.565539e-03
8.803795e-01 5.733862e-03 5.733862e-03 5.555857e-03 5.555857e-03
8.823795e-01 5.758061e-03 5.758061e-03 5.546178e-03 5.546178e-03
8.843795e-01 5.785032e-03 5.785032e-03 5.536484e-03 5.536484e-03
8.863795e-01 5.813985e-03 5.813985e-03 5.526755e-03 5.526755e-03
8.883795e-01 5.844056e-03 5.844056e-03 5.516971e-03 5.516971e-03
8.903795e-01 5.874318e-03 5.874318e-03 5.507112e-03 5.507112e-03
8.923795e-01 5.903803e-03 5.903803e-03 5.497157e-03 5.497157e-03
8.943795e-01 5.931529e-03 5.931529e-03 5.487087e-03 5.487087e-03
8.963795e-01 5.956526e-03 5.956526e-03 5.476882e-03 5.476882e-03
8.983795e-01 5.977865e-03 5.977865e-03 5.466526e-03 5.466526e-03
9.003795e-01 5.994696e-03 5.994696e-03 5.456002e-03 5.456002e-03
9.023795e-01 6.006276e-03 6.006276e-03 5.445297e-03 5.445297e-03
9.043795e-01 6.012002e-03 6.012002e-03 5.434399e-03 5.434399e-03
9.063795e-01 6.011436e-03 6.011436e-03 5.423301e-03 5.423301e-03
9.083795e-01 6.004326e-03 6.004326e-03 5.411997e-03 5.411997e-03
9.103795e-01 5.990613e-03 5.990613e-03 5.400484e-03 5.400484e-03
9.123795e-01 5.970437e-03 5.970437e-03 5.388763e-03 5.388763e-03
9.143795e-01 5.944131e-03 5.944131e-03 5.376835e-03 5.376835e-03
9.163795e-01 5.912202e-03 5.912202e-03 5.364708e-03 5.364708e-03
9.183795e-01 5.875309e-03 5.875309e-03 5.352390e-03 5.352390e-03
9.203795e-01 5.834239e-03 5.834239e-03 5.339892e-03 5.339892e-03
9.223795e-01 5.789869e-03 5.789869e-03 5.327226e-03 5.327226e-03
