# results/qpc_wx1.0_A_B0.5.npz: LDOS at x = 0, 1/(meV nm), Lorentzian; M_loc = 0.4951
# e-mu[meV] rho_up(eta=0.05) rho_dn(eta=0.05) rho_up(eta=0.1) rho_dn(eta=0.1)
-1.257067e+00 8.374566e-04 6.436398e-05 1.619750e-03 1.282974e-04
-1.255067e+00 8.444514e-04 6.452774e-05 1.632770e-03 1.286221e-04
-1.253067e+00 8.515378e-04 6.469221e-05 1.645951e-03 1.289481e-04
-1.251067e+00 8.587175e-04 6.485737e-05 1.659296e-03 1.292755e-04
-1.249067e+00 8.659921e-04 6.502324e-05 1.672809e-03 1.296043e-04
-1.247067e+00 8.733635e-04 6.518982e-05 1.686492e-03 1.299344e-04
-1.245067e+00 8.808333e-04 6.535711e-05 1.700348e-03 1.302660e-04
-1.243067e+00 8.884033e-04 6.552513e-05 1.714379e-03 1.305990e-04
-1.241067e+00 8.960754e-04 6.569387e-05 1.728590e-03 1.309334e-04
-1.239067e+00 9.038514e-04 6.586334e-05 1.742982e-03 1.312692e-04
-1.237067e+00 9.117332e-04 6.603354e-05 1.757559e-03 1.316065e-04
-1.235067e+00 9.197229e-04 6.620448e-05 1.772324e-03 1.319452e-04
-1.233067e+00 9.278224e-04 6.637617e-05 1.787281e-03 1.322853e-04
-1.231067e+00 9.360337e-04 6.654861e-05 1.802432e-03 1.326269e-04
-1.229067e+00 9.443591e-04 6.672181e-05 1.817781e-03 1.329700e-04
-1.227067e+00 9.528006e-04 6.689576e-05 1.833332e-03 1.333146e-04
-1.225067e+00 9.613604e-04 6.707048e-05 1.849088e-03 1.336607e-04
-1.223067e+00 9.700409e-04 6.724598e-05 1.865053e-03 1.340082e-04
-1.221067e+00 9.788443e-04 6.742225e-05 1.881230e-03 1.343573e-04
-1.219067e+00 9.877730e-04 6.759930e-05 1.897623e-03 1.347079e-04
-1.217067e+00 9.968294e-04 6.777714e-05 1.914236e-03 1.350601e-04
-1.215067e+00 1.006016e-03 6.795578e-05 1.931073e-03 1.354138e-04
-1.213067e+00 1.015335e-03 6.813522e-05 1.948138e-03 1.357690e-04
-1.211067e+00 1.024790e-03 6.831546e-05 1.965435e-03 1.361259e-04
-1.209067e+00 1.034383e-03 6.849652e-05 1.982969e-03 1.364843e-04
-1.207067e+00 1.044117e-03 6.867839e-05 2.000743e-03 1.368443e-04
-1.205067e+00 1.053994e-03 6.886109e-05 2.018762e-03 1.372058e-04
-1.203067e+00 1.064018e-03 6.904461e-05 2.037030e-03 1.375691e-04
-1.201067e+00 1.074191e-03 6.922898e-05 2.055553e-03 1.379339e-04
-1.199067e+00 1.084517e-03 6.941418e-05 2.074335e-03 1.383003e-04
-1.197067e+00 1.094999e-03 6.960024e-05 2.093380e-03 1.386685e-04
-1.195067e+00 1.105639e-03 6.978715e-05 2.112694e-03 1.390382e-04
-1.193067e+00 1.116441e-03 6.997492e-05 2.132281e-03 1.394097e-04
-1.191067e+00 1.127409e-03 7.016356e-05 2.152147e-03 1.397828e-04
-1.189067e+00 1.138546e-03 7.035308e-05 2.172297e-03 1.401576e-04
-1.187067e+00 1.149855e-03 7.054348e-05 2.192736e-03 1.405342e-04
-1.185067e+00 1.161341e-03 7.073477e-05 2.213471e-03 1.409124e-04
-1.183067e+00 1.173006e-03 7.092695e-05 2.234506e-03 1.412924e-04
-1.181067e+00 1.184855e-03 7.112004e-05 2.255847e-03 1.416742e-04
-1.179067e+00 1.196892e-03 7.131404e-05 2.277501e-03 1.420577e-04
-1.177067e+00 1.209120e-03 7.150896e-05 2.299473e-03 1.424429e-04
-1.175067e+00 1.221544e-03 7.170480e-05 2.321769e-03 1.428300e-04
-1.173067e+00 1.234169e-03 7.190158e-05 2.344397e-03 1.432189e-04
-1.171067e+00 1.246997e-03 7.209929e-05 2.367362e-03 1.436095e-04
-1.169067e+00 1.260035e-03 7.229796e-05 2.390670e-03 1.440020e-04
-1.167067e+00 1.273287e-03 7.249758e-05 2.414330e-03 1.443964e-04
-1.165067e+00 1.286757e-03 7.269817e-05 2.438348e-03 1.447926e-04
-1.163067e+00 1.300450e-03 7.289972e-05 2.462731e-03 1.451907e-04
-1.161067e+00 1.314372e-03 7.310226e-05 2.487486e-03 1.455906e-04
-1.159067e+00 1.328528e-03 7.330579e-05 2.512621e-03 1.459925e-04
-1.157067e+00 1.342922e-03 7.351031e-05 2.538144e-03 1.463962e-04
-1.155067e+00 1.357561e-03 7.371584e-05 2.564062e-03 1.468019e-04
-1.153067e+00 1.372450e-03 7.392239e-05 2.590383e-03 1.472096e-04
-1.151067e+00 1.387595e-03 7.412996e-05 2.617117e-03 1.476192e-04
-1.149067e+00 1.403002e-03 7.433856e-05 2.644271e-03 1.480308e-04
-1.147067e+00 1.418677e-03 7.454820e-05 2.671854e-03 1.484444e-04
-1.145067e+00 1.434627e-03 7.475890e-05 2.699874e-03 1.488600e-04
-1.143067e+00 1.450858e-03 7.497065e-05 2.728342e-03 1.492776e-04
-1.141067e+00 1.467377e-03 7.518348e-05 2.757267e-03 1.496973e-04
-1.139067e+00 1.484190e-03 7.539738e-05 2.786657e-03 1.501190e-04
-1.137067e+00 1.501305e-03 7.561238e-05 2.816523e-03 1.505428e-04
-1.135067e+00 1.518730e-03 7.582848e-05 2.846876e-03 1.509687e-04
-1.133067e+00 1.536472e-03 7.604568e-05 2.877725e-03 1.513967e-04
-1.131067e+00 1.554538e-03 7.626401e-05 2.909081e-03 1.518268e-04
-1.129067e+00 1.572938e-03 7.648347e-05 2.940955e-03 1.522591e-04
-1.127067e+00 1.591679e-03 7.670407e-05 2.973358e-03 1.526936e-04
-1.125067e+00 1.610770e-03 7.692583e-05 3.006302e-03 1.531302e-04
-1.123067e+00 1.630220e-03 7.714875e-05 3.039798e-03 1.535691e-04
-1.121067e+00 1.650039e-03 7.737285e-05 3.073858e-03 1.540101e-04
-1.119067e+00 1.670234e-03 7.759814e-05 3.108496e-03 1.544534e-04
-1.117067e+00 1.690818e-03 7.782463e-05 3.143723e-03 1.548990e-04
-1.115067e+00 1.711799e-03 7.805233e-05 3.179553e-03 1.553468e-04
-1.113067e+00 1.733188e-03 7.828126e-05 3.215999e-03 1.557970e-04
-1.111067e+00 1.754997e-03 7.851142e-05 3.253075e-03 1.562495e-04
-1.109067e+00 1.777235e-03 7.874284e-05 3.290794e-03 1.567043e-04
-1.107067e+00 1.799916e-03 7.897552e-05 3.329173e-03 1.571615e-04
-1.105067e+00 1.823050e-03 7.920947e-05 3.368224e-03 1.576211e-04
-1.103067e+00 1.846650e-03 7.944472e-05 3.407965e-03 1.580831e-04
-1.101067e+00 1.870730e-03 7.968128e-05 3.448409e-03 1.585475e-04
-1.099067e+00 1.895302e-03 7.991916e-05 3.489574e-03 1.590144e-04
-1.097067e+00 1.920380e-03 8.015837e-05 3.531476e-03 1.594837e-04
-1.095067e+00 1.945979e-03 8.039893e-05 3.574132e-03 1.599556e-04
-1.093067e+00 1.972112e-03 8.064086e-05 3.617559e-03 1.604300e-04
-1.091067e+00 1.998797e-03 8.088417e-05 3.661776e-03 1.609069e-04
-1.089067e+00 2.026047e-03 8.112888e-05 3.706800e-03 1.613864e-04
-1.087067e+00 2.053880e-03 8.137500e-05 3.752650e-03 1.618685e-04
-1.085067e+00 2.082314e-03 8.162256e-05 3.799347e-03 1.623532e-04
-1.083067e+00 2.111364e-03 8.187156e-05 3.846909e-03 1.628406e-04
-1.081067e+00 2.141051e-03 8.212203e-05 3.895358e-03 1.633306e-04
-1.079067e+00 2.171392e-03 8.237399e-05 3.944714e-03 1.638234e-04
-1.077067e+00 2.202408e-03 8.262745e-05 3.994998e-03 1.643189e-04
-1.075067e+00 2.234119e-03 8.288243e-05 4.046234e-03 1.648171e-04
-1.073067e+00 2.266547e-03 8.313896e-05 4.098443e-03 1.653181e-04
-1.071067e+00 2.299714e-03 8.339705e-05 4.151649e-03 1.658220e-04
-1.069067e+00 2.333642e-03 8.365672e-05 4.205877e-03 1.663287e-04
-1.067067e+00 2.368356e-03 8.391801e-05 4.261150e-03 1.668382e-04
-1.065067e+00 2.403880e-03 8.418092e-05 4.317493e-03 1.673507e-04
-1.063067e+00 2.440241e-03 8.444548e-05 4.374934e-03 1.678660e-04
-1.061067e+00 2.477465e-03 8.471172e-05 4.433498e-03 1.683844e-04
-1.059067e+00 2.515580e-03 8.497965e-05 4.493213e-03 1.689057e-04
-1.057067e+00 2.554616e-03 8.524931e-05 4.554107e-03 1.694301e-04
-1.055067e+00 2.594604e-03 8.552072e-05 4.616209e-03 1.699575e-04
-1.053067e+00 2.635573e-03 8.579391e-05 4.679547e-03 1.704880e-04
-1.051067e+00 2.677559e-03 8.606890e-05 4.744154e-03 1.710216e-04
-1.049067e+00 2.720594e-03 8.634572e-05 4.810059e-03 1.715584e-04
-1.047067e+00 2.764716e-03 8.662440e-05 4.877295e-03 1.720984e-04
-1.045067e+00 2.809961e-03 8.690497e-05 4.945895e-03 1.726416e-04
-1.043067e+00 2.856368e-03 8.718747e-05 5.015892e-03 1.731881e-04
-1.041067e+00 2.903978e-03 8.747192e-05 5.087320e-03 1.737379e-04
-1.039067e+00 2.952834e-03 8.775836e-05 5.160215e-03 1.742910e-04
-1.037067e+00 3.002979e-03 8.804682e-05 5.234613e-03 1.748475e-04
-1.035067e+00 3.054460e-03 8.833734e-05 5.310552e-03 1.754073e-04
-1.033067e+00 3.107326e-03 8.862996e-05 5.388069e-03 1.759707e-04
-1.031067e+00 3.161626e-03 8.892471e-05 5.467203e-03 1.765375e-04
-1.029067e+00 3.217413e-03 8.922164e-05 5.547994e-03 1.771079e-04
-1.027067e+00 3.274743e-03 8.952078e-05 5.630483e-03 1.776818e-04
-1.025067e+00 3.333672e-03 8.982219e-05 5.714712e-03 1.782593e-04
-1.023067e+00 3.394260e-03 9.012589e-05 5.800724e-03 1.788405e-04
-1.021067e+00 3.456570e-03 9.043195e-05 5.888563e-03 1.794254e-04
-1.019067e+00 3.520668e-03 9.074041e-05 5.978273e-03 1.800140e-04
-1.017067e+00 3.586620e-03 9.105132e-05 6.069899e-03 1.806064e-04
-1.015067e+00 3.654499e-03 9.136473e-05 6.163490e-03 1.812026e-04
-1.013067e+00 3.724378e-03 9.168070e-05 6.259093e-03 1.818027e-04
-1.011067e+00 3.796334e-03 9.199929e-05 6.356757e-03 1.824067e-04
-1.009067e+00 3.870447e-03 9.232056e-05 6.456531e-03 1.830147e-04
-1.007067e+00 3.946802e-03 9.264456e-05 6.558466e-03 1.836266e-04
-1.005067e+00 4.025484e-03 9.297136e-05 6.662616e-03 1.842426e-04
-1.003067e+00 4.106584e-03 9.330104e-05 6.769032e-03 1.848627e-04
-1.001067e+00 4.190196e-03 9.363366e-05 6.877768e-03 1.854869e-04
-9.990668e-01 4.276415e-03 9.396930e-05 6.988880e-03 1.861153e-04
-9.970668e-01 4.365344e-03 9.430804e-05 7.102425e-03 1.867480e-04
-9.950668e-01 4.457084e-03 9.464995e-05 7.218458e-03 1.873849e-04
-9.930668e-01 4.551743e-03 9.499513e-05 7.337038e-03 1.880262e-04
-9.910668e-01 4.649430e-03 9.534365e-05 7.458225e-03 1.886718e-04
-9.890668e-01 4.750259e-03 9.569562e-05 7.582079e-03 1.893219e-04
-9.870668e-01 4.854344e-03 9.605114e-05 7.708660e-03 1.899764e-04
-9.850668e-01 4.961805e-03 9.641029e-05 7.838031e-03 1.906354e-04
-9.830668e-01 5.072764e-03 9.677320e-05 7.970255e-03 1.912990e-04
-9.810668e-01 5.187342e-03 9.713997e-05 8.105395e-03 1.919672e-04
-9.790668e-01 5.305669e-03 9.751071e-05 8.243517e-03 1.926401e-04
-9.770668e-01 5.427871e-03 9.788556e-05 8.384686e-03 1.933176e-04
-9.750668e-01 5.554082e-03 9.826462e-05 8.528968e-03 1.939999e-04
-9.730668e-01 5.684437e-03 9.864804e-05 8.676432e-03 1.946870e-04
-9.710668e-01 5.819073e-03 9.903595e-05 8.827143e-03 1.953789e-04
-9.690668e-01 5.958133e-03 9.942850e-05 8.981172e-03 1.960757e-04
-9.670668e-01 6.101765e-03 9.982582e-05 9.138587e-03 1.967774e-04
-9.650668e-01 6.250121e-03 1.002281e-04 9.299457e-03 1.974841e-04
-9.630668e-01 6.403362e-03 1.006354e-04 9.463852e-03 1.981957e-04
-9.610668e-01 6.561654e-03 1.010480e-04 9.631843e-03 1.989124e-04
-9.590668e-01 6.725175e-03 1.014659e-04 9.803499e-03 1.996341e-04
-9.570668e-01 6.894113e-03 1.018894e-04 9.978890e-03 2.003610e-04
-9.550668e-01 7.068668e-03 1.023187e-04 1.015809e-02 2.010929e-04
-9.530668e-01 7.249053e-03 1.027538e-04 1.034116e-02 2.018300e-04
-9.510668e-01 7.435496e-03 1.031950e-04 1.052818e-02 2.025724e-04
-9.490668e-01 7.628241e-03 1.036423e-04 1.071920e-02 2.033199e-04
-9.470668e-01 7.827550e-03 1.040960e-04 1.091431e-02 2.040726e-04
-9.450668e-01 8.033702e-03 1.045562e-04 1.111356e-02 2.048306e-04
-9.430668e-01 8.246994e-03 1.050229e-04 1.131702e-02 2.055939e-04
-9.410668e-01 8.467742e-03 1.054963e-04 1.152476e-02 2.063625e-04
-9.390668e-01 8.696285e-03 1.059765e-04 1.173682e-02 2.071363e-04
-9.370668e-01 8.932976e-03 1.064635e-04 1.195328e-02 2.079155e-04
-9.350668e-01 9.178194e-03 1.069574e-04 1.217417e-02 2.087001e-04
-9.330668e-01 9.432334e-03 1.074580e-04 1.239956e-02 2.094899e-04
-9.310668e-01 9.695815e-03 1.079653e-04 1.262949e-02 2.102852e-04
-9.290668e-01 9.969074e-03 1.084792e-04 1.286400e-02 2.110858e-04
-9.270668e-01 1.025257e-02 1.089995e-04 1.310313e-02 2.118917e-04
-9.250668e-01 1.054679e-02 1.095259e-04 1.334690e-02 2.127031e-04
-9.230668e-01 1.085222e-02 1.100582e-04 1.359535e-02 2.135198e-04
-9.210668e-01 1.116940e-02 1.105958e-04 1.384849e-02 2.143418e-04
-9.190668e-01 1.149886e-02 1.111384e-04 1.410633e-02 2.151693e-04
-9.170668e-01 1.184118e-02 1.116855e-04 1.436887e-02 2.160022e-04
-9.150668e-01 1.219695e-02 1.122363e-04 1.463609e-02 2.168404e-04
-9.130668e-01 1.256676e-02 1.127903e-04 1.490799e-02 2.176841e-04
-9.110668e-01 1.295126e-02 1.133468e-04 1.518452e-02 2.185332e-04
-9.090668e-01 1.335110e-02 1.139050e-04 1.546565e-02 2.193877e-04
-9.070668e-01 1.376695e-02 1.144643e-04 1.575132e-02 2.202477e-04
-9.050668e-01 1.419950e-02 1.150239e-04 1.604146e-02 2.211131e-04
-9.030668e-01 1.464946e-02 1.155832e-04 1.633598e-02 2.219841e-04
-9.010668e-01 1.511756e-02 1.161416e-04 1.663478e-02 2.228605e-04
-8.990668e-01 1.560453e-02 1.166986e-04 1.693773e-02 2.237425e-04
-8.970668e-01 1.611112e-02 1.172538e-04 1.724471e-02 2.246300e-04
-8.950668e-01 1.663810e-02 1.178070e-04 1.755555e-02 2.255232e-04
-8.930668e-01 1.718621e-02 1.183579e-04 1.787007e-02 2.264220e-04
-8.910668e-01 1.775622e-02 1.189067e-04 1.818807e-02 2.273266e-04
-8.890668e-01 1.834886e-02 1.194534e-04 1.850934e-02 2.282369e-04
-8.870668e-01 1.896487e-02 1.199982e-04 1.883361e-02 2.291531e-04
-8.850668e-01 1.960494e-02 1.205417e-04 1.916062e-02 2.300751e-04
-8.830668e-01 2.026974e-02 1.210841e-04 1.949007e-02 2.310031e-04
-8.810668e-01 2.095989e-02 1.216260e-04 1.982163e-02 2.319371e-04
-8.790668e-01 2.167592e-02 1.221680e-04 2.015496e-02 2.328773e-04
-8.770668e-01 2.241831e-02 1.227106e-04 2.048967e-02 2.338236e-04
-8.750668e-01 2.318743e-02 1.232546e-04 2.082536e-02 2.347762e-04
-8.730668e-01 2.398353e-02 1.238004e-04 2.116158e-02 2.357352e-04
-8.710668e-01 2.480672e-02 1.243488e-04 2.149788e-02 2.367007e-04
-8.690668e-01 2.565693e-02 1.249003e-04 2.183377e-02 2.376728e-04
-8.670668e-01 2.653392e-02 1.254555e-04 2.216871e-02 2.386516e-04
-8.650668e-01 2.743721e-02 1.260148e-04 2.250217e-02 2.396371e-04
-8.630668e-01 2.836605e-02 1.265788e-04 2.283356e-02 2.406295e-04
-8.610668e-01 2.931942e-02 1.271478e-04 2.316230e-02 2.416290e-04
-8.590668e-01 3.029595e-02 1.277224e-04 2.348775e-02 2.426355e-04
-8.570668e-01 3.129393e-02 1.283028e-04 2.380927e-02 2.436493e-04
-8.550668e-01 3.231124e-02 1.288894e-04 2.412620e-02 2.446705e-04
-8.530668e-01 3.334534e-02 1.294825e-04 2.443786e-02 2.456991e-04
-8.510668e-01 3.439321e-02 1.300824e-04 2.474354e-02 2.467354e-04
-8.490668e-01 3.545136e-02 1.306892e-04 2.504254e-02 2.477793e-04
-8.470668e-01 3.651576e-02 1.313033e-04 2.533414e-02 2.488311e-04
-8.450668e-01 3.758191e-02 1.319247e-04 2.561763e-02 2.498908e-04
-8.430668e-01 3.864476e-02 1.325538e-04 2.589228e-02 2.509586e-04
-8.410668e-01 3.969874e-02 1.331906e-04 2.615738e-02 2.520346e-04
-8.390668e-01 4.073784e-02 1.338354e-04 2.641221e-02 2.531189e-04
-8.370668e-01 4.175559e-02 1.344882e-04 2.665609e-02 2.542116e-04
-8.350668e-01 4.274515e-02 1.351492e-04 2.688833e-02 2.553129e-04
-8.330668e-01 4.369941e-02 1.358184e-04 2.710828e-02 2.564229e-04
-8.310668e-01 4.461103e-02 1.364961e-04 2.731531e-02 2.575416e-04
-8.290668e-01 4.547265e-02 1.371824e-04 2.750883e-02 2.586693e-04
-8.270668e-01 4.627691e-02 1.378773e-04 2.768827e-02 2.598060e-04
-8.250668e-01 4.701672e-02 1.385809e-04 2.785311e-02 2.609518e-04
-8.230668e-01 4.768530e-02 1.392934e-04 2.800289e-02 2.621069e-04
-8.210668e-01 4.827642e-02 1.400149e-04 2.813717e-02 2.632714e-04
-8.190668e-01 4.878453e-02 1.407454e-04 2.825559e-02 2.644454e-04
-8.170668e-01 4.920486e-02 1.414850e-04 2.835782e-02 2.656289e-04
-8.150668e-01 4.953362e-02 1.422339e-04 2.844361e-02 2.668223e-04
-8.130668e-01 4.976802e-02 1.429922e-04 2.851276e-02 2.680254e-04
-8.110668e-01 4.990638e-02 1.437598e-04 2.856513e-02 2.692385e-04
-8.090668e-01 4.994817e-02 1.445371e-04 2.860064e-02 2.704617e-04
-8.070668e-01 4.989399e-02 1.453239e-04 2.861929e-02 2.716950e-04
-8.050668e-01 4.974557e-02 1.461205e-04 2.862112e-02 2.729386e-04
-8.030668e-01 4.950570e-02 1.469270e-04 2.860625e-02 2.741926e-04
-8.010668e-01 4.917813e-02 1.477433e-04 2.857484e-02 2.754572e-04
-7.990668e-01 4.876750e-02 1.485697e-04 2.852714e-02 2.767324e-04
-7.970668e-01 4.827916e-02 1.494063e-04 2.846343e-02 2.780183e-04
-7.950668e-01 4.771907e-02 1.502531e-04 2.838405e-02 2.793150e-04
-7.930668e-01 4.709362e-02 1.511102e-04 2.828940e-02 2.806227e-04
-7.910668e-01 4.640950e-02 1.519777e-04 2.817991e-02 2.819415e-04
-7.890668e-01 4.567352e-02 1.528559e-04 2.805606e-02 2.832714e-04
-7.870668e-01 4.489253e-02 1.537446e-04 2.791838e-02 2.846127e-04
-7.850668e-01 4.407325e-02 1.546442e-04 2.776742e-02 2.859653e-04
-7.830668e-01 4.322223e-02 1.555546e-04 2.760376e-02 2.873295e-04
-7.810668e-01 4.234571e-02 1.564760e-04 2.742801e-02 2.887052e-04
-7.790668e-01 4.144960e-02 1.574085e-04 2.724080e-02 2.900927e-04
-7.770668e-01 4.053943e-02 1.583521e-04 2.704278e-02 2.914920e-04
-7.750668e-01 3.962031e-02 1.593071e-04 2.683460e-02 2.929033e-04
-7.730668e-01 3.869691e-02 1.602735e-04 2.661693e-02 2.943266e-04
-7.710668e-01 3.777346e-02 1.612514e-04 2.639043e-02 2.957621e-04
-7.690668e-01 3.685373e-02 1.622409e-04 2.615578e-02 2.972099e-04
-7.670668e-01 3.594104e-02 1.632422e-04 2.591364e-02 2.986701e-04
-7.650668e-01 3.503830e-02 1.642553e-04 2.566467e-02 3.001427e-04
-7.630668e-01 3.414799e-02 1.652805e-04 2.540951e-02 3.016280e-04
-7.610668e-01 3.327222e-02 1.663178e-04 2.514881e-02 3.031260e-04
-7.590668e-01 3.241272e-02 1.673672e-04 2.488317e-02 3.046368e-04
-7.570668e-01 3.157094e-02 1.684290e-04 2.461320e-02 3.061606e-04
-7.550668e-01 3.074801e-02 1.695032e-04 2.433948e-02 3.076974e-04
-7.530668e-01 2.994484e-02 1.705900e-04 2.406258e-02 3.092474e-04
-7.510668e-01 2.916211e-02 1.716894e-04 2.378304e-02 3.108106e-04
-7.490668e-01 2.840030e-02 1.728015e-04 2.350136e-02 3.123873e-04
-7.470668e-01 2.765975e-02 1.739266e-04 2.321805e-02 3.139774e-04
-7.450668e-01 2.694063e-02 1.750647e-04 2.293358e-02 3.155812e-04
-7.430668e-01 2.624299e-02 1.762159e-04 2.264838e-02 3.171987e-04
-7.410668e-01 2.556676e-02 1.773804e-04 2.236288e-02 3.188300e-04
-7.390668e-01 2.491174e-02 1.785584e-04 2.207747e-02 3.204753e-04
-7.370668e-01 2.427767e-02 1.797499e-04 2.179252e-02 3.221347e-04
-7.350668e-01 2.366419e-02 1.809550e-04 2.150838e-02 3.238082e-04
-7.330668e-01 2.307087e-02 1.821739e-04 2.122536e-02 3.254961e-04
-7.310668e-01 2.249725e-02 1.834066e-04 2.094377e-02 3.271983e-04
-7.290668e-01 2.194282e-02 1.846533e-04 2.066389e-02 3.289151e-04
-7.270668e-01 2.140705e-02 1.859140e-04 2.038595e-02 3.306465e-04
-7.250668e-01 2.088941e-02 1.871888e-04 2.011021e-02 3.323926e-04
-7.230668e-01 2.038936e-02 1.884780e-04 1.983687e-02 3.341537e-04
-7.210668e-01 1.990637e-02 1.897816e-04 1.956613e-02 3.359297e-04
-7.190668e-01 1.943994e-02 1.910998e-04 1.929815e-02 3.377208e-04
-7.170668e-01 1.898954e-02 1.924328e-04 1.903310e-02 3.395271e-04
-7.150668e-01 1.855467e-02 1.937808e-04 1.877111e-02 3.413488e-04
-7.130668e-01 1.813483e-02 1.951438e-04 1.851232e-02 3.431859e-04
-7.110668e-01 1.772951e-02 1.965220e-04 1.825682e-02 3.450386e-04
-7.090668e-01 1.733820e-02 1.979156e-04 1.800472e-02 3.469070e-04
-7.070668e-01 1.696038e-02 1.993245e-04 1.775610e-02 3.487912e-04
-7.050668e-01 1.659554e-02 2.007489e-04 1.751102e-02 3.506913e-04
-7.030668e-01 1.624316e-02 2.021888e-04 1.726955e-02 3.526075e-04
-7.010668e-01 1.590274e-02 2.036443e-04 1.703174e-02 3.545398e-04
-6.990668e-01 1.557380e-02 2.051154e-04 1.679761e-02 3.564885e-04
-6.970668e-01 1.525587e-02 2.066025e-04 1.656720e-02 3.584535e-04
-6.950668e-01 1.494851e-02 2.081055e-04 1.634053e-02 3.604350e-04
-6.930668e-01 1.465133e-02 2.096247e-04 1.611761e-02 3.624332e-04
-6.910668e-01 1.436394e-02 2.111605e-04 1.589844e-02 3.644482e-04
-6.890668e-01 1.408601e-02 2.127129e-04 1.568303e-02 3.664800e-04
-6.870668e-01 1.381719e-02 2.142822e-04 1.547135e-02 3.685289e-04
-6.850668e-01 1.355720e-02 2.158686e-04 1.526341e-02 3.705948e-04
-6.830668e-01 1.330573e-02 2.174721e-04 1.505918e-02 3.726781e-04
-6.810668e-01 1.306248e-02 2.190930e-04 1.485864e-02 3.747787e-04
-6.790668e-01 1.282716e-02 2.207311e-04 1.466175e-02 3.768968e-04
-6.770668e-01 1.259946e-02 2.223865e-04 1.446850e-02 3.790325e-04
-6.750668e-01 1.237908e-02 2.240591e-04 1.427884e-02 3.811860e-04
-6.730668e-01 1.216571e-02 2.257490e-04 1.409273e-02 3.833573e-04
-6.710668e-01 1.195904e-02 2.274562e-04 1.391014e-02 3.855467e-04
-6.690668e-01 1.175878e-02 2.291809e-04 1.373103e-02 3.877541e-04
-6.670668e-01 1.156465e-02 2.309233e-04 1.355534e-02 3.899798e-04
-6.650668e-01 1.137638e-02 2.326837e-04 1.338304e-02 3.922239e-04
-6.630668e-01 1.119373e-02 2.344624e-04 1.321406e-02 3.944864e-04
-6.610668e-01 1.101651e-02 2.362599e-04 1.304838e-02 3.967676e-04
-6.590668e-01 1.084452e-02 2.380763e-04 1.288593e-02 3.990675e-04
-6.570668e-01 1.067761e-02 2.399121e-04 1.272666e-02 4.013863e-04
-6.550668e-01 1.051563e-02 2.417674e-04 1.257053e-02 4.037240e-04
-6.530668e-01 1.035845e-02 2.436424e-04 1.241747e-02 4.060809e-04
-6.510668e-01 1.020596e-02 2.455368e-04 1.226744e-02 4.084571e-04
-6.490668e-01 1.005802e-02 2.474507e-04 1.212039e-02 4.108526e-04
-6.470668e-01 9.914488e-03 2.493839e-04 1.197626e-02 4.132676e-04
-6.450668e-01 9.775227e-03 2.513361e-04 1.183500e-02 4.157023e-04
-6.430668e-01 9.640073e-03 2.533073e-04 1.169655e-02 4.181567e-04
-6.410668e-01 9.508852e-03 2.552975e-04 1.156086e-02 4.206310e-04
-6.390668e-01 9.381386e-03 2.573068e-04 1.142788e-02 4.231254e-04
-6.370668e-01 9.257492e-03 2.593355e-04 1.129757e-02 4.256398e-04
-6.350668e-01 9.136996e-03 2.613840e-04 1.116985e-02 4.281746e-04
-6.330668e-01 9.019731e-03 2.634529e-04 1.104469e-02 4.307297e-04
-6.310668e-01 8.905553e-03 2.655428e-04 1.092204e-02 4.333054e-04
-6.290668e-01 8.794338e-03 2.676543e-04 1.080184e-02 4.359017e-04
-6.270668e-01 8.685987e-03 2.697879e-04 1.068405e-02 4.385189e-04
-6.250668e-01 8.580424e-03 2.719438e-04 1.056861e-02 4.411569e-04
-6.230668e-01 8.477596e-03 2.741223e-04 1.045547e-02 4.438160e-04
-6.210668e-01 8.377465e-03 2.763233e-04 1.034460e-02 4.464963e-04
-6.190668e-01 8.280000e-03 2.785464e-04 1.023594e-02 4.491978e-04
-6.170668e-01 8.185174e-03 2.807913e-04 1.012945e-02 4.519209e-04
-6.150668e-01 8.092951e-03 2.830574e-04 1.002508e-02 4.546654e-04
-6.130668e-01 8.003285e-03 2.853443e-04 9.922786e-03 4.574317e-04
-6.110668e-01 7.916111e-03 2.876518e-04 9.822526e-03 4.602198e-04
-6.090668e-01 7.831349e-03 2.899795e-04 9.724257e-03 4.630299e-04
-6.070668e-01 7.748897e-03 2.923278e-04 9.627937e-03 4.658621e-04
-6.050668e-01 7.668640e-03 2.946970e-04 9.533524e-03 4.687164e-04
-6.030668e-01 7.590454e-03 2.970879e-04 9.440978e-03 4.715932e-04
-6.010668e-01 7.514212e-03 2.995013e-04 9.350258e-03 4.744924e-04
-5.990668e-01 7.439791e-03 3.019383e-04 9.261327e-03 4.774142e-04
-5.970668e-01 7.367083e-03 3.043999e-04 9.174146e-03 4.803587e-04
-5.950668e-01 7.295996e-03 3.068868e-04 9.088678e-03 4.833262e-04
-5.930668e-01 7.226462e-03 3.093999e-04 9.004886e-03 4.863166e-04
-5.910668e-01 7.158439e-03 3.119392e-04 8.922734e-03 4.893302e-04
-5.890668e-01 7.091909e-03 3.145047e-04 8.842187e-03 4.923670e-04
-5.870668e-01 7.026874e-03 3.170958e-04 8.763211e-03 4.954272e-04
-5.850668e-01 6.963351e-03 3.197118e-04 8.685773e-03 4.985109e-04
-5.830668e-01 6.901366e-03 3.223517e-04 8.609840e-03 5.016183e-04
-5.810668e-01 6.840944e-03 3.250145e-04 8.535379e-03 5.047495e-04
-5.790668e-01 6.782103e-03 3.276992e-04 8.462359e-03 5.079045e-04
-5.770668e-01 6.724846e-03 3.304051e-04 8.390751e-03 5.110836e-04
-5.750668e-01 6.669155e-03 3.331321e-04 8.320523e-03 5.142869e-04
-5.730668e-01 6.614991e-03 3.358804e-04 8.251646e-03 5.175145e-04
-5.710668e-01 6.562290e-03 3.386506e-04 8.184092e-03 5.207665e-04
-5.690668e-01 6.510970e-03 3.414442e-04 8.117833e-03 5.240431e-04
-5.670668e-01 6.460931e-03 3.442624e-04 8.052842e-03 5.273443e-04
-5.650668e-01 6.412065e-03 3.471072e-04 7.989091e-03 5.306704e-04
-5.630668e-01 6.364266e-03 3.499802e-04 7.926555e-03 5.340214e-04
-5.610668e-01 6.317431e-03 3.528828e-04 7.865208e-03 5.373974e-04
-5.590668e-01 6.271476e-03 3.558161e-04 7.805025e-03 5.407987e-04
-5.570668e-01 6.226336e-03 3.587806e-04 7.745982e-03 5.442253e-04
-5.550668e-01 6.181974e-03 3.617761e-04 7.688056e-03 5.476774e-04
-5.530668e-01 6.138378e-03 3.648017e-04 7.631222e-03 5.511550e-04
-5.510668e-01 6.095564e-03 3.678561e-04 7.575459e-03 5.546584e-04
-5.490668e-01 6.053567e-03 3.709375e-04 7.520744e-03 5.581875e-04
-5.470668e-01 6.012442e-03 3.740439e-04 7.467055e-03 5.617427e-04
-5.450668e-01 5.972247e-03 3.771734e-04 7.414373e-03 5.653239e-04
-5.430668e-01 5.933042e-03 3.803245e-04 7.362675e-03 5.689314e-04
-5.410668e-01 5.894878e-03 3.834962e-04 7.311942e-03 5.725651e-04
-5.390668e-01 5.857788e-03 3.866882e-04 7.262154e-03 5.762254e-04
-5.370668e-01 5.821782e-03 3.899012e-04 7.213293e-03 5.799122e-04
-5.350668e-01 5.786844e-03 3.931365e-04 7.165338e-03 5.836258e-04
-5.330668e-01 5.752932e-03 3.963964e-04 7.118273e-03 5.873662e-04
-5.310668e-01 5.719978e-03 3.996834e-04 7.072078e-03 5.911335e-04
-5.290668e-01 5.687892e-03 4.030004e-04 7.026738e-03 5.949280e-04
-5.270668e-01 5.656573e-03 4.063504e-04 6.982233e-03 5.987497e-04
-5.250668e-01 5.625910e-03 4.097356e-04 6.938549e-03 6.025987e-04
-5.230668e-01 5.595800e-03 4.131576e-04 6.895667e-03 6.064751e-04
-5.210668e-01 5.566149e-03 4.166174e-04 6.853574e-03 6.103792e-04
-5.190668e-01 5.536882e-03 4.201144e-04 6.812252e-03 6.143109e-04
-5.170668e-01 5.507952e-03 4.236474e-04 6.771687e-03 6.182705e-04
-5.150668e-01 5.479341e-03 4.272141e-04 6.731864e-03 6.222581e-04
-5.130668e-01 5.451061e-03 4.308113e-04 6.692769e-03 6.262737e-04
-5.110668e-01 5.423152e-03 4.344356e-04 6.654387e-03 6.303175e-04
-5.090668e-01 5.395677e-03 4.380837e-04 6.616704e-03 6.343896e-04
-5.070668e-01 5.368715e-03 4.417525e-04 6.579709e-03 6.384901e-04
-5.050668e-01 5.342354e-03 4.454397e-04 6.543386e-03 6.426192e-04
-5.030668e-01 5.316679e-03 4.491444e-04 6.507723e-03 6.467769e-04
-5.010668e-01 5.291762e-03 4.528666e-04 6.472708e-03 6.509635e-04
-4.990668e-01 5.267659e-03 4.566080e-04 6.438328e-03 6.551790e-04
-4.970668e-01 5.244397e-03 4.603714e-04 6.404572e-03 6.594235e-04
-4.950668e-01 5.221977e-03 4.641606e-04 6.371428e-03 6.636971e-04
-4.930668e-01 5.200365e-03 4.679801e-04 6.338883e-03 6.680001e-04
-4.910668e-01 5.179501e-03 4.718347e-04 6.306927e-03 6.723324e-04
-4.890668e-01 5.159295e-03 4.757288e-04 6.275549e-03 6.766942e-04
-4.870668e-01 5.139643e-03 4.796661e-04 6.244738e-03 6.810857e-04
-4.850668e-01 5.120428e-03 4.836490e-04 6.214484e-03 6.855069e-04
-4.830668e-01 5.101532e-03 4.876785e-04 6.184775e-03 6.899580e-04
-4.810668e-01 5.082847e-03 4.917538e-04 6.155603e-03 6.944391e-04
-4.790668e-01 5.064282e-03 4.958725e-04 6.126957e-03 6.989503e-04
-4.770668e-01 5.045773e-03 5.000307e-04 6.098828e-03 7.034916e-04
-4.750668e-01 5.027286e-03 5.042234e-04 6.071206e-03 7.080633e-04
-4.730668e-01 5.008823e-03 5.084449e-04 6.044082e-03 7.126655e-04
-4.710668e-01 4.990418e-03 5.126894e-04 6.017447e-03 7.172982e-04
-4.690668e-01 4.972135e-03 5.169518e-04 5.991294e-03 7.219615e-04
-4.670668e-01 4.954064e-03 5.212280e-04 5.965612e-03 7.266557e-04
-4.650668e-01 4.936308e-03 5.255155e-04 5.940394e-03 7.313808e-04
-4.630668e-01 4.918980e-03 5.298138e-04 5.915631e-03 7.361368e-04
-4.610668e-01 4.902185e-03 5.341246e-04 5.891316e-03 7.409241e-04
-4.590668e-01 4.886016e-03 5.384516e-04 5.867442e-03 7.457425e-04
-4.570668e-01 4.870544e-03 5.428002e-04 5.843999e-03 7.505924e-04
-4.550668e-01 4.855810e-03 5.471773e-04 5.820981e-03 7.554737e-04
-4.530668e-01 4.841822e-03 5.515902e-04 5.798380e-03 7.603867e-04
-4.510668e-01 4.828550e-03 5.560464e-04 5.776190e-03 7.653314e-04
-4.490668e-01 4.815933e-03 5.605525e-04 5.754403e-03 7.703079e-04
-4.470668e-01 4.803879e-03 5.651137e-04 5.733011e-03 7.753164e-04
-4.450668e-01 4.792272e-03 5.697331e-04 5.712009e-03 7.803570e-04
-4.430668e-01 4.780984e-03 5.744116e-04 5.691390e-03 7.854297e-04
-4.410668e-01 4.769879e-03 5.791473e-04 5.671146e-03 7.905348e-04
-4.390668e-01 4.758830e-03 5.839358e-04 5.651273e-03 7.956722e-04
-4.370668e-01 4.747727e-03 5.887706e-04 5.631762e-03 8.008422e-04
-4.350668e-01 4.736483e-03 5.936436e-04 5.612609e-03 8.060448e-04
-4.330668e-01 4.725048e-03 5.985457e-04 5.593807e-03 8.112801e-04
-4.310668e-01 4.713407e-03 6.034676e-04 5.575351e-03 8.165483e-04
-4.290668e-01 4.701582e-03 6.084012e-04 5.557235e-03 8.218495e-04
-4.270668e-01 4.689636e-03 6.133396e-04 5.539454e-03 8.271838e-04
-4.250668e-01 4.677662e-03 6.182786e-04 5.522002e-03 8.325512e-04
-4.230668e-01 4.665774e-03 6.232169e-04 5.504873e-03 8.379520e-04
-4.210668e-01 4.654105e-03 6.281563e-04 5.488064e-03 8.433862e-04
-4.190668e-01 4.642790e-03 6.331018e-04 5.471569e-03 8.488540e-04
-4.170668e-01 4.631955e-03 6.380611e-04 5.455382e-03 8.543555e-04
-4.150668e-01 4.621709e-03 6.430442e-04 5.439500e-03 8.598908e-04
-4.130668e-01 4.612136e-03 6.480624e-04 5.423917e-03 8.654601e-04
-4.110668e-01 4.603283e-03 6.531273e-04 5.408630e-03 8.710634e-04
-4.090668e-01 4.595160e-03 6.582498e-04 5.393632e-03 8.767008e-04
-4.070668e-01 4.587738e-03 6.634391e-04 5.378920e-03 8.823726e-04
-4.050668e-01 4.580949e-03 6.687018e-04 5.364489e-03 8.880788e-04
-4.030668e-01 4.574689e-03 6.740411e-04 5.350334e-03 8.938196e-04
-4.010668e-01 4.568830e-03 6.794567e-04 5.336452e-03 8.995949e-04
-3.990668e-01 4.563225e-03 6.849442e-04 5.322838e-03 9.054051e-04
-3.970668e-01 4.557718e-03 6.904959e-04 5.309488e-03 9.112501e-04
-3.950668e-01 4.552160e-03 6.961007e-04 5.296398e-03 9.171302e-04
-3.930668e-01 4.546417e-03 7.017459e-04 5.283564e-03 9.230453e-04
-3.910668e-01 4.540381e-03 7.074171e-04 5.270981e-03 9.289957e-04
-3.890668e-01 4.533981e-03 7.131006e-04 5.258647e-03 9.349814e-04
-3.870668e-01 4.527184e-03 7.187836e-04 5.246558e-03 9.410026e-04
-3.850668e-01 4.520003e-03 7.244561e-04 5.234710e-03 9.470593e-04
-3.830668e-01 4.512491e-03 7.301119e-04 5.223099e-03 9.531518e-04
-3.810668e-01 4.504744e-03 7.357486e-04 5.211723e-03 9.592801e-04
-3.790668e-01 4.496887e-03 7.413689e-04 5.200579e-03 9.654444e-04
-3.770668e-01 4.489068e-03 7.469797e-04 5.189663e-03 9.716449e-04
-3.750668e-01 4.481446e-03 7.525925e-04 5.178972e-03 9.778816e-04
-3.730668e-01 4.474179e-03 7.582218e-04 5.168503e-03 9.841547e-04
-3.710668e-01 4.467414e-03 7.638842e-04 5.158254e-03 9.904643e-04
-3.690668e-01 4.461273e-03 7.695974e-04 5.148222e-03 9.968107e-04
-3.670668e-01 4.455846e-03 7.753781e-04 5.138403e-03 1.003194e-03
-3.650668e-01 4.451183e-03 7.812411e-04 5.128796e-03 1.009614e-03
-3.630668e-01 4.447291e-03 7.871978e-04 5.119396e-03 1.016071e-03
-3.610668e-01 4.444132e-03 7.932552e-04 5.110202e-03 1.022566e-03
-3.590668e-01 4.441625e-03 7.994148e-04 5.101210e-03 1.029098e-03
-3.570668e-01 4.439651e-03 8.056732e-04 5.092418e-03 1.035667e-03
-3.550668e-01 4.438061e-03 8.120212e-04 5.083822e-03 1.042274e-03
-3.530668e-01 4.436687e-03 8.184450e-04 5.075421e-03 1.048919e-03
-3.510668e-01 4.435349e-03 8.249269e-04 5.067212e-03 1.055602e-03
-3.490668e-01 4.433873e-03 8.314467e-04 5.059192e-03 1.062322e-03
-3.470668e-01 4.432101e-03 8.379832e-04 5.051358e-03 1.069081e-03
-3.450668e-01 4.429901e-03 8.445162e-04 5.043709e-03 1.075878e-03
-3.430668e-01 4.427182e-03 8.510277e-04 5.036242e-03 1.082714e-03
-3.410668e-01 4.423894e-03 8.575037e-04 5.028955e-03 1.089588e-03
-3.390668e-01 4.420039e-03 8.639360e-04 5.021846e-03 1.096501e-03
-3.370668e-01 4.415665e-03 8.703220e-04 5.014913e-03 1.103452e-03
-3.350668e-01 4.410867e-03 8.766664e-04 5.008155e-03 1.110443e-03
-3.330668e-01 4.405782e-03 8.829799e-04 5.001569e-03 1.117473e-03
-3.310668e-01 4.400572e-03 8.892793e-04 4.995154e-03 1.124542e-03
-3.290668e-01 4.395420e-03 8.955859e-04 4.988909e-03 1.131651e-03
-3.270668e-01 4.390516e-03 9.019242e-04 4.982832e-03 1.138800e-03
-3.250668e-01 4.386039e-03 9.083198e-04 4.976921e-03 1.145989e-03
-3.230668e-01 4.382151e-03 9.147975e-04 4.971176e-03 1.153218e-03
-3.210668e-01 4.378983e-03 9.213796e-04 4.965595e-03 1.160487e-03
-3.190668e-01 4.376627e-03 9.280837e-04 4.960176e-03 1.167797e-03
-3.170668e-01 4.375127e-03 9.349214e-04 4.954918e-03 1.175147e-03
-3.150668e-01 4.374481e-03 9.418975e-04 4.949819e-03 1.182539e-03
-3.130668e-01 4.374634e-03 9.490091e-04 4.944878e-03 1.189971e-03
-3.110668e-01 4.375486e-03 9.562457e-04 4.940094e-03 1.197444e-03
-3.090668e-01 4.376897e-03 9.635899e-04 4.935464e-03 1.204959e-03
-3.070668e-01 4.378691e-03 9.710182e-04 4.930987e-03 1.212515e-03
-3.050668e-01 4.380673e-03 9.785028e-04 4.926662e-03 1.220113e-03
-3.030668e-01 4.382637e-03 9.860135e-04 4.922487e-03 1.227753e-03
-3.010668e-01 4.384382e-03 9.935199e-04 4.918461e-03 1.235434e-03
-2.990668e-01 4.385725e-03 1.000994e-03 4.914582e-03 1.243158e-03
-2.970668e-01 4.386512e-03 1.008411e-03 4.910850e-03 1.250924e-03
-2.950668e-01 4.386630e-03 1.015754e-03 4.907264e-03 1.258733e-03
-2.930668e-01 4.386017e-03 1.023014e-03 4.903821e-03 1.266584e-03
-2.910668e-01 4.384664e-03 1.030190e-03 4.900523e-03 1.274478e-03
-2.890668e-01 4.382617e-03 1.037289e-03 4.897368e-03 1.282416e-03
-2.870668e-01 4.379976e-03 1.044331e-03 4.894355e-03 1.290397e-03
-2.850668e-01 4.376887e-03 1.051340e-03 4.891485e-03 1.298421e-03
-2.830668e-01 4.373530e-03 1.058346e-03 4.888757e-03 1.306490e-03
-2.810668e-01 4.370114e-03 1.065387e-03 4.886171e-03 1.314603e-03
-2.790668e-01 4.366856e-03 1.072497e-03 4.883726e-03 1.322760e-03
-2.770668e-01 4.363972e-03 1.079712e-03 4.881423e-03 1.330962e-03
-2.750668e-01 4.361663e-03 1.087065e-03 4.879262e-03 1.339209e-03
-2.730668e-01 4.360100e-03 1.094580e-03 4.877241e-03 1.347502e-03
-2.710668e-01 4.359415e-03 1.102275e-03 4.875362e-03 1.355840e-03
-2.690668e-01 4.359694e-03 1.110157e-03 4.873624e-03 1.364223e-03
-2.670668e-01 4.360970e-03 1.118225e-03 4.872026e-03 1.372653e-03
-2.650668e-01 4.363220e-03 1.126466e-03 4.870569e-03 1.381129e-03
-2.630668e-01 4.366368e-03 1.134857e-03 4.869252e-03 1.389652e-03
-2.610668e-01 4.370287e-03 1.143368e-03 4.868074e-03 1.398221e-03
-2.590668e-01 4.374807e-03 1.151960e-03 4.867034e-03 1.406837e-03
-2.570668e-01 4.379724e-03 1.160593e-03 4.866134e-03 1.415500e-03
-2.550668e-01 4.384810e-03 1.169223e-03 4.865371e-03 1.424210e-03
-2.530668e-01 4.389831e-03 1.177808e-03 4.864746e-03 1.432968e-03
-2.510668e-01 4.394557e-03 1.186312e-03 4.864258e-03 1.441774e-03
-2.490668e-01 4.398779e-03 1.194705e-03 4.863908e-03 1.450628e-03
-2.470668e-01 4.402323e-03 1.202967e-03 4.863694e-03 1.459531e-03
-2.450668e-01 4.405059e-03 1.211090e-03 4.863618e-03 1.468482e-03
-2.430668e-01 4.406912e-03 1.219079e-03 4.863680e-03 1.477483e-03
-2.410668e-01 4.407869e-03 1.226950e-03 4.863879e-03 1.486533e-03
-2.390668e-01 4.407977e-03 1.234731e-03 4.864217e-03 1.495633e-03
-2.370668e-01 4.407344e-03 1.242461e-03 4.864695e-03 1.504783e-03
-2.350668e-01 4.406128e-03 1.250185e-03 4.865313e-03 1.513984e-03
-2.330668e-01 4.404533e-03 1.257953e-03 4.866072e-03 1.523237e-03
-2.310668e-01 4.402794e-03 1.265816e-03 4.866974e-03 1.532541e-03
-2.290668e-01 4.401159e-03 1.273822e-03 4.868019e-03 1.541897e-03
-2.270668e-01 4.399883e-03 1.282015e-03 4.869210e-03 1.551306e-03
-2.250668e-01 4.399205e-03 1.290427e-03 4.870547e-03 1.560768e-03
-2.230668e-01 4.399337e-03 1.299085e-03 4.872031e-03 1.570283e-03
-2.210668e-01 4.400456e-03 1.307997e-03 4.873664e-03 1.579852e-03
-2.190668e-01 4.402687e-03 1.317162e-03 4.875446e-03 1.589475e-03
-2.170668e-01 4.406102e-03 1.326562e-03 4.877378e-03 1.599153e-03
-2.150668e-01 4.410714e-03 1.336170e-03 4.879462e-03 1.608886e-03
-2.130668e-01 4.416475e-03 1.345942e-03 4.881698e-03 1.618674e-03
-2.110668e-01 4.423277e-03 1.355830e-03 4.884086e-03 1.628517e-03
-2.090668e-01 4.430962e-03 1.365777e-03 4.886628e-03 1.638417e-03
-2.070668e-01 4.439324e-03 1.375722e-03 4.889322e-03 1.648373e-03
-2.050668e-01 4.448125e-03 1.385609e-03 4.892171e-03 1.658386e-03
-2.030668e-01 4.457103e-03 1.395384e-03 4.895174e-03 1.668456e-03
-2.010668e-01 4.465991e-03 1.405002e-03 4.898332e-03 1.678584e-03
-1.990668e-01 4.474530e-03 1.414430e-03 4.901646e-03 1.688770e-03
-1.970668e-01 4.482486e-03 1.423652e-03 4.905116e-03 1.699016e-03
-1.950668e-01 4.489662e-03 1.432664e-03 4.908743e-03 1.709321e-03
-1.930668e-01 4.495914e-03 1.441482e-03 4.912528e-03 1.719686e-03
-1.910668e-01 4.501159e-03 1.450137e-03 4.916473e-03 1.730112e-03
-1.890668e-01 4.505380e-03 1.458674e-03 4.920578e-03 1.740600e-03
-1.870668e-01 4.508631e-03 1.467149e-03 4.924846e-03 1.751150e-03
-1.850668e-01 4.511030e-03 1.475628e-03 4.929279e-03 1.761763e-03
-1.830668e-01 4.512756e-03 1.484180e-03 4.933877e-03 1.772441e-03
-1.810668e-01 4.514039e-03 1.492873e-03 4.938644e-03 1.783183e-03
-1.790668e-01 4.515145e-03 1.501772e-03 4.943582e-03 1.793991e-03
-1.770668e-01 4.516360e-03 1.510933e-03 4.948693e-03 1.804866e-03
-1.750668e-01 4.517978e-03 1.520400e-03 4.953978e-03 1.815808e-03
-1.730668e-01 4.520284e-03 1.530203e-03 4.959441e-03 1.826817e-03
-1.710668e-01 4.523535e-03 1.540354e-03 4.965083e-03 1.837896e-03
-1.690668e-01 4.527954e-03 1.550848e-03 4.970907e-03 1.849044e-03
-1.670668e-01 4.533713e-03 1.561662e-03 4.976913e-03 1.860263e-03
-1.650668e-01 4.540925e-03 1.572757e-03 4.983104e-03 1.871552e-03
-1.630668e-01 4.549642e-03 1.584078e-03 4.989480e-03 1.882913e-03
-1.610668e-01 4.559849e-03 1.595559e-03 4.996043e-03 1.894347e-03
-1.590668e-01 4.571465e-03 1.607123e-03 5.002794e-03 1.905854e-03
-1.570668e-01 4.584345e-03 1.618692e-03 5.009734e-03 1.917435e-03
-1.550668e-01 4.598290e-03 1.630188e-03 5.016863e-03 1.929091e-03
-1.530668e-01 4.613053e-03 1.641536e-03 5.024181e-03 1.940823e-03
-1.510668e-01 4.628352e-03 1.652675e-03 5.031688e-03 1.952631e-03
-1.490668e-01 4.643885e-03 1.663556e-03 5.039386e-03 1.964518e-03
-1.470668e-01 4.659342e-03 1.674150e-03 5.047274e-03 1.976483e-03
-1.450668e-01 4.674430e-03 1.684447e-03 5.055352e-03 1.988528e-03
-1.430668e-01 4.688880e-03 1.694460e-03 5.063621e-03 2.000655e-03
-1.410668e-01 4.702470e-03 1.704223e-03 5.072081e-03 2.012864e-03
-1.390668e-01 4.715038e-03 1.713788e-03 5.080733e-03 2.025157e-03
-1.370668e-01 4.726487e-03 1.723227e-03 5.089578e-03 2.037536e-03
-1.350668e-01 4.736800e-03 1.732621e-03 5.098617e-03 2.050001e-03
-1.330668e-01 4.746034e-03 1.742062e-03 5.107850e-03 2.062555e-03
-1.310668e-01 4.754326e-03 1.751643e-03 5.117280e-03 2.075199e-03
-1.290668e-01 4.761878e-03 1.761455e-03 5.126907e-03 2.087935e-03
-1.270668e-01 4.768953e-03 1.771580e-03 5.136733e-03 2.100764e-03
-1.250668e-01 4.775856e-03 1.782089e-03 5.146760e-03 2.113687e-03
-1.230668e-01 4.782922e-03 1.793036e-03 5.156989e-03 2.126707e-03
-1.210668e-01 4.790494e-03 1.804455e-03 5.167420e-03 2.139825e-03
-1.190668e-01 4.798911e-03 1.816360e-03 5.178056e-03 2.153042e-03
-1.170668e-01 4.808485e-03 1.828740e-03 5.188898e-03 2.166359e-03
-1.150668e-01 4.819493e-03 1.841564e-03 5.199945e-03 2.179779e-03
-1.130668e-01 4.832159e-03 1.854778e-03 5.211198e-03 2.193302e-03
-1.110668e-01 4.846644e-03 1.868311e-03 5.222658e-03 2.206931e-03
-1.090668e-01 4.863042e-03 1.882075e-03 5.234322e-03 2.220666e-03
-1.070668e-01 4.881370e-03 1.895973e-03 5.246191e-03 2.234509e-03
-1.050668e-01 4.901571e-03 1.909901e-03 5.258263e-03 2.248461e-03
-1.030668e-01 4.923513e-03 1.923756e-03 5.270537e-03 2.262525e-03
-1.010668e-01 4.946993e-03 1.937443e-03 5.283009e-03 2.276702e-03
-9.906681e-02 4.971749e-03 1.950877e-03 5.295678e-03 2.290993e-03
-9.706681e-02 4.997465e-03 1.963992e-03 5.308541e-03 2.305401e-03
-9.506681e-02 5.023789e-03 1.976745e-03 5.321594e-03 2.319927e-03
-9.306681e-02 5.050348e-03 1.989118e-03 5.334836e-03 2.334574e-03
-9.106681e-02 5.076766e-03 2.001121e-03 5.348261e-03 2.349344e-03
-8.906681e-02 5.102684e-03 2.012792e-03 5.361867e-03 2.364239e-03
-8.706681e-02 5.127778e-03 2.024193e-03 5.375652e-03 2.379262e-03
-8.506681e-02 5.151777e-03 2.035413e-03 5.389610e-03 2.394414e-03
-8.306681e-02 5.174483e-03 2.046554e-03 5.403741e-03 2.409699e-03
-8.106681e-02 5.195776e-03 2.057734e-03 5.418040e-03 2.425120e-03
-7.906681e-02 5.215631e-03 2.069077e-03 5.432505e-03 2.440678e-03
-7.706681e-02 5.234113e-03 2.080707e-03 5.447133e-03 2.456377e-03
-7.506681e-02 5.251379e-03 2.092739e-03 5.461922e-03 2.472219e-03
-7.306681e-02 5.267670e-03 2.105280e-03 5.476869e-03 2.488207e-03
-7.106681e-02 5.283295e-03 2.118415e-03 5.491973e-03 2.504343e-03
-6.906681e-02 5.298622e-03 2.132210e-03 5.507230e-03 2.520630e-03
-6.706681e-02 5.314049e-03 2.146704e-03 5.522637e-03 2.537071e-03
-6.506681e-02 5.329993e-03 2.161910e-03 5.538193e-03 2.553667e-03
-6.306681e-02 5.346864e-03 2.177811e-03 5.553895e-03 2.570422e-03
-6.106681e-02 5.365047e-03 2.194365e-03 5.569738e-03 2.587337e-03
-5.906681e-02 5.384881e-03 2.211500e-03 5.585718e-03 2.604415e-03
-5.706681e-02 5.406647e-03 2.229124e-03 5.601833e-03 2.621658e-03
-5.506681e-02 5.430554e-03 2.247126e-03 5.618077e-03 2.639068e-03
-5.306681e-02 5.456724e-03 2.265379e-03 5.634444e-03 2.656648e-03
-5.106681e-02 5.485192e-03 2.283750e-03 5.650929e-03 2.674398e-03
-4.906681e-02 5.515900e-03 2.302107e-03 5.667524e-03 2.692323e-03
-4.706681e-02 5.548693e-03 2.320324e-03 5.684224e-03 2.710425e-03
-4.506681e-02 5.583332e-03 2.338289e-03 5.701021e-03 2.728704e-03
-4.306681e-02 5.619492e-03 2.355913e-03 5.717906e-03 2.747166e-03
-4.106681e-02 5.656780e-03 2.373133e-03 5.734872e-03 2.765811e-03
-3.906681e-02 5.694747e-03 2.389920e-03 5.751909e-03 2.784643e-03
-3.706681e-02 5.732909e-03 2.406276e-03 5.769010e-03 2.803664e-03
-3.506681e-02 5.770765e-03 2.422243e-03 5.786166e-03 2.822879e-03
-3.306681e-02 5.807823e-03 2.437894e-03 5.803367e-03 2.842289e-03
-3.106681e-02 5.843622e-03 2.453335e-03 5.820606e-03 2.861898e-03
-2.906681e-02 5.877758e-03 2.468695e-03 5.837875e-03 2.881710e-03
-2.706681e-02 5.909907e-03 2.484126e-03 5.855165e-03 2.901727e-03
-2.506681e-02 5.939840e-03 2.499789e-03 5.872470e-03 2.921952e-03
-2.306681e-02 5.967440e-03 2.515849e-03 5.889781e-03 2.942390e-03
-2.106681e-02 5.992709e-03 2.532469e-03 5.907093e-03 2.963044e-03
-1.906681e-02 6.015768e-03 2.549799e-03 5.924399e-03 2.983915e-03
-1.706681e-02 6.036853e-03 2.567970e-03 5.941693e-03 3.005008e-03
-1.506681e-02 6.056304e-03 2.587089e-03 5.958970e-03 3.026324e-03
-1.306681e-02 6.074543e-03 2.607235e-03 5.976224e-03 3.047868e-03
-1.106681e-02 6.092056e-03 2.628451e-03 5.993451e-03 3.069640e-03
-9.066811e-03 6.109365e-03 2.650749e-03 6.010644e-03 3.091644e-03
-7.066811e-03 6.127004e-03 2.674100e-03 6.027800e-03 3.113880e-03
-5.066811e-03 6.145492e-03 2.698444e-03 6.044913e-03 3.136353e-03
-3.066811e-03 6.165308e-03 2.723685e-03 6.061977e-03 3.159062e-03
-1.066811e-03 6.186869e-03 2.749696e-03 6.078987e-03 3.182009e-03
9.331895e-04 6.210508e-03 2.776327e-03 6.095936e-03 3.205197e-03
2.933189e-03 6.236464e-03 2.803410e-03 6.112818e-03 3.228626e-03
4.933189e-03 6.264866e-03 2.830762e-03 6.129626e-03 3.252299e-03
6.933189e-03 6.295726e-03 2.858202e-03 6.146352e-03 3.276215e-03
8.933189e-03 6.328937e-03 2.885553e-03 6.162988e-03 3.300377e-03
1.093319e-02 6.364275e-03 2.912658e-03 6.179526e-03 3.324786e-03
1.293319e-02 6.401404e-03 2.939381e-03 6.195957e-03 3.349444e-03
1.493319e-02 6.439890e-03 2.965626e-03 6.212271e-03 3.374352e-03
1.693319e-02 6.479210e-03 2.991333e-03 6.228460e-03 3.399511e-03
1.893319e-02 6.518778e-03 3.016489e-03 6.244515e-03 3.424925e-03
2.093319e-02 6.557969e-03 3.041131e-03 6.260426e-03 3.450594e-03
2.293319e-02 6.596141e-03 3.065340e-03 6.276185e-03 3.476520e-03
2.493319e-02 6.632672e-03 3.089242e-03 6.291783e-03 3.502706e-03
2.693319e-02 6.666985e-03 3.113000e-03 6.307212e-03 3.529154e-03
2.893319e-02 6.698582e-03 3.136811e-03 6.322465e-03 3.555865e-03
3.093319e-02 6.727066e-03 3.160888e-03 6.337535e-03 3.582842e-03
3.293319e-02 6.752171e-03 3.185457e-03 6.352417e-03 3.610086e-03
3.493319e-02 6.773770e-03 3.210746e-03 6.367106e-03 3.637600e-03
3.693319e-02 6.791889e-03 3.236969e-03 6.381598e-03 3.665383e-03
3.893319e-02 6.806704e-03 3.264322e-03 6.395888e-03 3.693438e-03
4.093319e-02 6.818534e-03 3.292972e-03 6.409976e-03 3.721766e-03
4.293319e-02 6.827826e-03 3.323049e-03 6.423859e-03 3.750367e-03
4.493319e-02 6.835128e-03 3.354641e-03 6.437535e-03 3.779241e-03
4.693319e-02 6.841067e-03 3.387788e-03 6.451005e-03 3.808388e-03
4.893319e-02 6.846311e-03 3.422482e-03 6.464267e-03 3.837808e-03
5.093319e-02 6.851543e-03 3.458664e-03 6.477322e-03 3.867500e-03
5.293319e-02 6.857428e-03 3.496225e-03 6.490169e-03 3.897464e-03
5.493319e-02 6.864581e-03 3.535009e-03 6.502807e-03 3.927696e-03
5.693319e-02 6.873544e-03 3.574819e-03 6.515237e-03 3.958197e-03
5.893319e-02 6.884759e-03 3.615422e-03 6.527458e-03 3.988965e-03
6.093319e-02 6.898555e-03 3.656558e-03 6.539467e-03 4.019997e-03
6.293319e-02 6.915131e-03 3.697954e-03 6.551264e-03 4.051291e-03
6.493319e-02 6.934551e-03 3.739332e-03 6.562845e-03 4.082846e-03
6.693319e-02 6.956736e-03 3.780422e-03 6.574208e-03 4.114660e-03
6.893319e-02 6.981468e-03 3.820982e-03 6.585349e-03 4.146731e-03
7.093319e-02 7.008397e-03 3.860803e-03 6.596264e-03 4.179058e-03
7.293319e-02 7.037051e-03 3.899728e-03 6.606948e-03 4.211638e-03
7.493319e-02 7.066854e-03 3.937658e-03 6.617398e-03 4.244471e-03
7.693319e-02 7.097147e-03 3.974563e-03 6.627608e-03 4.277556e-03
7.893319e-02 7.127214e-03 4.010479e-03 6.637574e-03 4.310892e-03
8.093319e-02 7.156313e-03 4.045515e-03 6.647290e-03 4.344477e-03
8.293319e-02 7.183710e-03 4.079847e-03 6.656754e-03 4.378312e-03
8.493319e-02 7.208712e-03 4.113705e-03 6.665962e-03 4.412396e-03
8.693319e-02 7.230703e-03 4.147369e-03 6.674910e-03 4.446729e-03
8.893319e-02 7.249175e-03 4.181152e-03 6.683597e-03 4.481309e-03
9.093319e-02 7.263757e-03 4.215387e-03 6.692021e-03 4.516137e-03
9.293319e-02 7.274232e-03 4.250406e-03 6.700182e-03 4.551211e-03
9.493319e-02 7.280557e-03 4.286533e-03 6.708081e-03 4.586531e-03
9.693319e-02 7.282860e-03 4.324062e-03 6.715721e-03 4.622095e-03
9.893319e-02 7.281436e-03 4.363247e-03 6.723102e-03 4.657901e-03
1.009332e-01 7.276735e-03 4.404292e-03 6.730230e-03 4.693947e-03
1.029332e-01 7.269336e-03 4.447338e-03 6.737107e-03 4.730231e-03
1.049332e-01 7.259920e-03 4.492457e-03 6.743740e-03 4.766749e-03
1.069332e-01 7.249237e-03 4.539650e-03 6.750134e-03 4.803499e-03
1.089332e-01 7.238071e-03 4.588840e-03 6.756294e-03 4.840475e-03
1.109332e-01 7.227205e-03 4.639877e-03 6.762225e-03 4.877674e-03
1.129332e-01 7.217389e-03 4.692538e-03 6.767934e-03 4.915092e-03
1.149332e-01 7.209307e-03 4.746538e-03 6.773425e-03 4.952722e-03
1.169332e-01 7.203555e-03 4.801531e-03 6.778704e-03 4.990561e-03
1.189332e-01 7.200616e-03 4.857130e-03 6.783774e-03 5.028602e-03
1.209332e-01 7.200845e-03 4.912918e-03 6.788639e-03 5.066840e-03
1.229332e-01 7.204458e-03 4.968468e-03 6.793302e-03 5.105271e-03
1.249332e-01 7.211519e-03 5.023358e-03 6.797763e-03 5.143890e-03
1.269332e-01 7.221945e-03 5.077198e-03 6.802025e-03 5.182690e-03
1.289332e-01 7.235504e-03 5.129643e-03 6.806086e-03 5.221669e-03
1.309332e-01 7.251821e-03 5.180420e-03 6.809947e-03 5.260822e-03
1.329332e-01 7.270394e-03 5.229337e-03 6.813605e-03 5.300145e-03
1.349332e-01 7.290605e-03 5.276302e-03 6.817059e-03 5.339635e-03
1.369332e-01 7.311748e-03 5.321325e-03 6.820306e-03 5.379290e-03
1.389332e-01 7.333049e-03 5.364522e-03 6.823343e-03 5.419107e-03
1.409332e-01 7.353701e-03 5.406116e-03 6.826168e-03 5.459084e-03
1.429332e-01 7.372897e-03 5.446417e-03 6.828779e-03 5.499220e-03
1.449332e-01 7.389865e-03 5.485819e-03 6.831173e-03 5.539513e-03
1.469332e-01 7.403904e-03 5.524771e-03 6.833350e-03 5.579961e-03
1.489332e-01 7.414418e-03 5.563764e-03 6.835308e-03 5.620564e-03
1.509332e-01 7.420949e-03 5.603302e-03 6.837048e-03 5.661320e-03
1.529332e-01 7.423196e-03 5.643884e-03 6.838571e-03 5.702227e-03
1.549332e-01 7.421037e-03 5.685977e-03 6.839880e-03 5.743284e-03
1.569332e-01 7.414533e-03 5.730000e-03 6.840976e-03 5.784488e-03
1.589332e-01 7.403923e-03 5.776304e-03 6.841866e-03 5.825836e-03
1.609332e-01 7.389617e-03 5.825155e-03 6.842554e-03 5.867325e-03
1.629332e-01 7.372174e-03 5.876727e-03 6.843047e-03 5.908950e-03
1.649332e-01 7.352272e-03 5.931088e-03 6.843350e-03 5.950708e-03
1.669332e-01 7.330676e-03 5.988200e-03 6.843473e-03 5.992592e-03
1.689332e-01 7.308208e-03 6.047914e-03 6.843422e-03 6.034598e-03
1.709332e-01 7.285705e-03 6.109973e-03 6.843205e-03 6.076718e-03
1.729332e-01 7.263987e-03 6.174018e-03 6.842831e-03 6.118945e-03
1.749332e-01 7.243826e-03 6.239602e-03 6.842307e-03 6.161273e-03
1.769332e-01 7.225920e-03 6.306198e-03 6.841639e-03 6.203694e-03
1.789332e-01 7.210864e-03 6.373224e-03 6.840835e-03 6.246201e-03
1.809332e-01 7.199135e-03 6.440061e-03 6.839900e-03 6.288785e-03
1.829332e-01 7.191077e-03 6.506083e-03 6.838838e-03 6.331441e-03
1.849332e-01 7.186890e-03 6.570682e-03 6.837652e-03 6.374161e-03
1.869332e-01 7.186624e-03 6.633298e-03 6.836345e-03 6.416939e-03
1.889332e-01 7.190181e-03 6.693449e-03 6.834919e-03 6.459769e-03
1.909332e-01 7.197311e-03 6.750758e-03 6.833372e-03 6.502646e-03
1.929332e-01 7.207627e-03 6.804972e-03 6.831705e-03 6.545566e-03
1.949332e-01 7.220608e-03 6.855982e-03 6.829914e-03 6.588525e-03
1.969332e-01 7.235620e-03 6.903829e-03 6.827998e-03 6.631521e-03
1.989332e-01 7.251934e-03 6.948708e-03 6.825954e-03 6.674550e-03
2.009332e-01 7.268750e-03 6.990957e-03 6.823777e-03 6.717612e-03
2.029332e-01 7.285230e-03 7.031044e-03 6.821463e-03 6.760705e-03
2.049332e-01 7.300524e-03 7.069546e-03 6.819011e-03 6.803830e-03
2.069332e-01 7.313812e-03 7.107118e-03 6.816415e-03 6.846985e-03
2.089332e-01 7.324334e-03 7.144468e-03 6.813674e-03 6.890171e-03
2.109332e-01 7.331430e-03 7.182322e-03 6.810785e-03 6.933387e-03
2.129332e-01 7.334566e-03 7.221391e-03 6.807748e-03 6.976632e-03
2.149332e-01 7.333367e-03 7.262345e-03 6.804563e-03 7.019906e-03
2.169332e-01 7.327630e-03 7.305781e-03 6.801230e-03 7.063207e-03
2.189332e-01 7.317338e-03 7.352203e-03 6.797753e-03 7.106533e-03
2.209332e-01 7.302661e-03 7.402000e-03 6.794134e-03 7.149879e-03
2.229332e-01 7.283945e-03 7.455431e-03 6.790380e-03 7.193244e-03
2.249332e-01 7.261697e-03 7.512614e-03 6.786494e-03 7.236620e-03
2.269332e-01 7.236560e-03 7.573518e-03 6.782485e-03 7.280003e-03
2.289332e-01 7.209280e-03 7.637964e-03 6.778359e-03 7.323386e-03
2.309332e-01 7.180675e-03 7.705624e-03 6.774125e-03 7.366760e-03
2.329332e-01 7.151598e-03 7.776030e-03 6.769791e-03 7.410118e-03
2.349332e-01 7.122905e-03 7.848587e-03 6.765365e-03 7.453450e-03
2.369332e-01 7.095418e-03 7.922593e-03 6.760855e-03 7.496748e-03
2.389332e-01 7.069903e-03 7.997257e-03 6.756270e-03 7.540002e-03
2.409332e-01 7.047038e-03 8.071737e-03 6.751616e-03 7.583201e-03
2.429332e-01 7.027398e-03 8.145162e-03 6.746900e-03 7.626338e-03
2.449332e-01 7.011434e-03 8.216679e-03 6.742127e-03 7.669403e-03
2.469332e-01 6.999468e-03 8.285487e-03 6.737301e-03 7.712388e-03
2.489332e-01 6.991678e-03 8.350878e-03 6.732425e-03 7.755285e-03
2.509332e-01 6.988097e-03 8.412272e-03 6.727500e-03 7.798089e-03
2.529332e-01 6.988613e-03 8.469248e-03 6.722528e-03 7.840793e-03
2.549332e-01 6.992969e-03 8.521574e-03 6.717506e-03 7.883393e-03
2.569332e-01 7.000771e-03 8.569217e-03 6.712432e-03 7.925888e-03
2.589332e-01 7.011499e-03 8.612349e-03 6.707303e-03 7.968273e-03
2.609332e-01 7.024517e-03 8.651344e-03 6.702115e-03 8.010549e-03
2.629332e-01 7.039097e-03 8.686758e-03 6.696863e-03 8.052714e-03
2.649332e-01 7.054434e-03 8.719306e-03 6.691542e-03 8.094771e-03
2.669332e-01 7.069680e-03 8.749828e-03 6.686146e-03 8.136720e-03
2.689332e-01 7.083970e-03 8.779248e-03 6.680670e-03 8.178563e-03
2.709332e-01 7.096457e-03 8.808537e-03 6.675109e-03 8.220301e-03
2.729332e-01 7.106346e-03 8.838670e-03 6.669457e-03 8.261936e-03
2.749332e-01 7.112928e-03 8.870582e-03 6.663712e-03 8.303468e-03
2.769332e-01 7.115615e-03 8.905138e-03 6.657871e-03 8.344899e-03
2.789332e-01 7.113964e-03 8.943094e-03 6.651932e-03 8.386228e-03
2.809332e-01 7.107701e-03 8.985074e-03 6.645895e-03 8.427453e-03
2.829332e-01 7.096735e-03 9.031545e-03 6.639760e-03 8.468572e-03
2.849332e-01 7.081161e-03 9.082801e-03 6.633530e-03 8.509581e-03
2.869332e-01 7.061254e-03 9.138950e-03 6.627210e-03 8.550473e-03
2.889332e-01 7.037459e-03 9.199911e-03 6.620803e-03 8.591243e-03
2.909332e-01 7.010365e-03 9.265409e-03 6.614317e-03 8.631883e-03
2.929332e-01 6.980679e-03 9.334985e-03 6.607757e-03 8.672383e-03
2.949332e-01 6.949196e-03 9.408001e-03 6.601132e-03 8.712733e-03
2.969332e-01 6.916761e-03 9.483660e-03 6.594451e-03 8.752922e-03
2.989332e-01 6.884238e-03 9.561030e-03 6.587722e-03 8.792939e-03
3.009332e-01 6.852477e-03 9.639074e-03 6.580953e-03 8.832771e-03
3.029332e-01 6.822285e-03 9.716683e-03 6.574153e-03 8.872408e-03
3.049332e-01 6.794399e-03 9.792725e-03 6.567330e-03 8.911837e-03
3.069332e-01 6.769466e-03 9.866086e-03 6.560492e-03 8.951048e-03
3.089332e-01 6.748028e-03 9.935719e-03 6.553643e-03 8.990030e-03
3.109332e-01 6.730504e-03 1.000070e-02 6.546789e-03 9.028776e-03
3.129332e-01 6.717183e-03 1.006026e-02 6.539935e-03 9.067276e-03
3.149332e-01 6.708221e-03 1.011385e-02 6.533081e-03 9.105526e-03
3.169332e-01 6.703631e-03 1.016114e-02 6.526229e-03 9.143520e-03
3.189332e-01 6.703290e-03 1.020206e-02 6.519378e-03 9.181256e-03
3.209332e-01 6.706936e-03 1.023681e-02 6.512526e-03 9.218733e-03
3.229332e-01 6.714178e-03 1.026583e-02 6.505669e-03 9.255951e-03
3.249332e-01 6.724501e-03 1.028982e-02 6.498804e-03 9.292911e-03
3.269332e-01 6.737278e-03 1.030965e-02 6.491923e-03 9.329617e-03
3.289332e-01 6.751791e-03 1.032639e-02 6.485021e-03 9.366073e-03
3.309332e-01 6.767246e-03 1.034118e-02 6.478092e-03 9.402282e-03
3.329332e-01 6.782798e-03 1.035526e-02 6.471127e-03 9.438250e-03
3.349332e-01 6.797582e-03 1.036987e-02 6.464120e-03 9.473981e-03
3.369332e-01 6.810741e-03 1.038622e-02 6.457064e-03 9.509480e-03
3.389332e-01 6.821459e-03 1.040542e-02 6.449952e-03 9.544751e-03
3.409332e-01 6.828998e-03 1.042847e-02 6.442780e-03 9.579795e-03
3.429332e-01 6.832726e-03 1.045623e-02 6.435543e-03 9.614615e-03
3.449332e-01 6.832149e-03 1.048935e-02 6.428238e-03 9.649210e-03
3.469332e-01 6.826931e-03 1.052828e-02 6.420863e-03 9.683579e-03
3.489332e-01 6.816916e-03 1.057328e-02 6.413418e-03 9.717718e-03
3.509332e-01 6.802125e-03 1.062434e-02 6.405905e-03 9.751621e-03
3.529332e-01 6.782768e-03 1.068125e-02 6.398325e-03 9.785282e-03
3.549332e-01 6.759220e-03 1.074355e-02 6.390684e-03 9.818692e-03
3.569332e-01 6.732014e-03 1.081058e-02 6.382987e-03 9.851839e-03
3.589332e-01 6.701808e-03 1.088147e-02 6.375241e-03 9.884714e-03
3.609332e-01 6.669359e-03 1.095516e-02 6.367453e-03 9.917302e-03
3.629332e-01 6.635490e-03 1.103045e-02 6.359632e-03 9.949591e-03
3.649332e-01 6.601058e-03 1.110602e-02 6.351787e-03 9.981567e-03
3.669332e-01 6.566919e-03 1.118051e-02 6.343927e-03 1.001322e-02
3.689332e-01 6.533903e-03 1.125252e-02 6.336062e-03 1.004453e-02
3.709332e-01 6.502785e-03 1.132069e-02 6.328199e-03 1.007549e-02
3.729332e-01 6.474264e-03 1.138379e-02 6.320348e-03 1.010609e-02
3.749332e-01 6.448947e-03 1.144072e-02 6.312515e-03 1.013631e-02
3.769332e-01 6.427330e-03 1.149061e-02 6.304707e-03 1.016616e-02
3.789332e-01 6.409796e-03 1.153283e-02 6.296927e-03 1.019563e-02
3.809332e-01 6.396600e-03 1.156707e-02 6.289180e-03 1.022470e-02
3.829332e-01 6.387868e-03 1.159328e-02 6.281468e-03 1.025340e-02
3.849332e-01 6.383595e-03 1.161178e-02 6.273790e-03 1.028170e-02
3.869332e-01 6.383645e-03 1.162314e-02 6.266144e-03 1.030962e-02
3.889332e-01 6.387752e-03 1.162825e-02 6.258529e-03 1.033717e-02
3.909332e-01 6.395526e-03 1.162819e-02 6.250939e-03 1.036434e-02
3.929332e-01 6.406462e-03 1.162426e-02 6.243368e-03 1.039115e-02
3.949332e-01 6.419947e-03 1.161786e-02 6.235811e-03 1.041760e-02
3.969332e-01 6.435277e-03 1.161047e-02 6.228258e-03 1.044372e-02
3.989332e-01 6.451673e-03 1.160357e-02 6.220703e-03 1.046949e-02
4.009332e-01 6.468305e-03 1.159860e-02 6.213136e-03 1.049495e-02
4.029332e-01 6.484314e-03 1.159689e-02 6.205548e-03 1.052008e-02
4.049332e-01 6.498844e-03 1.159964e-02 6.197932e-03 1.054491e-02
4.069332e-01 6.511072e-03 1.160787e-02 6.190280e-03 1.056943e-02
4.089332e-01 6.520240e-03 1.162237e-02 6.182586e-03 1.059365e-02
4.109332e-01 6.525688e-03 1.164372e-02 6.174842e-03 1.061758e-02
4.129332e-01 6.526883e-03 1.167225e-02 6.167046e-03 1.064121e-02
4.149332e-01 6.523439e-03 1.170803e-02 6.159194e-03 1.066453e-02
4.169332e-01 6.515141e-03 1.175087e-02 6.151285e-03 1.068755e-02
4.189332e-01 6.501953e-03 1.180031e-02 6.143319e-03 1.071026e-02
4.209332e-01 6.484017e-03 1.185565e-02 6.135298e-03 1.073265e-02
4.229332e-01 6.461649e-03 1.191597e-02 6.127226e-03 1.075470e-02
4.249332e-01 6.435321e-03 1.198011e-02 6.119109e-03 1.077641e-02
4.269332e-01 6.405641e-03 1.204675e-02 6.110951e-03 1.079775e-02
4.289332e-01 6.373324e-03 1.211441e-02 6.102762e-03 1.081873e-02
4.309332e-01 6.339162e-03 1.218154e-02 6.094550e-03 1.083931e-02
4.329332e-01 6.303993e-03 1.224652e-02 6.086325e-03 1.085950e-02
4.349332e-01 6.268669e-03 1.230776e-02 6.078095e-03 1.087926e-02
4.369332e-01 6.234025e-03 1.236377e-02 6.069872e-03 1.089861e-02
4.389332e-01 6.200859e-03 1.241319e-02 6.061665e-03 1.091751e-02
4.409332e-01 6.169904e-03 1.245487e-02 6.053482e-03 1.093597e-02
4.429332e-01 6.141811e-03 1.248793e-02 6.045333e-03 1.095398e-02
4.449332e-01 6.117139e-03 1.251181e-02 6.037225e-03 1.097154e-02
4.469332e-01 6.096337e-03 1.252627e-02 6.029163e-03 1.098865e-02
4.489332e-01 6.079744e-03 1.253144e-02 6.021153e-03 1.100530e-02
4.509332e-01 6.067576e-03 1.252780e-02 6.013197e-03 1.102151e-02
4.529332e-01 6.059931e-03 1.251613e-02 6.005297e-03 1.103728e-02
4.549332e-01 6.056779e-03 1.249753e-02 5.997452e-03 1.105262e-02
4.569332e-01 6.057971e-03 1.247333e-02 5.989660e-03 1.106754e-02
4.589332e-01 6.063235e-03 1.244503e-02 5.981917e-03 1.108206e-02
4.609332e-01 6.072183e-03 1.241425e-02 5.974218e-03 1.109620e-02
4.629332e-01 6.084318e-03 1.238267e-02 5.966556e-03 1.110996e-02
4.649332e-01 6.099039e-03 1.235195e-02 5.958924e-03 1.112337e-02
4.669332e-01 6.115660e-03 1.232368e-02 5.951311e-03 1.113643e-02
4.689332e-01 6.133418e-03 1.229932e-02 5.943709e-03 1.114916e-02
4.709332e-01 6.151500e-03 1.228018e-02 5.936108e-03 1.116158e-02
4.729332e-01 6.169059e-03 1.226737e-02 5.928498e-03 1.117370e-02
4.749332e-01 6.185246e-03 1.226174e-02 5.920870e-03 1.118552e-02
4.769332e-01 6.199240e-03 1.226393e-02 5.913215e-03 1.119705e-02
4.789332e-01 6.210273e-03 1.227430e-02 5.905524e-03 1.120829e-02
4.809332e-01 6.217667e-03 1.229293e-02 5.897791e-03 1.121924e-02
4.829332e-01 6.220858e-03 1.231963e-02 5.890010e-03 1.122991e-02
4.849332e-01 6.219426e-03 1.235394e-02 5.882178e-03 1.124028e-02
4.869332e-01 6.213111e-03 1.239513e-02 5.874291e-03 1.125034e-02
4.889332e-01 6.201822e-03 1.244223e-02 5.866350e-03 1.126010e-02
4.909332e-01 6.185650e-03 1.249404e-02 5.858356e-03 1.126953e-02
4.929332e-01 6.164855e-03 1.254915e-02 5.850313e-03 1.127862e-02
4.949332e-01 6.139855e-03 1.260599e-02 5.842224e-03 1.128736e-02
4.969332e-01 6.111210e-03 1.266289e-02 5.834096e-03 1.129573e-02
4.989332e-01 6.079593e-03 1.271811e-02 5.825937e-03 1.130371e-02
5.009332e-01 6.045762e-03 1.276990e-02 5.817757e-03 1.131130e-02
5.029332e-01 6.010531e-03 1.281659e-02 5.809564e-03 1.131848e-02
5.049332e-01 5.974738e-03 1.285664e-02 5.801369e-03 1.132524e-02
5.069332e-01 5.939217e-03 1.288872e-02 5.793183e-03 1.133156e-02
5.089332e-01 5.904775e-03 1.291173e-02 5.785016e-03 1.133745e-02
5.109332e-01 5.872163e-03 1.292492e-02 5.776879e-03 1.134290e-02
5.129332e-01 5.842066e-03 1.292788e-02 5.768782e-03 1.134792e-02
5.149332e-01 5.815082e-03 1.292056e-02 5.760732e-03 1.135249e-02
5.169332e-01 5.791714e-03 1.290329e-02 5.752739e-03 1.135663e-02
5.189332e-01 5.772363e-03 1.287677e-02 5.744806e-03 1.136035e-02
5.209332e-01 5.757317e-03 1.284201e-02 5.736940e-03 1.136366e-02
5.229332e-01 5.746755e-03 1.280032e-02 5.729142e-03 1.136657e-02
5.249332e-01 5.740739e-03 1.275319e-02 5.721413e-03 1.136911e-02
5.269332e-01 5.739216e-03 1.270232e-02 5.713753e-03 1.137129e-02
5.289332e-01 5.742020e-03 1.264946e-02 5.706158e-03 1.137313e-02
5.309332e-01 5.748870e-03 1.259638e-02 5.698624e-03 1.137464e-02
5.329332e-01 5.759378e-03 1.254483e-02 5.691143e-03 1.137586e-02
5.349332e-01 5.773052e-03 1.249645e-02 5.683710e-03 1.137680e-02
5.369332e-01 5.789302e-03 1.245275e-02 5.676313e-03 1.137748e-02
5.389332e-01 5.807456e-03 1.241505e-02 5.668945e-03 1.137792e-02
5.409332e-01 5.826769e-03 1.238444e-02 5.661593e-03 1.137812e-02
5.429332e-01 5.846442e-03 1.236179e-02 5.654247e-03 1.137811e-02
5.449332e-01 5.865645e-03 1.234772e-02 5.646895e-03 1.137789e-02
5.469332e-01 5.883539e-03 1.234256e-02 5.639528e-03 1.137746e-02
5.489332e-01 5.899307e-03 1.234640e-02 5.632135e-03 1.137683e-02
5.509332e-01 5.912181e-03 1.235904e-02 5.624707e-03 1.137601e-02
5.529332e-01 5.921471e-03 1.237999e-02 5.617236e-03 1.137497e-02
5.549332e-01 5.926596e-03 1.240852e-02 5.609715e-03 1.137372e-02
5.569332e-01 5.927110e-03 1.244366e-02 5.602139e-03 1.137225e-02
5.589332e-01 5.922718e-03 1.248419e-02 5.594507e-03 1.137053e-02
5.609332e-01 5.913292e-03 1.252868e-02 5.586815e-03 1.136857e-02
5.629332e-01 5.898877e-03 1.257556e-02 5.579065e-03 1.136634e-02
5.649332e-01 5.879688e-03 1.262310e-02 5.571261e-03 1.136383e-02
5.669332e-01 5.856099e-03 1.266953e-02 5.563405e-03 1.136101e-02
5.689332e-01 5.828627e-03 1.271302e-02 5.555505e-03 1.135788e-02
5.709332e-01 5.797905e-03 1.275183e-02 5.547569e-03 1.135442e-02
5.729332e-01 5.764661e-03 1.278430e-02 5.539605e-03 1.135061e-02
5.749332e-01 5.729683e-03 1.280897e-02 5.531623e-03 1.134645e-02
5.769332e-01 5.693793e-03 1.282462e-02 5.523636e-03 1.134193e-02
5.789332e-01 5.657816e-03 1.283034e-02 5.515653e-03 1.133703e-02
5.809332e-01 5.622559e-03 1.282555e-02 5.507688e-03 1.133177e-02
5.829332e-01 5.588784e-03 1.281004e-02 5.499750e-03 1.132613e-02
5.849332e-01 5.557196e-03 1.278400e-02 5.491851e-03 1.132013e-02
5.869332e-01 5.528419e-03 1.274798e-02 5.484002e-03 1.131378e-02
5.889332e-01 5.502995e-03 1.270286e-02 5.476210e-03 1.130709e-02
5.909332e-01 5.481369e-03 1.264985e-02 5.468483e-03 1.130006e-02
5.929332e-01 5.463886e-03 1.259039e-02 5.460828e-03 1.129273e-02
5.949332e-01 5.450787e-03 1.252612e-02 5.453247e-03 1.128512e-02
5.969332e-01 5.442206e-03 1.245879e-02 5.445744e-03 1.127723e-02
5.989332e-01 5.438171e-03 1.239019e-02 5.438318e-03 1.126910e-02
6.009332e-01 5.438603e-03 1.232214e-02 5.430968e-03 1.126075e-02
6.029332e-01 5.443314e-03 1.225635e-02 5.423689e-03 1.125221e-02
6.049332e-01 5.452014e-03 1.219443e-02 5.416476e-03 1.124349e-02
6.069332e-01 5.464309e-03 1.213785e-02 5.409322e-03 1.123462e-02
6.089332e-01 5.479709e-03 1.208785e-02 5.402218e-03 1.122562e-02
6.109332e-01 5.497633e-03 1.204550e-02 5.395154e-03 1.121650e-02
6.129332e-01 5.517418e-03 1.201160e-02 5.388118e-03 1.120727e-02
6.149332e-01 5.538333e-03 1.198671e-02 5.381098e-03 1.119796e-02
6.169332e-01 5.559595e-03 1.197116e-02 5.374084e-03 1.118855e-02
6.189332e-01 5.580387e-03 1.196497e-02 5.367061e-03 1.117906e-02
6.209332e-01 5.599883e-03 1.196796e-02 5.360019e-03 1.116949e-02
6.229332e-01 5.617273e-03 1.197965e-02 5.352947e-03 1.115982e-02
6.249332e-01 5.631792e-03 1.199933e-02 5.345834e-03 1.115006e-02
6.269332e-01 5.642747e-03 1.202604e-02 5.338671e-03 1.114019e-02
6.289332e-01 5.649549e-03 1.205861e-02 5.331450e-03 1.113019e-02
6.309332e-01 5.651733e-03 1.209566e-02 5.324167e-03 1.112005e-02
6.329332e-01 5.648985e-03 1.213564e-02 5.316817e-03 1.110976e-02
6.349332e-01 5.641147e-03 1.217687e-02 5.309399e-03 1.109929e-02
6.369332e-01 5.628233e-03 1.221760e-02 5.301912e-03 1.108862e-02
6.389332e-01 5.610425e-03 1.225601e-02 5.294359e-03 1.107774e-02
6.409332e-01 5.588061e-03 1.229033e-02 5.286745e-03 1.106663e-02
6.429332e-01 5.561623e-03 1.231887e-02 5.279076e-03 1.105527e-02
6.449332e-01 5.531715e-03 1.234011e-02 5.271359e-03 1.104364e-02
6.469332e-01 5.499035e-03 1.235274e-02 5.263604e-03 1.103174e-02
6.489332e-01 5.464348e-03 1.235570e-02 5.255821e-03 1.101956e-02
6.509332e-01 5.428460e-03 1.234829e-02 5.248023e-03 1.100709e-02
6.529332e-01 5.392185e-03 1.233016e-02 5.240221e-03 1.099434e-02
6.549332e-01 5.356325e-03 1.230130e-02 5.232428e-03 1.098130e-02
6.569332e-01 5.321647e-03 1.226210e-02 5.224656e-03 1.096798e-02
6.589332e-01 5.288864e-03 1.221329e-02 5.216917e-03 1.095440e-02
6.609332e-01 5.258619e-03 1.215592e-02 5.209223e-03 1.094056e-02
6.629332e-01 5.231477e-03 1.209131e-02 5.201583e-03 1.092649e-02
6.649332e-01 5.207916e-03 1.202098e-02 5.194007e-03 1.091220e-02
6.669332e-01 5.188322e-03 1.194659e-02 5.186501e-03 1.089772e-02
6.689332e-01 5.172981e-03 1.186992e-02 5.179071e-03 1.088308e-02
6.709332e-01 5.162085e-03 1.179272e-02 5.171721e-03 1.086829e-02
6.729332e-01 5.155723e-03 1.171675e-02 5.164451e-03 1.085338e-02
6.749332e-01 5.153887e-03 1.164365e-02 5.157262e-03 1.083838e-02
6.769332e-01 5.156466e-03 1.157494e-02 5.150150e-03 1.082330e-02
6.789332e-01 5.163252e-03 1.151199e-02 5.143111e-03 1.080819e-02
6.809332e-01 5.173940e-03 1.145597e-02 5.136137e-03 1.079304e-02
6.829332e-01 5.188127e-03 1.140784e-02 5.129220e-03 1.077788e-02
6.849332e-01 5.205320e-03 1.136833e-02 5.122351e-03 1.076273e-02
6.869332e-01 5.224943e-03 1.133797e-02 5.115516e-03 1.074759e-02
6.889332e-01 5.246338e-03 1.131703e-02 5.108705e-03 1.073247e-02
6.909332e-01 5.268785e-03 1.130553e-02 5.101905e-03 1.071737e-02
6.929332e-01 5.291511e-03 1.130327e-02 5.095101e-03 1.070229e-02
6.949332e-01 5.313713e-03 1.130982e-02 5.088280e-03 1.068723e-02
6.969332e-01 5.334576e-03 1.132449e-02 5.081430e-03 1.067217e-02
6.989332e-01 5.353298e-03 1.134641e-02 5.074538e-03 1.065711e-02
7.009332e-01 5.369121e-03 1.137446e-02 5.067593e-03 1.064201e-02
7.029332e-01 5.381356e-03 1.140735e-02 5.060585e-03 1.062688e-02
7.049332e-01 5.389411e-03 1.144363e-02 5.053505e-03 1.061169e-02
7.069332e-01 5.392816e-03 1.148169e-02 5.046348e-03 1.059641e-02
7.089332e-01 5.391242e-03 1.151984e-02 5.039109e-03 1.058102e-02
7.109332e-01 5.384519e-03 1.155633e-02 5.031785e-03 1.056551e-02
7.129332e-01 5.372641e-03 1.158944e-02 5.024377e-03 1.054984e-02
7.149332e-01 5.355767e-03 1.161747e-02 5.016886e-03 1.053401e-02
7.169332e-01 5.334213e-03 1.163887e-02 5.009317e-03 1.051800e-02
7.189332e-01 5.308437e-03 1.165227e-02 5.001675e-03 1.050178e-02
7.209332e-01 5.279018e-03 1.165654e-02 4.993969e-03 1.048535e-02
7.229332e-01 5.246635e-03 1.165084e-02 4.986209e-03 1.046870e-02
7.249332e-01 5.212033e-03 1.163467e-02 4.978405e-03 1.045182e-02
7.269332e-01 5.176003e-03 1.160785e-02 4.970569e-03 1.043472e-02
7.289332e-01 5.139348e-03 1.157060e-02 4.962715e-03 1.041741e-02
7.309332e-01 5.102864e-03 1.152346e-02 4.954856e-03 1.039987e-02
7.329332e-01 5.067316e-03 1.146729e-02 4.947004e-03 1.038214e-02
7.349332e-01 5.033419e-03 1.140324e-02 4.939173e-03 1.036422e-02
7.369332e-01 5.001827e-03 1.133268e-02 4.931376e-03 1.034614e-02
7.389332e-01 4.973120e-03 1.125716e-02 4.923623e-03 1.032791e-02
7.409332e-01 4.947795e-03 1.117834e-02 4.915925e-03 1.030956e-02
7.429332e-01 4.926266e-03 1.109792e-02 4.908290e-03 1.029112e-02
7.449332e-01 4.908854e-03 1.101760e-02 4.900724e-03 1.027260e-02
7.469332e-01 4.895789e-03 1.093903e-02 4.893234e-03 1.025404e-02
7.489332e-01 4.887209e-03 1.086375e-02 4.885820e-03 1.023546e-02
7.509332e-01 4.883159e-03 1.079317e-02 4.878483e-03 1.021689e-02
7.529332e-01 4.883590e-03 1.072855e-02 4.871221e-03 1.019835e-02
7.549332e-01 4.888362e-03 1.067096e-02 4.864031e-03 1.017985e-02
7.569332e-01 4.897241e-03 1.062127e-02 4.856906e-03 1.016142e-02
7.589332e-01 4.909903e-03 1.058014e-02 4.849837e-03 1.014307e-02
7.609332e-01 4.925933e-03 1.054804e-02 4.842815e-03 1.012481e-02
7.629332e-01 4.944832e-03 1.052521e-02 4.835828e-03 1.010664e-02
7.649332e-01 4.966019e-03 1.051166e-02 4.828863e-03 1.008857e-02
7.669332e-01 4.988841e-03 1.050723e-02 4.821906e-03 1.007059e-02
7.689332e-01 5.012582e-03 1.051150e-02 4.814943e-03 1.005269e-02
7.709332e-01 5.036478e-03 1.052386e-02 4.807959e-03 1.003487e-02
7.729332e-01 5.059733e-03 1.054350e-02 4.800939e-03 1.001711e-02
7.749332e-01 5.081543e-03 1.056941e-02 4.793869e-03 9.999397e-03
7.769332e-01 5.101117e-03 1.060039e-02 4.786736e-03 9.981703e-03
7.789332e-01 5.117706e-03 1.063511e-02 4.779527e-03 9.964008e-03
7.809332e-01 5.130626e-03 1.067206e-02 4.772231e-03 9.946291e-03
7.829332e-01 5.139293e-03 1.070967e-02 4.764839e-03 9.928524e-03
7.849332e-01 5.143237e-03 1.074627e-02 4.757344e-03 9.910685e-03
7.869332e-01 5.142131e-03 1.078018e-02 4.749741e-03 9.892749e-03
7.889332e-01 5.135799e-03 1.080977e-02 4.742027e-03 9.874693e-03
7.909332e-01 5.124230e-03 1.083349e-02 4.734200e-03 9.856497e-03
7.929332e-01 5.107573e-03 1.084993e-02 4.726264e-03 9.838141e-03
7.949332e-01 5.086134e-03 1.085789e-02 4.718222e-03 9.819612e-03
7.969332e-01 5.060357e-03 1.085645e-02 4.710079e-03 9.800898e-03
7.989332e-01 5.030809e-03 1.084494e-02 4.701844e-03 9.781991e-03
8.009332e-01 4.998154e-03 1.082305e-02 4.693527e-03 9.762887e-03
8.029332e-01 4.963125e-03 1.079080e-02 4.685138e-03 9.743587e-03
8.049332e-01 4.926500e-03 1.074854e-02 4.676691e-03 9.724097e-03
8.069332e-01 4.889073e-03 1.069694e-02 4.668198e-03 9.704425e-03
8.089332e-01 4.851631e-03 1.063696e-02 4.659674e-03 9.684584e-03
8.109332e-01 4.814935e-03 1.056980e-02 4.651132e-03 9.664591e-03
8.129332e-01 4.779699e-03 1.049685e-02 4.642586e-03 9.644466e-03
8.149332e-01 4.746578e-03 1.041966e-02 4.634049e-03 9.624231e-03
8.169332e-01 4.716159e-03 1.033981e-02 4.625534e-03 9.603911e-03
8.189332e-01 4.688952e-03 1.025895e-02 4.617050e-03 9.583531e-03
8.209332e-01 4.665383e-03 1.017868e-02 4.608608e-03 9.563117e-03
8.229332e-01 4.645798e-03 1.010053e-02 4.600215e-03 9.542698e-03
8.249332e-01 4.630453e-03 1.002594e-02 4.591876e-03 9.522297e-03
8.269332e-01 4.619521e-03 9.956205e-03 4.583595e-03 9.501940e-03
8.289332e-01 4.613085e-03 9.892460e-03 4.575372e-03 9.481648e-03
8.309332e-01 4.611143e-03 9.835679e-03 4.567207e-03 9.461443e-03
8.329332e-01 4.613606e-03 9.786652e-03 4.559095e-03 9.441339e-03
8.349332e-01 4.620301e-03 9.745980e-03 4.551029e-03 9.421351e-03
8.369332e-01 4.630964e-03 9.714075e-03 4.543003e-03 9.401487e-03
8.389332e-01 4.645250e-03 9.691154e-03 4.535005e-03 9.381753e-03
8.409332e-01 4.662727e-03 9.677244e-03 4.527024e-03 9.362148e-03
8.429332e-01 4.682884e-03 9.672176e-03 4.519045e-03 9.342669e-03
8.449332e-01 4.705133e-03 9.675593e-03 4.511054e-03 9.323308e-03
8.469332e-01 4.728817e-03 9.686947e-03 4.503035e-03 9.304053e-03
8.489332e-01 4.753219e-03 9.705507e-03 4.494971e-03 9.284887e-03
8.509332e-01 4.777580e-03 9.730361e-03 4.486845e-03 9.265793e-03
8.529332e-01 4.801110e-03 9.760432e-03 4.478641e-03 9.246747e-03
8.549332e-01 4.823011e-03 9.794483e-03 4.470343e-03 9.227726e-03
8.569332e-01 4.842504e-03 9.831146e-03 4.461936e-03 9.208704e-03
8.589332e-01 4.858850e-03 9.868942e-03 4.453406e-03 9.189653e-03
8.609332e-01 4.871378e-03 9.906315e-03 4.444741e-03 9.170546e-03
8.629332e-01 4.879514e-03 9.941673e-03 4.435929e-03 9.151357e-03
8.649332e-01 4.882800e-03 9.973432e-03 4.426963e-03 9.132060e-03
8.669332e-01 4.880918e-03 1.000007e-02 4.417836e-03 9.112631e-03
8.689332e-01 4.873702e-03 1.002018e-02 4.408544e-03 9.093049e-03
8.709332e-01 4.861145e-03 1.003251e-02 4.399086e-03 9.073294e-03
8.729332e-01 4.843401e-03 1.003605e-02 4.389463e-03 9.053353e-03
8.749332e-01 4.820776e-03 1.003003e-02 4.379676e-03 9.033213e-03
8.769332e-01 4.793713e-03 1.001399e-02 4.369733e-03 9.012868e-03
8.789332e-01 4.762776e-03 9.987772e-03 4.359640e-03 8.992314e-03
8.809332e-01 4.728621e-03 9.951546e-03 4.349406e-03 8.971553e-03
8.829332e-01 4.691976e-03 9.905793e-03 4.339042e-03 8.950592e-03
