# results/qpc_wx1.0_A_B0.npz: LDOS at x = 0, 1/(meV nm), Lorentzian; M_loc = 1.0737
# e-mu[meV] rho_up(eta=0.05) rho_dn(eta=0.05) rho_up(eta=0.1) rho_dn(eta=0.1)
-1.229622e+00 8.717508e-04 6.816676e-05 1.683899e-03 1.358272e-04
-1.227622e+00 8.791738e-04 6.834803e-05 1.697677e-03 1.361860e-04
-1.225622e+00 8.866959e-04 6.853012e-05 1.711628e-03 1.365464e-04
-1.223622e+00 8.943190e-04 6.871304e-05 1.725757e-03 1.369085e-04
-1.221622e+00 9.020449e-04 6.889678e-05 1.740066e-03 1.372721e-04
-1.219622e+00 9.098754e-04 6.908137e-05 1.754558e-03 1.376374e-04
-1.217622e+00 9.178126e-04 6.926680e-05 1.769236e-03 1.380043e-04
-1.215622e+00 9.258584e-04 6.945309e-05 1.784104e-03 1.383729e-04
-1.213622e+00 9.340148e-04 6.964023e-05 1.799164e-03 1.387432e-04
-1.211622e+00 9.422840e-04 6.982823e-05 1.814421e-03 1.391151e-04
-1.209622e+00 9.506680e-04 7.001711e-05 1.829877e-03 1.394887e-04
-1.207622e+00 9.591689e-04 7.020686e-05 1.845536e-03 1.398640e-04
-1.205622e+00 9.677891e-04 7.039750e-05 1.861401e-03 1.402410e-04
-1.203622e+00 9.765309e-04 7.058903e-05 1.877477e-03 1.406198e-04
-1.201622e+00 9.853964e-04 7.078145e-05 1.893766e-03 1.410003e-04
-1.199622e+00 9.943882e-04 7.097479e-05 1.910273e-03 1.413825e-04
-1.197622e+00 1.003509e-03 7.116903e-05 1.927002e-03 1.417665e-04
-1.195622e+00 1.012760e-03 7.136419e-05 1.943956e-03 1.421523e-04
-1.193622e+00 1.022146e-03 7.156028e-05 1.961140e-03 1.425399e-04
-1.191622e+00 1.031668e-03 7.175731e-05 1.978558e-03 1.429293e-04
-1.189622e+00 1.041329e-03 7.195528e-05 1.996213e-03 1.433205e-04
-1.187622e+00 1.051132e-03 7.215420e-05 2.014111e-03 1.437135e-04
-1.185622e+00 1.061079e-03 7.235407e-05 2.032256e-03 1.441084e-04
-1.183622e+00 1.071174e-03 7.255491e-05 2.050652e-03 1.445051e-04
-1.181622e+00 1.081420e-03 7.275673e-05 2.069304e-03 1.449037e-04
-1.179622e+00 1.091820e-03 7.295952e-05 2.088216e-03 1.453042e-04
-1.177622e+00 1.102376e-03 7.316331e-05 2.107394e-03 1.457066e-04
-1.175622e+00 1.113093e-03 7.336810e-05 2.126843e-03 1.461110e-04
-1.173622e+00 1.123973e-03 7.357389e-05 2.146567e-03 1.465172e-04
-1.171622e+00 1.135019e-03 7.378070e-05 2.166572e-03 1.469254e-04
-1.169622e+00 1.146236e-03 7.398853e-05 2.186863e-03 1.473356e-04
-1.167622e+00 1.157627e-03 7.419740e-05 2.207445e-03 1.477478e-04
-1.165622e+00 1.169195e-03 7.440731e-05 2.228325e-03 1.481619e-04
-1.163622e+00 1.180945e-03 7.461827e-05 2.249507e-03 1.485781e-04
-1.161622e+00 1.192879e-03 7.483029e-05 2.270997e-03 1.489963e-04
-1.159622e+00 1.205003e-03 7.504339e-05 2.292803e-03 1.494166e-04
-1.157622e+00 1.217320e-03 7.525756e-05 2.314929e-03 1.498389e-04
-1.155622e+00 1.229835e-03 7.547283e-05 2.337382e-03 1.502633e-04
-1.153622e+00 1.242551e-03 7.568920e-05 2.360168e-03 1.506898e-04
-1.151622e+00 1.255474e-03 7.590667e-05 2.383294e-03 1.511184e-04
-1.149622e+00 1.268607e-03 7.612527e-05 2.406767e-03 1.515491e-04
-1.147622e+00 1.281956e-03 7.634500e-05 2.430593e-03 1.519820e-04
-1.145622e+00 1.295525e-03 7.656588e-05 2.454779e-03 1.524171e-04
-1.143622e+00 1.309319e-03 7.678791e-05 2.479334e-03 1.528543e-04
-1.141622e+00 1.323344e-03 7.701110e-05 2.504263e-03 1.532938e-04
-1.139622e+00 1.337604e-03 7.723547e-05 2.529575e-03 1.537354e-04
-1.137622e+00 1.352105e-03 7.746103e-05 2.555278e-03 1.541794e-04
-1.135622e+00 1.366853e-03 7.768779e-05 2.581379e-03 1.546256e-04
-1.133622e+00 1.381853e-03 7.791576e-05 2.607886e-03 1.550740e-04
-1.131622e+00 1.397111e-03 7.814495e-05 2.634808e-03 1.555248e-04
-1.129622e+00 1.412633e-03 7.837538e-05 2.662154e-03 1.559779e-04
-1.127622e+00 1.428426e-03 7.860707e-05 2.689932e-03 1.564334e-04
-1.125622e+00 1.444496e-03 7.884001e-05 2.718151e-03 1.568912e-04
-1.123622e+00 1.460850e-03 7.907423e-05 2.746821e-03 1.573514e-04
-1.121622e+00 1.477493e-03 7.930974e-05 2.775950e-03 1.578140e-04
-1.119622e+00 1.494435e-03 7.954656e-05 2.805549e-03 1.582791e-04
-1.117622e+00 1.511681e-03 7.978470e-05 2.835627e-03 1.587466e-04
-1.115622e+00 1.529239e-03 8.002416e-05 2.866195e-03 1.592166e-04
-1.113622e+00 1.547117e-03 8.026498e-05 2.897263e-03 1.596891e-04
-1.111622e+00 1.565323e-03 8.050716e-05 2.928842e-03 1.601641e-04
-1.109622e+00 1.583865e-03 8.075071e-05 2.960943e-03 1.606417e-04
-1.107622e+00 1.602752e-03 8.099567e-05 2.993577e-03 1.611218e-04
-1.105622e+00 1.621992e-03 8.124203e-05 3.026756e-03 1.616045e-04
-1.103622e+00 1.641595e-03 8.148982e-05 3.060491e-03 1.620899e-04
-1.101622e+00 1.661569e-03 8.173906e-05 3.094795e-03 1.625779e-04
-1.099622e+00 1.681924e-03 8.198976e-05 3.129680e-03 1.630686e-04
-1.097622e+00 1.702671e-03 8.224194e-05 3.165159e-03 1.635619e-04
-1.095622e+00 1.723820e-03 8.249562e-05 3.201245e-03 1.640580e-04
-1.093622e+00 1.745381e-03 8.275082e-05 3.237952e-03 1.645569e-04
-1.091622e+00 1.767365e-03 8.300755e-05 3.275294e-03 1.650586e-04
-1.089622e+00 1.789784e-03 8.326585e-05 3.313284e-03 1.655630e-04
-1.087622e+00 1.812649e-03 8.352572e-05 3.351938e-03 1.660703e-04
-1.085622e+00 1.835972e-03 8.378719e-05 3.391270e-03 1.665804e-04
-1.083622e+00 1.859767e-03 8.405028e-05 3.431296e-03 1.670935e-04
-1.081622e+00 1.884046e-03 8.431502e-05 3.472032e-03 1.676095e-04
-1.079622e+00 1.908823e-03 8.458143e-05 3.513493e-03 1.681284e-04
-1.077622e+00 1.934112e-03 8.484952e-05 3.555697e-03 1.686503e-04
-1.075622e+00 1.959926e-03 8.511933e-05 3.598661e-03 1.691753e-04
-1.073622e+00 1.986282e-03 8.539088e-05 3.642401e-03 1.697033e-04
-1.071622e+00 2.013194e-03 8.566420e-05 3.686937e-03 1.702343e-04
-1.069622e+00 2.040680e-03 8.593931e-05 3.732286e-03 1.707685e-04
-1.067622e+00 2.068754e-03 8.621625e-05 3.778468e-03 1.713058e-04
-1.065622e+00 2.097436e-03 8.649503e-05 3.825502e-03 1.718464e-04
-1.063622e+00 2.126742e-03 8.677569e-05 3.873408e-03 1.723901e-04
-1.061622e+00 2.156692e-03 8.705826e-05 3.922207e-03 1.729371e-04
-1.059622e+00 2.187305e-03 8.734278e-05 3.971920e-03 1.734873e-04
-1.057622e+00 2.218601e-03 8.762926e-05 4.022569e-03 1.740409e-04
-1.055622e+00 2.250601e-03 8.791776e-05 4.074175e-03 1.745979e-04
-1.053622e+00 2.283326e-03 8.820830e-05 4.126762e-03 1.751582e-04
-1.051622e+00 2.316799e-03 8.850092e-05 4.180354e-03 1.757220e-04
-1.049622e+00 2.351045e-03 8.879566e-05 4.234973e-03 1.762893e-04
-1.047622e+00 2.386086e-03 8.909256e-05 4.290646e-03 1.768600e-04
-1.045622e+00 2.421949e-03 8.939165e-05 4.347397e-03 1.774343e-04
-1.043622e+00 2.458659e-03 8.969299e-05 4.405253e-03 1.780122e-04
-1.041622e+00 2.496245e-03 8.999660e-05 4.464240e-03 1.785938e-04
-1.039622e+00 2.534735e-03 9.030255e-05 4.524386e-03 1.791790e-04
-1.037622e+00 2.574159e-03 9.061088e-05 4.585718e-03 1.797679e-04
-1.035622e+00 2.614547e-03 9.092163e-05 4.648267e-03 1.803605e-04
-1.033622e+00 2.655933e-03 9.123487e-05 4.712061e-03 1.809570e-04
-1.031622e+00 2.698350e-03 9.155063e-05 4.777131e-03 1.815573e-04
-1.029622e+00 2.741833e-03 9.186899e-05 4.843508e-03 1.821615e-04
-1.027622e+00 2.786419e-03 9.218999e-05 4.911224e-03 1.827696e-04
-1.025622e+00 2.832145e-03 9.251370e-05 4.980312e-03 1.833816e-04
-1.023622e+00 2.879053e-03 9.284019e-05 5.050806e-03 1.839977e-04
-1.021622e+00 2.927184e-03 9.316951e-05 5.122740e-03 1.846179e-04
-1.019622e+00 2.976581e-03 9.350173e-05 5.196149e-03 1.852421e-04
-1.017622e+00 3.027289e-03 9.383694e-05 5.271070e-03 1.858705e-04
-1.015622e+00 3.079357e-03 9.417520e-05 5.347540e-03 1.865031e-04
-1.013622e+00 3.132833e-03 9.451660e-05 5.425597e-03 1.871399e-04
-1.011622e+00 3.187770e-03 9.486121e-05 5.505279e-03 1.877810e-04
-1.009622e+00 3.244221e-03 9.520912e-05 5.586627e-03 1.884264e-04
-1.007622e+00 3.302243e-03 9.556042e-05 5.669680e-03 1.890761e-04
-1.005622e+00 3.361895e-03 9.591520e-05 5.754482e-03 1.897303e-04
-1.003622e+00 3.423239e-03 9.627356e-05 5.841073e-03 1.903890e-04
-1.001622e+00 3.486338e-03 9.663560e-05 5.929499e-03 1.910522e-04
-9.996225e-01 3.551261e-03 9.700142e-05 6.019803e-03 1.917199e-04
-9.976225e-01 3.618076e-03 9.737112e-05 6.112031e-03 1.923922e-04
-9.956225e-01 3.686859e-03 9.774483e-05 6.206229e-03 1.930691e-04
-9.936225e-01 3.757683e-03 9.812265e-05 6.302444e-03 1.937507e-04
-9.916225e-01 3.830631e-03 9.850470e-05 6.400726e-03 1.944371e-04
-9.896225e-01 3.905783e-03 9.889110e-05 6.501123e-03 1.951282e-04
-9.876225e-01 3.983227e-03 9.928198e-05 6.603685e-03 1.958241e-04
-9.856225e-01 4.063052e-03 9.967745e-05 6.708464e-03 1.965248e-04
-9.836225e-01 4.145351e-03 1.000776e-04 6.815511e-03 1.972305e-04
-9.816225e-01 4.230221e-03 1.004827e-04 6.924881e-03 1.979410e-04
-9.796225e-01 4.317762e-03 1.008927e-04 7.036627e-03 1.986565e-04
-9.776225e-01 4.408078e-03 1.013078e-04 7.150804e-03 1.993770e-04
-9.756225e-01 4.501274e-03 1.017281e-04 7.267468e-03 2.001025e-04
-9.736225e-01 4.597461e-03 1.021537e-04 7.386677e-03 2.008331e-04
-9.716225e-01 4.696752e-03 1.025847e-04 7.508487e-03 2.015688e-04
-9.696225e-01 4.799261e-03 1.030212e-04 7.632958e-03 2.023096e-04
-9.676225e-01 4.905108e-03 1.034633e-04 7.760149e-03 2.030555e-04
-9.656225e-01 5.014412e-03 1.039110e-04 7.890120e-03 2.038066e-04
-9.636225e-01 5.127295e-03 1.043643e-04 8.022934e-03 2.045630e-04
-9.616225e-01 5.243881e-03 1.048234e-04 8.158651e-03 2.053245e-04
-9.596225e-01 5.364295e-03 1.052881e-04 8.297336e-03 2.060914e-04
-9.576225e-01 5.488662e-03 1.057584e-04 8.439051e-03 2.068635e-04
-9.556225e-01 5.617109e-03 1.062342e-04 8.583861e-03 2.076409e-04
-9.536225e-01 5.749762e-03 1.067154e-04 8.731831e-03 2.084237e-04
-9.516225e-01 5.886750e-03 1.072019e-04 8.883027e-03 2.092118e-04
-9.496225e-01 6.028201e-03 1.076934e-04 9.037516e-03 2.100054e-04
-9.476225e-01 6.174245e-03 1.081897e-04 9.195363e-03 2.108043e-04
-9.456225e-01 6.325013e-03 1.086906e-04 9.356637e-03 2.116086e-04
-9.436225e-01 6.480642e-03 1.091956e-04 9.521405e-03 2.124184e-04
-9.416225e-01 6.641271e-03 1.097046e-04 9.689735e-03 2.132337e-04
-9.396225e-01 6.807046e-03 1.102172e-04 9.861696e-03 2.140545e-04
-9.376225e-01 6.978122e-03 1.107329e-04 1.003735e-02 2.148808e-04
-9.356225e-01 7.154664e-03 1.112514e-04 1.021678e-02 2.157127e-04
-9.336225e-01 7.336850e-03 1.117725e-04 1.040004e-02 2.165501e-04
-9.316225e-01 7.524874e-03 1.122957e-04 1.058720e-02 2.173932e-04
-9.296225e-01 7.718946e-03 1.128207e-04 1.077833e-02 2.182419e-04
-9.276225e-01 7.919297e-03 1.133474e-04 1.097350e-02 2.190963e-04
-9.256225e-01 8.126179e-03 1.138756e-04 1.117277e-02 2.199565e-04
-9.236225e-01 8.339866e-03 1.144050e-04 1.137620e-02 2.208224e-04
-9.216225e-01 8.560658e-03 1.149357e-04 1.158385e-02 2.216941e-04
-9.196225e-01 8.788876e-03 1.154675e-04 1.179579e-02 2.225717e-04
-9.176225e-01 9.024870e-03 1.160006e-04 1.201207e-02 2.234552e-04
-9.156225e-01 9.269013e-03 1.165349e-04 1.223275e-02 2.243446e-04
-9.136225e-01 9.521701e-03 1.170708e-04 1.245788e-02 2.252400e-04
-9.116225e-01 9.783356e-03 1.176082e-04 1.268750e-02 2.261416e-04
-9.096225e-01 1.005442e-02 1.181476e-04 1.292166e-02 2.270492e-04
-9.076225e-01 1.033537e-02 1.186889e-04 1.316040e-02 2.279631e-04
-9.056225e-01 1.062669e-02 1.192327e-04 1.340375e-02 2.288832e-04
-9.036225e-01 1.092889e-02 1.197790e-04 1.365173e-02 2.298096e-04
-9.016225e-01 1.124252e-02 1.203282e-04 1.390437e-02 2.307424e-04
-8.996225e-01 1.156811e-02 1.208806e-04 1.416168e-02 2.316818e-04
-8.976225e-01 1.190626e-02 1.214364e-04 1.442367e-02 2.326276e-04
-8.956225e-01 1.225755e-02 1.219960e-04 1.469032e-02 2.335801e-04
-8.936225e-01 1.262261e-02 1.225595e-04 1.496162e-02 2.345394e-04
-8.916225e-01 1.300207e-02 1.231273e-04 1.523755e-02 2.355054e-04
-8.896225e-01 1.339659e-02 1.236996e-04 1.551807e-02 2.364783e-04
-8.876225e-01 1.380684e-02 1.242766e-04 1.580313e-02 2.374582e-04
-8.856225e-01 1.423352e-02 1.248585e-04 1.609266e-02 2.384452e-04
-8.836225e-01 1.467733e-02 1.254456e-04 1.638658e-02 2.394394e-04
-8.816225e-01 1.513901e-02 1.260381e-04 1.668480e-02 2.404407e-04
-8.796225e-01 1.561927e-02 1.266361e-04 1.698721e-02 2.414495e-04
-8.776225e-01 1.611889e-02 1.272399e-04 1.729368e-02 2.424657e-04
-8.756225e-01 1.663860e-02 1.278496e-04 1.760405e-02 2.434894e-04
-8.736225e-01 1.717916e-02 1.284653e-04 1.791815e-02 2.445208e-04
-8.716225e-01 1.774132e-02 1.290873e-04 1.823580e-02 2.455599e-04
-8.696225e-01 1.832584e-02 1.297157e-04 1.855678e-02 2.466068e-04
-8.676225e-01 1.893343e-02 1.303506e-04 1.888085e-02 2.476617e-04
-8.656225e-01 1.956480e-02 1.309922e-04 1.920776e-02 2.487246e-04
-8.636225e-01 2.022063e-02 1.316406e-04 1.953721e-02 2.497957e-04
-8.616225e-01 2.090152e-02 1.322959e-04 1.986889e-02 2.508750e-04
-8.596225e-01 2.160805e-02 1.329583e-04 2.020246e-02 2.519626e-04
-8.576225e-01 2.234071e-02 1.336279e-04 2.053755e-02 2.530587e-04
-8.556225e-01 2.309988e-02 1.343048e-04 2.087377e-02 2.541634e-04
-8.536225e-01 2.388586e-02 1.349892e-04 2.121070e-02 2.552767e-04
-8.516225e-01 2.469880e-02 1.356811e-04 2.154788e-02 2.563988e-04
-8.496225e-01 2.553869e-02 1.363806e-04 2.188483e-02 2.575297e-04
-8.476225e-01 2.640533e-02 1.370880e-04 2.222104e-02 2.586696e-04
-8.456225e-01 2.729833e-02 1.378032e-04 2.255599e-02 2.598186e-04
-8.436225e-01 2.821704e-02 1.385265e-04 2.288910e-02 2.609768e-04
-8.416225e-01 2.916052e-02 1.392579e-04 2.321979e-02 2.621443e-04
-8.396225e-01 3.012756e-02 1.399975e-04 2.354744e-02 2.633211e-04
-8.376225e-01 3.111655e-02 1.407455e-04 2.387143e-02 2.645075e-04
-8.356225e-01 3.212555e-02 1.415020e-04 2.419110e-02 2.657035e-04
-8.336225e-01 3.315218e-02 1.422671e-04 2.450577e-02 2.669092e-04
-8.316225e-01 3.419361e-02 1.430408e-04 2.481475e-02 2.681247e-04
-8.296225e-01 3.524656e-02 1.438234e-04 2.511735e-02 2.693502e-04
-8.276225e-01 3.630724e-02 1.446148e-04 2.541286e-02 2.705857e-04
-8.256225e-01 3.737136e-02 1.454154e-04 2.570055e-02 2.718313e-04
-8.236225e-01 3.843411e-02 1.462250e-04 2.597971e-02 2.730872e-04
-8.216225e-01 3.949019e-02 1.470440e-04 2.624962e-02 2.743535e-04
-8.196225e-01 4.053381e-02 1.478723e-04 2.650957e-02 2.756302e-04
-8.176225e-01 4.155873e-02 1.487101e-04 2.675887e-02 2.769175e-04
-8.156225e-01 4.255832e-02 1.495575e-04 2.699683e-02 2.782155e-04
-8.136225e-01 4.352566e-02 1.504147e-04 2.722278e-02 2.795244e-04
-8.116225e-01 4.445356e-02 1.512817e-04 2.743610e-02 2.808441e-04
-8.096225e-01 4.533476e-02 1.521586e-04 2.763616e-02 2.821749e-04
-8.076225e-01 4.616197e-02 1.530457e-04 2.782240e-02 2.835168e-04
-8.056225e-01 4.692809e-02 1.539429e-04 2.799428e-02 2.848699e-04
-8.036225e-01 4.762626e-02 1.548505e-04 2.815131e-02 2.862345e-04
-8.016225e-01 4.825012e-02 1.557685e-04 2.829304e-02 2.876104e-04
-7.996225e-01 4.879386e-02 1.566972e-04 2.841908e-02 2.889980e-04
-7.976225e-01 4.925245e-02 1.576365e-04 2.852908e-02 2.903973e-04
-7.956225e-01 4.962171e-02 1.585866e-04 2.862277e-02 2.918084e-04
-7.936225e-01 4.989844e-02 1.595477e-04 2.869991e-02 2.932314e-04
-7.916225e-01 5.008050e-02 1.605199e-04 2.876034e-02 2.946665e-04
-7.896225e-01 5.016687e-02 1.615032e-04 2.880396e-02 2.961137e-04
-7.876225e-01 5.015767e-02 1.624978e-04 2.883073e-02 2.975733e-04
-7.856225e-01 5.005410e-02 1.635039e-04 2.884066e-02 2.990452e-04
-7.836225e-01 4.985845e-02 1.645215e-04 2.883385e-02 3.005296e-04
-7.816225e-01 4.957401e-02 1.655508e-04 2.881043e-02 3.020266e-04
-7.796225e-01 4.920494e-02 1.665919e-04 2.877061e-02 3.035364e-04
-7.776225e-01 4.875618e-02 1.676451e-04 2.871465e-02 3.050590e-04
-7.756225e-01 4.823333e-02 1.687103e-04 2.864286e-02 3.065946e-04
-7.736225e-01 4.764246e-02 1.697878e-04 2.855562e-02 3.081433e-04
-7.716225e-01 4.699004e-02 1.708777e-04 2.845333e-02 3.097052e-04
-7.696225e-01 4.628275e-02 1.719801e-04 2.833645e-02 3.112805e-04
-7.676225e-01 4.552733e-02 1.730951e-04 2.820549e-02 3.128692e-04
-7.656225e-01 4.473052e-02 1.742229e-04 2.806098e-02 3.144715e-04
-7.636225e-01 4.389888e-02 1.753635e-04 2.790348e-02 3.160875e-04
-7.616225e-01 4.303873e-02 1.765171e-04 2.773359e-02 3.177173e-04
-7.596225e-01 4.215611e-02 1.776837e-04 2.755192e-02 3.193610e-04
-7.576225e-01 4.125664e-02 1.788637e-04 2.735912e-02 3.210188e-04
-7.556225e-01 4.034557e-02 1.800571e-04 2.715582e-02 3.226908e-04
-7.536225e-01 3.942772e-02 1.812640e-04 2.694269e-02 3.243771e-04
-7.516225e-01 3.850746e-02 1.824848e-04 2.672039e-02 3.260778e-04
-7.496225e-01 3.758873e-02 1.837195e-04 2.648959e-02 3.277931e-04
-7.476225e-01 3.667506e-02 1.849682e-04 2.625095e-02 3.295231e-04
-7.456225e-01 3.576953e-02 1.862313e-04 2.600512e-02 3.312679e-04
-7.436225e-01 3.487485e-02 1.875086e-04 2.575276e-02 3.330276e-04
-7.416225e-01 3.399334e-02 1.888004e-04 2.549451e-02 3.348023e-04
-7.396225e-01 3.312694e-02 1.901068e-04 2.523099e-02 3.365923e-04
-7.376225e-01 3.227727e-02 1.914277e-04 2.496281e-02 3.383975e-04
-7.356225e-01 3.144563e-02 1.927634e-04 2.469056e-02 3.402182e-04
-7.336225e-01 3.063307e-02 1.941139e-04 2.441482e-02 3.420545e-04
-7.316225e-01 2.984035e-02 1.954795e-04 2.413612e-02 3.439064e-04
-7.296225e-01 2.906807e-02 1.968602e-04 2.385499e-02 3.457742e-04
-7.276225e-01 2.831659e-02 1.982564e-04 2.357195e-02 3.476579e-04
-7.256225e-01 2.758617e-02 1.996683e-04 2.328747e-02 3.495577e-04
-7.236225e-01 2.687691e-02 2.010960e-04 2.300200e-02 3.514737e-04
-7.216225e-01 2.618879e-02 2.025399e-04 2.271598e-02 3.534060e-04
-7.196225e-01 2.552172e-02 2.040000e-04 2.242982e-02 3.553548e-04
-7.176225e-01 2.487550e-02 2.054766e-04 2.214389e-02 3.573202e-04
-7.156225e-01 2.424986e-02 2.069697e-04 2.185855e-02 3.593024e-04
-7.136225e-01 2.364447e-02 2.084793e-04 2.157414e-02 3.613014e-04
-7.116225e-01 2.305893e-02 2.100055e-04 2.129097e-02 3.633173e-04
-7.096225e-01 2.249277e-02 2.115483e-04 2.100933e-02 3.653505e-04
-7.076225e-01 2.194552e-02 2.131077e-04 2.072947e-02 3.674008e-04
-7.056225e-01 2.141664e-02 2.146838e-04 2.045165e-02 3.694686e-04
-7.036225e-01 2.090558e-02 2.162769e-04 2.017609e-02 3.715539e-04
-7.016225e-01 2.041179e-02 2.178871e-04 1.990299e-02 3.736568e-04
-6.996225e-01 1.993472e-02 2.195148e-04 1.963253e-02 3.757775e-04
-6.976225e-01 1.947382e-02 2.211602e-04 1.936490e-02 3.779162e-04
-6.956225e-01 1.902858e-02 2.228238e-04 1.910022e-02 3.800729e-04
-6.936225e-01 1.859849e-02 2.245058e-04 1.883864e-02 3.822478e-04
-6.916225e-01 1.818304e-02 2.262066e-04 1.858028e-02 3.844410e-04
-6.896225e-01 1.778177e-02 2.279263e-04 1.832524e-02 3.866527e-04
-6.876225e-01 1.739419e-02 2.296649e-04 1.807360e-02 3.888829e-04
-6.856225e-01 1.701984e-02 2.314226e-04 1.782546e-02 3.911320e-04
-6.836225e-01 1.665826e-02 2.331992e-04 1.758086e-02 3.933998e-04
-6.816225e-01 1.630896e-02 2.349946e-04 1.733987e-02 3.956867e-04
-6.796225e-01 1.597147e-02 2.368087e-04 1.710253e-02 3.979927e-04
-6.776225e-01 1.564534e-02 2.386414e-04 1.686887e-02 4.003180e-04
-6.756225e-01 1.533009e-02 2.404927e-04 1.663892e-02 4.026627e-04
-6.736225e-01 1.502527e-02 2.423629e-04 1.641270e-02 4.050269e-04
-6.716225e-01 1.473047e-02 2.442522e-04 1.619022e-02 4.074109e-04
-6.696225e-01 1.444527e-02 2.461611e-04 1.597147e-02 4.098146e-04
-6.676225e-01 1.416931e-02 2.480900e-04 1.575645e-02 4.122383e-04
-6.656225e-01 1.390224e-02 2.500396e-04 1.554516e-02 4.146821e-04
-6.636225e-01 1.364374e-02 2.520103e-04 1.533758e-02 4.171461e-04
-6.616225e-01 1.339353e-02 2.540027e-04 1.513368e-02 4.196305e-04
-6.596225e-01 1.315132e-02 2.560169e-04 1.493345e-02 4.221354e-04
-6.576225e-01 1.291686e-02 2.580533e-04 1.473685e-02 4.246609e-04
-6.556225e-01 1.268988e-02 2.601117e-04 1.454386e-02 4.272072e-04
-6.536225e-01 1.247013e-02 2.621918e-04 1.435444e-02 4.297745e-04
-6.516225e-01 1.225734e-02 2.642934e-04 1.416854e-02 4.323627e-04
-6.496225e-01 1.205124e-02 2.664161e-04 1.398614e-02 4.349722e-04
-6.476225e-01 1.185156e-02 2.685594e-04 1.380718e-02 4.376030e-04
-6.456225e-01 1.165802e-02 2.707232e-04 1.363162e-02 4.402553e-04
-6.436225e-01 1.147034e-02 2.729073e-04 1.345942e-02 4.429291e-04
-6.416225e-01 1.128828e-02 2.751119e-04 1.329053e-02 4.456247e-04
-6.396225e-01 1.111158e-02 2.773375e-04 1.312489e-02 4.483422e-04
-6.376225e-01 1.094003e-02 2.795848e-04 1.296247e-02 4.510817e-04
-6.356225e-01 1.077342e-02 2.818544e-04 1.280320e-02 4.538434e-04
-6.336225e-01 1.061160e-02 2.841474e-04 1.264703e-02 4.566273e-04
-6.316225e-01 1.045441e-02 2.864647e-04 1.249393e-02 4.594337e-04
-6.296225e-01 1.030172e-02 2.888071e-04 1.234382e-02 4.622626e-04
-6.276225e-01 1.015343e-02 2.911751e-04 1.219666e-02 4.651142e-04
-6.256225e-01 1.000943e-02 2.935690e-04 1.205240e-02 4.679887e-04
-6.236225e-01 9.869603e-03 2.959886e-04 1.191099e-02 4.708861e-04
-6.216225e-01 9.733843e-03 2.984336e-04 1.177236e-02 4.738066e-04
-6.196225e-01 9.602024e-03 3.009032e-04 1.163648e-02 4.767504e-04
-6.176225e-01 9.474007e-03 3.033967e-04 1.150328e-02 4.797176e-04
-6.156225e-01 9.349640e-03 3.059131e-04 1.137272e-02 4.827082e-04
-6.136225e-01 9.228761e-03 3.084516e-04 1.124475e-02 4.857226e-04
-6.116225e-01 9.111204e-03 3.110117e-04 1.111931e-02 4.887607e-04
-6.096225e-01 8.996804e-03 3.135931e-04 1.099635e-02 4.918227e-04
-6.076225e-01 8.885403e-03 3.161963e-04 1.087583e-02 4.949088e-04
-6.056225e-01 8.776861e-03 3.188217e-04 1.075769e-02 4.980191e-04
-6.036225e-01 8.671054e-03 3.214706e-04 1.064189e-02 5.011537e-04
-6.016225e-01 8.567886e-03 3.241443e-04 1.052837e-02 5.043127e-04
-5.996225e-01 8.467281e-03 3.268444e-04 1.041711e-02 5.074964e-04
-5.976225e-01 8.369187e-03 3.295724e-04 1.030803e-02 5.107048e-04
-5.956225e-01 8.273571e-03 3.323297e-04 1.020111e-02 5.139380e-04
-5.936225e-01 8.180408e-03 3.351172e-04 1.009629e-02 5.171963e-04
-5.916225e-01 8.089680e-03 3.379353e-04 9.993536e-03 5.204796e-04
-5.896225e-01 8.001365e-03 3.407840e-04 9.892799e-03 5.237883e-04
-5.876225e-01 7.915430e-03 3.436626e-04 9.794038e-03 5.271223e-04
-5.856225e-01 7.831826e-03 3.465697e-04 9.697212e-03 5.304818e-04
-5.836225e-01 7.750488e-03 3.495039e-04 9.602280e-03 5.338670e-04
-5.816225e-01 7.671328e-03 3.524634e-04 9.509201e-03 5.372780e-04
-5.796225e-01 7.594245e-03 3.554465e-04 9.417936e-03 5.407149e-04
-5.776225e-01 7.519125e-03 3.584519e-04 9.328448e-03 5.441778e-04
-5.756225e-01 7.445845e-03 3.614785e-04 9.240697e-03 5.476669e-04
-5.736225e-01 7.374288e-03 3.645263e-04 9.154648e-03 5.511824e-04
-5.716225e-01 7.304343e-03 3.675958e-04 9.070264e-03 5.547242e-04
-5.696225e-01 7.235916e-03 3.706882e-04 8.987509e-03 5.582926e-04
-5.676225e-01 7.168934e-03 3.738055e-04 8.906350e-03 5.618877e-04
-5.656225e-01 7.103349e-03 3.769500e-04 8.826751e-03 5.655097e-04
-5.636225e-01 7.039138e-03 3.801245e-04 8.748681e-03 5.691586e-04
-5.616225e-01 6.976300e-03 3.833315e-04 8.672106e-03 5.728345e-04
-5.596225e-01 6.914850e-03 3.865731e-04 8.596994e-03 5.765377e-04
-5.576225e-01 6.854817e-03 3.898510e-04 8.523316e-03 5.802682e-04
-5.556225e-01 6.796231e-03 3.931659e-04 8.451040e-03 5.840261e-04
-5.536225e-01 6.739118e-03 3.965175e-04 8.380137e-03 5.878117e-04
-5.516225e-01 6.683492e-03 3.999046e-04 8.310578e-03 5.916249e-04
-5.496225e-01 6.629348e-03 4.033252e-04 8.242334e-03 5.954660e-04
-5.476225e-01 6.576658e-03 4.067766e-04 8.175378e-03 5.993350e-04
-5.456225e-01 6.525373e-03 4.102556e-04 8.109683e-03 6.032321e-04
-5.436225e-01 6.475420e-03 4.137593e-04 8.045222e-03 6.071574e-04
-5.416225e-01 6.426709e-03 4.172847e-04 7.981970e-03 6.111111e-04
-5.396225e-01 6.379138e-03 4.208299e-04 7.919901e-03 6.150931e-04
-5.376225e-01 6.332600e-03 4.243938e-04 7.858991e-03 6.191038e-04
-5.356225e-01 6.286993e-03 4.279766e-04 7.799215e-03 6.231431e-04
-5.336225e-01 6.242226e-03 4.315795e-04 7.740550e-03 6.272113e-04
-5.316225e-01 6.198229e-03 4.352052e-04 7.682974e-03 6.313084e-04
-5.296225e-01 6.154955e-03 4.388571e-04 7.626462e-03 6.354346e-04
-5.276225e-01 6.112383e-03 4.425394e-04 7.570995e-03 6.395899e-04
-5.256225e-01 6.070522e-03 4.462564e-04 7.516550e-03 6.437746e-04
-5.236225e-01 6.029401e-03 4.500122e-04 7.463106e-03 6.479887e-04
-5.216225e-01 5.989070e-03 4.538102e-04 7.410643e-03 6.522323e-04
-5.196225e-01 5.949590e-03 4.576528e-04 7.359142e-03 6.565056e-04
-5.176225e-01 5.911022e-03 4.615410e-04 7.308582e-03 6.608087e-04
-5.156225e-01 5.873425e-03 4.654742e-04 7.258944e-03 6.651416e-04
-5.136225e-01 5.836841e-03 4.694503e-04 7.210211e-03 6.695046e-04
-5.116225e-01 5.801291e-03 4.734658e-04 7.162364e-03 6.738977e-04
-5.096225e-01 5.766773e-03 4.775162e-04 7.115385e-03 6.783211e-04
-5.076225e-01 5.733256e-03 4.815963e-04 7.069257e-03 6.827748e-04
-5.056225e-01 5.700684e-03 4.857008e-04 7.023963e-03 6.872590e-04
-5.036225e-01 5.668975e-03 4.898249e-04 6.979487e-03 6.917737e-04
-5.016225e-01 5.638034e-03 4.939647e-04 6.935812e-03 6.963192e-04
-4.996225e-01 5.607754e-03 4.981179e-04 6.892922e-03 7.008956e-04
-4.976225e-01 5.578029e-03 5.022838e-04 6.850803e-03 7.055028e-04
-4.956225e-01 5.548759e-03 5.064639e-04 6.809438e-03 7.101411e-04
-4.936225e-01 5.519864e-03 5.106615e-04 6.768814e-03 7.148106e-04
-4.916225e-01 5.491286e-03 5.148814e-04 6.728916e-03 7.195114e-04
-4.896225e-01 5.462996e-03 5.191299e-04 6.689730e-03 7.242436e-04
-4.876225e-01 5.434995e-03 5.234138e-04 6.651243e-03 7.290073e-04
-4.856225e-01 5.407314e-03 5.277401e-04 6.613440e-03 7.338027e-04
-4.836225e-01 5.380009e-03 5.321150e-04 6.576310e-03 7.386298e-04
-4.816225e-01 5.353155e-03 5.365435e-04 6.539839e-03 7.434888e-04
-4.796225e-01 5.326839e-03 5.410287e-04 6.504014e-03 7.483798e-04
-4.776225e-01 5.301147e-03 5.455715e-04 6.468825e-03 7.533029e-04
-4.756225e-01 5.276161e-03 5.501705e-04 6.434258e-03 7.582581e-04
-4.736225e-01 5.251944e-03 5.548217e-04 6.400303e-03 7.632457e-04
-4.716225e-01 5.228535e-03 5.595194e-04 6.366947e-03 7.682657e-04
-4.696225e-01 5.205948e-03 5.642560e-04 6.334180e-03 7.733182e-04
-4.676225e-01 5.184162e-03 5.690232e-04 6.301991e-03 7.784034e-04
-4.656225e-01 5.163128e-03 5.738124e-04 6.270369e-03 7.835213e-04
-4.636225e-01 5.142768e-03 5.786157e-04 6.239304e-03 7.886721e-04
-4.616225e-01 5.122983e-03 5.834268e-04 6.208785e-03 7.938559e-04
-4.596225e-01 5.103660e-03 5.882414e-04 6.178803e-03 7.990727e-04
-4.576225e-01 5.084682e-03 5.930581e-04 6.149348e-03 8.043227e-04
-4.556225e-01 5.065935e-03 5.978783e-04 6.120410e-03 8.096061e-04
-4.536225e-01 5.047322e-03 6.027063e-04 6.091981e-03 8.149228e-04
-4.516225e-01 5.028769e-03 6.075493e-04 6.064050e-03 8.202732e-04
-4.496225e-01 5.010230e-03 6.124162e-04 6.036609e-03 8.256571e-04
-4.476225e-01 4.991694e-03 6.173178e-04 6.009649e-03 8.310749e-04
-4.456225e-01 4.973183e-03 6.222648e-04 5.983163e-03 8.365266e-04
-4.436225e-01 4.954750e-03 6.272675e-04 5.957141e-03 8.420123e-04
-4.416225e-01 4.936478e-03 6.323349e-04 5.931576e-03 8.475321e-04
-4.396225e-01 4.918466e-03 6.374733e-04 5.906460e-03 8.530861e-04
-4.376225e-01 4.900824e-03 6.426862e-04 5.881785e-03 8.586745e-04
-4.356225e-01 4.883662e-03 6.479734e-04 5.857543e-03 8.642973e-04
-4.336225e-01 4.867079e-03 6.533314e-04 5.833728e-03 8.699547e-04
-4.316225e-01 4.851157e-03 6.587531e-04 5.810332e-03 8.756468e-04
-4.296225e-01 4.835948e-03 6.642286e-04 5.787348e-03 8.813737e-04
-4.276225e-01 4.821472e-03 6.697458e-04 5.764768e-03 8.871354e-04
-4.256225e-01 4.807717e-03 6.752915e-04 5.742587e-03 8.929321e-04
-4.236225e-01 4.794633e-03 6.808525e-04 5.720798e-03 8.987639e-04
-4.216225e-01 4.782138e-03 6.864168e-04 5.699393e-03 9.046309e-04
-4.196225e-01 4.770127e-03 6.919747e-04 5.678367e-03 9.105332e-04
-4.176225e-01 4.758475e-03 6.975198e-04 5.657712e-03 9.164709e-04
-4.156225e-01 4.747049e-03 7.030495e-04 5.637424e-03 9.224442e-04
-4.136225e-01 4.735719e-03 7.085659e-04 5.617495e-03 9.284532e-04
-4.116225e-01 4.724366e-03 7.140752e-04 5.597921e-03 9.344979e-04
-4.096225e-01 4.712897e-03 7.195876e-04 5.578694e-03 9.405786e-04
-4.076225e-01 4.701245e-03 7.251167e-04 5.559810e-03 9.466953e-04
-4.056225e-01 4.689383e-03 7.306780e-04 5.541263e-03 9.528482e-04
-4.036225e-01 4.677320e-03 7.362882e-04 5.523048e-03 9.590374e-04
-4.016225e-01 4.665105e-03 7.419633e-04 5.505160e-03 9.652630e-04
-3.996225e-01 4.652817e-03 7.477175e-04 5.487593e-03 9.715252e-04
-3.976225e-01 4.640567e-03 7.535620e-04 5.470342e-03 9.778240e-04
-3.956225e-01 4.628480e-03 7.595037e-04 5.453404e-03 9.841597e-04
-3.936225e-01 4.616690e-03 7.655450e-04 5.436772e-03 9.905322e-04
-3.916225e-01 4.605330e-03 7.716829e-04 5.420443e-03 9.969417e-04
-3.896225e-01 4.594514e-03 7.779092e-04 5.404412e-03 1.003388e-03
-3.876225e-01 4.584337e-03 7.842113e-04 5.388675e-03 1.009872e-03
-3.856225e-01 4.574861e-03 7.905729e-04 5.373226e-03 1.016393e-03
-3.836225e-01 4.566110e-03 7.969748e-04 5.358062e-03 1.022952e-03
-3.816225e-01 4.558071e-03 8.033971e-04 5.343179e-03 1.029548e-03
-3.796225e-01 4.550688e-03 8.098202e-04 5.328572e-03 1.036182e-03
-3.776225e-01 4.543874e-03 8.162268e-04 5.314236e-03 1.042853e-03
-3.756225e-01 4.537508e-03 8.226033e-04 5.300169e-03 1.049563e-03
-3.736225e-01 4.531451e-03 8.289409e-04 5.286365e-03 1.056310e-03
-3.716225e-01 4.525550e-03 8.352368e-04 5.272821e-03 1.063096e-03
-3.696225e-01 4.519654e-03 8.414946e-04 5.259534e-03 1.069920e-03
-3.676225e-01 4.513623e-03 8.477240e-04 5.246498e-03 1.076782e-03
-3.656225e-01 4.507339e-03 8.539403e-04 5.233711e-03 1.083683e-03
-3.636225e-01 4.500717e-03 8.601634e-04 5.221169e-03 1.090623e-03
-3.616225e-01 4.493710e-03 8.664165e-04 5.208868e-03 1.097601e-03
-3.596225e-01 4.486313e-03 8.727238e-04 5.196806e-03 1.104619e-03
-3.576225e-01 4.478567e-03 8.791094e-04 5.184978e-03 1.111676e-03
-3.556225e-01 4.470550e-03 8.855946e-04 5.173383e-03 1.118772e-03
-3.536225e-01 4.462376e-03 8.921968e-04 5.162017e-03 1.125907e-03
-3.516225e-01 4.454185e-03 8.989280e-04 5.150876e-03 1.133082e-03
-3.496225e-01 4.446133e-03 9.057931e-04 5.139959e-03 1.140297e-03
-3.476225e-01 4.438378e-03 9.127904e-04 5.129263e-03 1.147552e-03
-3.456225e-01 4.431072e-03 9.199104e-04 5.118783e-03 1.154847e-03
-3.436225e-01 4.424346e-03 9.271372e-04 5.108519e-03 1.162182e-03
-3.416225e-01 4.418302e-03 9.344488e-04 5.098468e-03 1.169557e-03
-3.396225e-01 4.413006e-03 9.418190e-04 5.088625e-03 1.176972e-03
-3.376225e-01 4.408481e-03 9.492189e-04 5.078990e-03 1.184428e-03
-3.356225e-01 4.404707e-03 9.566194e-04 5.069559e-03 1.191924e-03
-3.336225e-01 4.401618e-03 9.639929e-04 5.060329e-03 1.199461e-03
-3.316225e-01 4.399112e-03 9.713160e-04 5.051299e-03 1.207038e-03
-3.296225e-01 4.397051e-03 9.785711e-04 5.042464e-03 1.214657e-03
-3.276225e-01 4.395273e-03 9.857482e-04 5.033824e-03 1.222317e-03
-3.256225e-01 4.393606e-03 9.928457e-04 5.025374e-03 1.230018e-03
-3.236225e-01 4.391872e-03 9.998708e-04 5.017114e-03 1.237761e-03
-3.216225e-01 4.389908e-03 1.006839e-03 5.009039e-03 1.245545e-03
-3.196225e-01 4.387572e-03 1.013775e-03 5.001149e-03 1.253371e-03
-3.176225e-01 4.384759e-03 1.020707e-03 4.993441e-03 1.261239e-03
-3.156225e-01 4.381403e-03 1.027669e-03 4.985912e-03 1.269149e-03
-3.136225e-01 4.377485e-03 1.034697e-03 4.978562e-03 1.277102e-03
-3.116225e-01 4.373037e-03 1.041823e-03 4.971387e-03 1.285097e-03
-3.096225e-01 4.368137e-03 1.049080e-03 4.964387e-03 1.293136e-03
-3.076225e-01 4.362903e-03 1.056492e-03 4.957560e-03 1.301217e-03
-3.056225e-01 4.357489e-03 1.064076e-03 4.950903e-03 1.309342e-03
-3.036225e-01 4.352070e-03 1.071842e-03 4.944417e-03 1.317509e-03
-3.016225e-01 4.346831e-03 1.079788e-03 4.938098e-03 1.325721e-03
-2.996225e-01 4.341956e-03 1.087903e-03 4.931946e-03 1.333976e-03
-2.976225e-01 4.337613e-03 1.096165e-03 4.925960e-03 1.342275e-03
-2.956225e-01 4.333944e-03 1.104547e-03 4.920137e-03 1.350618e-03
-2.936225e-01 4.331055e-03 1.113011e-03 4.914477e-03 1.359005e-03
-2.916225e-01 4.329009e-03 1.121519e-03 4.908978e-03 1.367436e-03
-2.896225e-01 4.327822e-03 1.130028e-03 4.903639e-03 1.375912e-03
-2.876225e-01 4.327459e-03 1.138497e-03 4.898457e-03 1.384432e-03
-2.856225e-01 4.327838e-03 1.146891e-03 4.893432e-03 1.392996e-03
-2.836225e-01 4.328835e-03 1.155180e-03 4.888562e-03 1.401606e-03
-2.816225e-01 4.330289e-03 1.163344e-03 4.883846e-03 1.410261e-03
-2.796225e-01 4.332012e-03 1.171374e-03 4.879281e-03 1.418961e-03
-2.776225e-01 4.333805e-03 1.179273e-03 4.874866e-03 1.427707e-03
-2.756225e-01 4.335464e-03 1.187056e-03 4.870600e-03 1.436499e-03
-2.736225e-01 4.336801e-03 1.194749e-03 4.866482e-03 1.445337e-03
-2.716225e-01 4.337649e-03 1.202388e-03 4.862509e-03 1.454221e-03
-2.696225e-01 4.337883e-03 1.210017e-03 4.858682e-03 1.463152e-03
-2.676225e-01 4.337419e-03 1.217683e-03 4.854999e-03 1.472130e-03
-2.656225e-01 4.336228e-03 1.225435e-03 4.851460e-03 1.481156e-03
-2.636225e-01 4.334334e-03 1.233322e-03 4.848062e-03 1.490230e-03
-2.616225e-01 4.331817e-03 1.241384e-03 4.844806e-03 1.499351e-03
-2.596225e-01 4.328801e-03 1.249656e-03 4.841692e-03 1.508521e-03
-2.576225e-01 4.325456e-03 1.258162e-03 4.838718e-03 1.517740e-03
-2.556225e-01 4.321976e-03 1.266913e-03 4.835885e-03 1.527008e-03
-2.536225e-01 4.318574e-03 1.275908e-03 4.833193e-03 1.536324e-03
-2.516225e-01 4.315466e-03 1.285130e-03 4.830640e-03 1.545690e-03
-2.496225e-01 4.312858e-03 1.294554e-03 4.828226e-03 1.555106e-03
-2.476225e-01 4.310930e-03 1.304139e-03 4.825952e-03 1.564572e-03
-2.456225e-01 4.309829e-03 1.313837e-03 4.823818e-03 1.574088e-03
-2.436225e-01 4.309658e-03 1.323593e-03 4.821822e-03 1.583654e-03
-2.416225e-01 4.310471e-03 1.333350e-03 4.819964e-03 1.593271e-03
-2.396225e-01 4.312265e-03 1.343051e-03 4.818243e-03 1.602938e-03
-2.376225e-01 4.314987e-03 1.352643e-03 4.816660e-03 1.612657e-03
-2.356225e-01 4.318528e-03 1.362082e-03 4.815214e-03 1.622427e-03
-2.336225e-01 4.322737e-03 1.371335e-03 4.813903e-03 1.632249e-03
-2.316225e-01 4.327422e-03 1.380383e-03 4.812728e-03 1.642124e-03
-2.296225e-01 4.332367e-03 1.389224e-03 4.811687e-03 1.652051e-03
-2.276225e-01 4.337341e-03 1.397870e-03 4.810780e-03 1.662032e-03
-2.256225e-01 4.342111e-03 1.406350e-03 4.810006e-03 1.672066e-03
-2.236225e-01 4.346462e-03 1.414708e-03 4.809365e-03 1.682154e-03
-2.216225e-01 4.350206e-03 1.422996e-03 4.808857e-03 1.692298e-03
-2.196225e-01 4.353195e-03 1.431279e-03 4.808481e-03 1.702496e-03
-2.176225e-01 4.355334e-03 1.439622e-03 4.808238e-03 1.712751e-03
-2.156225e-01 4.356583e-03 1.448094e-03 4.808127e-03 1.723063e-03
-2.136225e-01 4.356966e-03 1.456756e-03 4.808148e-03 1.733432e-03
-2.116225e-01 4.356565e-03 1.465663e-03 4.808303e-03 1.743859e-03
-2.096225e-01 4.355518e-03 1.474860e-03 4.808592e-03 1.754345e-03
-2.076225e-01 4.354010e-03 1.484375e-03 4.809015e-03 1.764889e-03
-2.056225e-01 4.352261e-03 1.494221e-03 4.809574e-03 1.775494e-03
-2.036225e-01 4.350513e-03 1.504393e-03 4.810269e-03 1.786158e-03
-2.016225e-01 4.349016e-03 1.514871e-03 4.811101e-03 1.796883e-03
-1.996225e-01 4.348014e-03 1.525616e-03 4.812072e-03 1.807670e-03
-1.976225e-01 4.347728e-03 1.536575e-03 4.813181e-03 1.818518e-03
-1.956225e-01 4.348346e-03 1.547683e-03 4.814430e-03 1.829429e-03
-1.936225e-01 4.350012e-03 1.558867e-03 4.815820e-03 1.840402e-03
-1.916225e-01 4.352819e-03 1.570048e-03 4.817351e-03 1.851439e-03
-1.896225e-01 4.356800e-03 1.581150e-03 4.819024e-03 1.862540e-03
-1.876225e-01 4.361931e-03 1.592101e-03 4.820839e-03 1.873706e-03
-1.856225e-01 4.368127e-03 1.602839e-03 4.822797e-03 1.884937e-03
-1.836225e-01 4.375249e-03 1.613316e-03 4.824898e-03 1.896234e-03
-1.816225e-01 4.383110e-03 1.623501e-03 4.827141e-03 1.907598e-03
-1.796225e-01 4.391484e-03 1.633385e-03 4.829528e-03 1.919031e-03
-1.776225e-01 4.400119e-03 1.642978e-03 4.832059e-03 1.930532e-03
-1.756225e-01 4.408749e-03 1.652313e-03 4.834733e-03 1.942103e-03
-1.736225e-01 4.417114e-03 1.661440e-03 4.837550e-03 1.953746e-03
-1.716225e-01 4.424968e-03 1.670428e-03 4.840513e-03 1.965461e-03
-1.696225e-01 4.432100e-03 1.679356e-03 4.843620e-03 1.977250e-03
-1.676225e-01 4.438346e-03 1.688312e-03 4.846872e-03 1.989114e-03
-1.656225e-01 4.443599e-03 1.697386e-03 4.850272e-03 2.001054e-03
-1.636225e-01 4.447815e-03 1.706667e-03 4.853819e-03 2.013072e-03
-1.616225e-01 4.451019e-03 1.716236e-03 4.857514e-03 2.025168e-03
-1.596225e-01 4.453304e-03 1.726161e-03 4.861361e-03 2.037345e-03
-1.576225e-01 4.454825e-03 1.736493e-03 4.865360e-03 2.049603e-03
-1.556225e-01 4.455789e-03 1.747268e-03 4.869512e-03 2.061944e-03
-1.536225e-01 4.456446e-03 1.758495e-03 4.873821e-03 2.074369e-03
-1.516225e-01 4.457074e-03 1.770167e-03 4.878288e-03 2.086879e-03
-1.496225e-01 4.457961e-03 1.782251e-03 4.882915e-03 2.099475e-03
-1.476225e-01 4.459393e-03 1.794694e-03 4.887704e-03 2.112160e-03
-1.456225e-01 4.461635e-03 1.807426e-03 4.892657e-03 2.124933e-03
-1.436225e-01 4.464921e-03 1.820362e-03 4.897776e-03 2.137796e-03
-1.416225e-01 4.469439e-03 1.833404e-03 4.903063e-03 2.150750e-03
-1.396225e-01 4.475323e-03 1.846453e-03 4.908519e-03 2.163798e-03
-1.376225e-01 4.482648e-03 1.859408e-03 4.914146e-03 2.176939e-03
-1.356225e-01 4.491421e-03 1.872173e-03 4.919944e-03 2.190176e-03
-1.336225e-01 4.501586e-03 1.884668e-03 4.925915e-03 2.203511e-03
-1.316225e-01 4.513021e-03 1.896827e-03 4.932060e-03 2.216944e-03
-1.296225e-01 4.525548e-03 1.908609e-03 4.938379e-03 2.230477e-03
-1.276225e-01 4.538939e-03 1.919996e-03 4.944873e-03 2.244114e-03
-1.256225e-01 4.552924e-03 1.930997e-03 4.951542e-03 2.257854e-03
-1.236225e-01 4.567212e-03 1.941651e-03 4.958386e-03 2.271702e-03
-1.216225e-01 4.581497e-03 1.952017e-03 4.965407e-03 2.285658e-03
-1.196225e-01 4.595482e-03 1.962181e-03 4.972603e-03 2.299726e-03
-1.176225e-01 4.608890e-03 1.972243e-03 4.979977e-03 2.313907e-03
-1.156225e-01 4.621485e-03 1.982318e-03 4.987529e-03 2.328204e-03
-1.136225e-01 4.633085e-03 1.992525e-03 4.995259e-03 2.342619e-03
-1.116225e-01 4.643569e-03 2.002983e-03 5.003168e-03 2.357156e-03
-1.096225e-01 4.652893e-03 2.013805e-03 5.011259e-03 2.371816e-03
-1.076225e-01 4.661087e-03 2.025091e-03 5.019531e-03 2.386602e-03
-1.056225e-01 4.668259e-03 2.036924e-03 5.027988e-03 2.401517e-03
-1.036225e-01 4.674587e-03 2.049365e-03 5.036630e-03 2.416563e-03
-1.016225e-01 4.680310e-03 2.062452e-03 5.045460e-03 2.431742e-03
-9.962249e-02 4.685715e-03 2.076194e-03 5.054479e-03 2.447057e-03
-9.762249e-02 4.691125e-03 2.090573e-03 5.063690e-03 2.462510e-03
-9.562249e-02 4.696875e-03 2.105547e-03 5.073094e-03 2.478103e-03
-9.362249e-02 4.703303e-03 2.121045e-03 5.082693e-03 2.493838e-03
-9.162249e-02 4.710728e-03 2.136976e-03 5.092489e-03 2.509718e-03
-8.962249e-02 4.719436e-03 2.153232e-03 5.102483e-03 2.525746e-03
-8.762249e-02 4.729667e-03 2.169689e-03 5.112676e-03 2.541922e-03
-8.562249e-02 4.741604e-03 2.186220e-03 5.123069e-03 2.558250e-03
-8.362249e-02 4.755364e-03 2.202698e-03 5.133663e-03 2.574731e-03
-8.162249e-02 4.770992e-03 2.219001e-03 5.144457e-03 2.591369e-03
-7.962249e-02 4.788460e-03 2.235024e-03 5.155450e-03 2.608165e-03
-7.762249e-02 4.807665e-03 2.250684e-03 5.166643e-03 2.625123e-03
-7.562249e-02 4.828436e-03 2.265922e-03 5.178034e-03 2.642245e-03
-7.362249e-02 4.850537e-03 2.280713e-03 5.189621e-03 2.659534e-03
-7.162249e-02 4.873681e-03 2.295064e-03 5.201402e-03 2.676993e-03
-6.962249e-02 4.897535e-03 2.309016e-03 5.213377e-03 2.694626e-03
-6.762249e-02 4.921746e-03 2.322643e-03 5.225542e-03 2.712435e-03
-6.562249e-02 4.945949e-03 2.336048e-03 5.237895e-03 2.730424e-03
-6.362249e-02 4.969788e-03 2.349357e-03 5.250434e-03 2.748596e-03
-6.162249e-02 4.992936e-03 2.362717e-03 5.263157e-03 2.766955e-03
-5.962249e-02 5.015116e-03 2.376282e-03 5.276062e-03 2.785505e-03
-5.762249e-02 5.036109e-03 2.390211e-03 5.289146e-03 2.804248e-03
-5.562249e-02 5.055776e-03 2.404657e-03 5.302408e-03 2.823188e-03
-5.362249e-02 5.074062e-03 2.419763e-03 5.315846e-03 2.842328e-03
-5.162249e-02 5.091002e-03 2.435652e-03 5.329457e-03 2.861672e-03
-4.962249e-02 5.106723e-03 2.452425e-03 5.343242e-03 2.881223e-03
-4.762249e-02 5.121433e-03 2.470154e-03 5.357197e-03 2.900983e-03
-4.562249e-02 5.135414e-03 2.488879e-03 5.371322e-03 2.920956e-03
-4.362249e-02 5.149005e-03 2.508608e-03 5.385616e-03 2.941144e-03
-4.162249e-02 5.162589e-03 2.529313e-03 5.400076e-03 2.961549e-03
-3.962249e-02 5.176567e-03 2.550934e-03 5.414701e-03 2.982173e-03
-3.762249e-02 5.191345e-03 2.573380e-03 5.429489e-03 3.003020e-03
-3.562249e-02 5.207307e-03 2.596532e-03 5.444437e-03 3.024090e-03
-3.362249e-02 5.224805e-03 2.620246e-03 5.459544e-03 3.045387e-03
-3.162249e-02 5.244136e-03 2.644364e-03 5.474805e-03 3.066911e-03
-2.962249e-02 5.265531e-03 2.668717e-03 5.490217e-03 3.088664e-03
-2.762249e-02 5.289146e-03 2.693134e-03 5.505776e-03 3.110649e-03
-2.562249e-02 5.315049e-03 2.717454e-03 5.521477e-03 3.132868e-03
-2.362249e-02 5.343224e-03 2.741529e-03 5.537313e-03 3.155322e-03
-2.162249e-02 5.373560e-03 2.765240e-03 5.553280e-03 3.178013e-03
-1.962249e-02 5.405862e-03 2.788497e-03 5.569371e-03 3.200943e-03
-1.762249e-02 5.439850e-03 2.811251e-03 5.585577e-03 3.224115e-03
-1.562249e-02 5.475175e-03 2.833495e-03 5.601893e-03 3.247532e-03
-1.362249e-02 5.511425e-03 2.855265e-03 5.618310e-03 3.271194e-03
-1.162249e-02 5.548148e-03 2.876643e-03 5.634820e-03 3.295106e-03
-9.622489e-03 5.584865e-03 2.897750e-03 5.651414e-03 3.319268e-03
-7.622489e-03 5.621098e-03 2.918742e-03 5.668086e-03 3.343685e-03
-5.622489e-03 5.656388e-03 2.939803e-03 5.684826e-03 3.368358e-03
-3.622489e-03 5.690320e-03 2.961134e-03 5.701626e-03 3.393290e-03
-1.622489e-03 5.722545e-03 2.982946e-03 5.718479e-03 3.418483e-03
3.775114e-04 5.752801e-03 3.005451e-03 5.735378e-03 3.443939e-03
2.377511e-03 5.780927e-03 3.028849e-03 5.752314e-03 3.469661e-03
4.377511e-03 5.806873e-03 3.053320e-03 5.769282e-03 3.495650e-03
6.377511e-03 5.830703e-03 3.079019e-03 5.786275e-03 3.521907e-03
8.377511e-03 5.852598e-03 3.106066e-03 5.803286e-03 3.548434e-03
1.037751e-02 5.872841e-03 3.134541e-03 5.820310e-03 3.575232e-03
1.237751e-02 5.891803e-03 3.164483e-03 5.837342e-03 3.602301e-03
1.437751e-02 5.909927e-03 3.195884e-03 5.854375e-03 3.629642e-03
1.637751e-02 5.927703e-03 3.228690e-03 5.871404e-03 3.657253e-03
1.837751e-02 5.945642e-03 3.262800e-03 5.888425e-03 3.685136e-03
2.037751e-02 5.964252e-03 3.298073e-03 5.905430e-03 3.713289e-03
2.237751e-02 5.984014e-03 3.334327e-03 5.922415e-03 3.741711e-03
2.437751e-02 6.005357e-03 3.371349e-03 5.939374e-03 3.770402e-03
2.637751e-02 6.028641e-03 3.408902e-03 5.956299e-03 3.799360e-03
2.837751e-02 6.054137e-03 3.446734e-03 5.973183e-03 3.828584e-03
3.037751e-02 6.082016e-03 3.484590e-03 5.990020e-03 3.858073e-03
3.237751e-02 6.112342e-03 3.522223e-03 6.006801e-03 3.887826e-03
3.437751e-02 6.145061e-03 3.559410e-03 6.023518e-03 3.917841e-03
3.637751e-02 6.180007e-03 3.595960e-03 6.040162e-03 3.948118e-03
3.837751e-02 6.216900e-03 3.631725e-03 6.056723e-03 3.978656e-03
4.037751e-02 6.255360e-03 3.666616e-03 6.073192e-03 4.009453e-03
4.237751e-02 6.294914e-03 3.700600e-03 6.089559e-03 4.040511e-03
4.437751e-02 6.335018e-03 3.733712e-03 6.105814e-03 4.071827e-03
4.637751e-02 6.375075e-03 3.766048e-03 6.121947e-03 4.103403e-03
4.837751e-02 6.414462e-03 3.797766e-03 6.137949e-03 4.135238e-03
5.037751e-02 6.452557e-03 3.829079e-03 6.153809e-03 4.167332e-03
5.237751e-02 6.488770e-03 3.860242e-03 6.169520e-03 4.199686e-03
5.437751e-02 6.522570e-03 3.891540e-03 6.185072e-03 4.232298e-03
5.637751e-02 6.553517e-03 3.923279e-03 6.200457e-03 4.265170e-03
5.837751e-02 6.581280e-03 3.955766e-03 6.215670e-03 4.298300e-03
6.037751e-02 6.605664e-03 3.989299e-03 6.230704e-03 4.331689e-03
6.237751e-02 6.626617e-03 4.024152e-03 6.245553e-03 4.365336e-03
6.437751e-02 6.644233e-03 4.060561e-03 6.260212e-03 4.399239e-03
6.637751e-02 6.658754e-03 4.098717e-03 6.274679e-03 4.433397e-03
6.837751e-02 6.670553e-03 4.138757e-03 6.288951e-03 4.467807e-03
7.037751e-02 6.680114e-03 4.180753e-03 6.303024e-03 4.502469e-03
7.237751e-02 6.688015e-03 4.224712e-03 6.316897e-03 4.537378e-03
7.437751e-02 6.694887e-03 4.270573e-03 6.330569e-03 4.572532e-03
7.637751e-02 6.701395e-03 4.318205e-03 6.344038e-03 4.607926e-03
7.837751e-02 6.708198e-03 4.367413e-03 6.357304e-03 4.643558e-03
8.037751e-02 6.715924e-03 4.417939e-03 6.370366e-03 4.679422e-03
8.237751e-02 6.725139e-03 4.469474e-03 6.383222e-03 4.715515e-03
8.437751e-02 6.736326e-03 4.521667e-03 6.395871e-03 4.751832e-03
8.637751e-02 6.749863e-03 4.574138e-03 6.408312e-03 4.788368e-03
8.837751e-02 6.766008e-03 4.626493e-03 6.420541e-03 4.825119e-03
9.037751e-02 6.784889e-03 4.678346e-03 6.432557e-03 4.862080e-03
9.237751e-02 6.806495e-03 4.729329e-03 6.444356e-03 4.899248e-03
9.437751e-02 6.830679e-03 4.779122e-03 6.455934e-03 4.936618e-03
9.637751e-02 6.857162e-03 4.827461e-03 6.467287e-03 4.974187e-03
9.837751e-02 6.885535e-03 4.874157e-03 6.478410e-03 5.011952e-03
1.003775e-01 6.915282e-03 4.919111e-03 6.489299e-03 5.049910e-03
1.023775e-01 6.945793e-03 4.962319e-03 6.499949e-03 5.088059e-03
1.043775e-01 6.976389e-03 5.003872e-03 6.510355e-03 5.126396e-03
1.063775e-01 7.006351e-03 5.043960e-03 6.520511e-03 5.164921e-03
1.083775e-01 7.034951e-03 5.082859e-03 6.530414e-03 5.203632e-03
1.103775e-01 7.061484e-03 5.120918e-03 6.540060e-03 5.242528e-03
1.123775e-01 7.085305e-03 5.158547e-03 6.549444e-03 5.281608e-03
1.143775e-01 7.105861e-03 5.196194e-03 6.558566e-03 5.320870e-03
1.163775e-01 7.122719e-03 5.234323e-03 6.567422e-03 5.360315e-03
1.183775e-01 7.135593e-03 5.273400e-03 6.576012e-03 5.399940e-03
1.203775e-01 7.144355e-03 5.313862e-03 6.584336e-03 5.439744e-03
1.223775e-01 7.149051e-03 5.356107e-03 6.592396e-03 5.479725e-03
1.243775e-01 7.149893e-03 5.400473e-03 6.600194e-03 5.519881e-03
1.263775e-01 7.147253e-03 5.447222e-03 6.607733e-03 5.560209e-03
1.283775e-01 7.141643e-03 5.496535e-03 6.615016e-03 5.600704e-03
1.303775e-01 7.133686e-03 5.548494e-03 6.622049e-03 5.641364e-03
1.323775e-01 7.124093e-03 5.603085e-03 6.628837e-03 5.682184e-03
1.343775e-01 7.113624e-03 5.660193e-03 6.635384e-03 5.723157e-03
1.363775e-01 7.103053e-03 5.719600e-03 6.641698e-03 5.764279e-03
1.383775e-01 7.093138e-03 5.780996e-03 6.647783e-03 5.805543e-03
1.403775e-01 7.084587e-03 5.843983e-03 6.653645e-03 5.846942e-03
1.423775e-01 7.078034e-03 5.908088e-03 6.659289e-03 5.888470e-03
1.443775e-01 7.074008e-03 5.972781e-03 6.664719e-03 5.930120e-03
1.463775e-01 7.072924e-03 6.037494e-03 6.669941e-03 5.971884e-03
1.483775e-01 7.075062e-03 6.101643e-03 6.674956e-03 6.013756e-03
1.503775e-01 7.080558e-03 6.164658e-03 6.679767e-03 6.055730e-03
1.523775e-01 7.089403e-03 6.226003e-03 6.684375e-03 6.097800e-03
1.543775e-01 7.101440e-03 6.285212e-03 6.688782e-03 6.139959e-03
1.563775e-01 7.116369e-03 6.341905e-03 6.692987e-03 6.182204e-03
1.583775e-01 7.133756e-03 6.395816e-03 6.696988e-03 6.224530e-03
1.603775e-01 7.153048e-03 6.446810e-03 6.700786e-03 6.266932e-03
1.623775e-01 7.173590e-03 6.494888e-03 6.704377e-03 6.309409e-03
1.643775e-01 7.194653e-03 6.540195e-03 6.707759e-03 6.351959e-03
1.663775e-01 7.215456e-03 6.583014e-03 6.710931e-03 6.394579e-03
1.683775e-01 7.235204e-03 6.623752e-03 6.713890e-03 6.437268e-03
1.703775e-01 7.253118e-03 6.662923e-03 6.716634e-03 6.480026e-03
1.723775e-01 7.268471e-03 6.701123e-03 6.719162e-03 6.522852e-03
1.743775e-01 7.280627e-03 6.739003e-03 6.721472e-03 6.565747e-03
1.763775e-01 7.289066e-03 6.777241e-03 6.723567e-03 6.608709e-03
1.783775e-01 7.293417e-03 6.816509e-03 6.725445e-03 6.651737e-03
1.803775e-01 7.293475e-03 6.857447e-03 6.727110e-03 6.694832e-03
1.823775e-01 7.289212e-03 6.900636e-03 6.728564e-03 6.737991e-03
1.843775e-01 7.280782e-03 6.946573e-03 6.729811e-03 6.781211e-03
1.863775e-01 7.268508e-03 6.995654e-03 6.730857e-03 6.824491e-03
1.883775e-01 7.252873e-03 7.048159e-03 6.731707e-03 6.867827e-03
1.903775e-01 7.234489e-03 7.104236e-03 6.732369e-03 6.911212e-03
1.923775e-01 7.214073e-03 7.163896e-03 6.732849e-03 6.954643e-03
1.943775e-01 7.192409e-03 7.227012e-03 6.733155e-03 6.998112e-03
1.963775e-01 7.170316e-03 7.293313e-03 6.733296e-03 7.041611e-03
1.983775e-01 7.148613e-03 7.362400e-03 6.733279e-03 7.085134e-03
2.003775e-01 7.128087e-03 7.433744e-03 6.733112e-03 7.128670e-03
2.023775e-01 7.109459e-03 7.506713e-03 6.732803e-03 7.172212e-03
2.043775e-01 7.093369e-03 7.580584e-03 6.732358e-03 7.215750e-03
2.063775e-01 7.080342e-03 7.654573e-03 6.731784e-03 7.259274e-03
2.083775e-01 7.070782e-03 7.727863e-03 6.731086e-03 7.302775e-03
2.103775e-01 7.064958e-03 7.799640e-03 6.730267e-03 7.346244e-03
2.123775e-01 7.062990e-03 7.869127e-03 6.729331e-03 7.389674e-03
2.143775e-01 7.064854e-03 7.935623e-03 6.728280e-03 7.433055e-03
2.163775e-01 7.070379e-03 7.998536e-03 6.727113e-03 7.476383e-03
2.183775e-01 7.079249e-03 8.057418e-03 6.725832e-03 7.519650e-03
2.203775e-01 7.091017e-03 8.111990e-03 6.724434e-03 7.562852e-03
2.223775e-01 7.105111e-03 8.162158e-03 6.722918e-03 7.605986e-03
2.243775e-01 7.120861e-03 8.208023e-03 6.721280e-03 7.649049e-03
2.263775e-01 7.137513e-03 8.249879e-03 6.719517e-03 7.692039e-03
2.283775e-01 7.154256e-03 8.288199e-03 6.717627e-03 7.734955e-03
2.303775e-01 7.170260e-03 8.323617e-03 6.715605e-03 7.777798e-03
2.323775e-01 7.184699e-03 8.356893e-03 6.713448e-03 7.820568e-03
2.343775e-01 7.196792e-03 8.388884e-03 6.711153e-03 7.863265e-03
2.363775e-01 7.205839e-03 8.420503e-03 6.708719e-03 7.905892e-03
2.383775e-01 7.211250e-03 8.452679e-03 6.706143e-03 7.948450e-03
2.403775e-01 7.212574e-03 8.486317e-03 6.703425e-03 7.990938e-03
2.423775e-01 7.209527e-03 8.522266e-03 6.700567e-03 8.033357e-03
2.443775e-01 7.201998e-03 8.561283e-03 6.697570e-03 8.075706e-03
2.463775e-01 7.190065e-03 8.604005e-03 6.694436e-03 8.117984e-03
2.483775e-01 7.173980e-03 8.650929e-03 6.691171e-03 8.160188e-03
2.503775e-01 7.154167e-03 8.702391e-03 6.687779e-03 8.202313e-03
2.523775e-01 7.131193e-03 8.758554e-03 6.684266e-03 8.244355e-03
2.543775e-01 7.105744e-03 8.819400e-03 6.680640e-03 8.286307e-03
2.563775e-01 7.078593e-03 8.884729e-03 6.676908e-03 8.328161e-03
2.583775e-01 7.050565e-03 8.954158e-03 6.673078e-03 8.369908e-03
2.603775e-01 7.022505e-03 9.027133e-03 6.669159e-03 8.411538e-03
2.623775e-01 6.995240e-03 9.102941e-03 6.665159e-03 8.453040e-03
2.643775e-01 6.969555e-03 9.180730e-03 6.661085e-03 8.494402e-03
2.663775e-01 6.946162e-03 9.259534e-03 6.656945e-03 8.535614e-03
2.683775e-01 6.925681e-03 9.338311e-03 6.652745e-03 8.576661e-03
2.703775e-01 6.908619e-03 9.415977e-03 6.648492e-03 8.617534e-03
2.723775e-01 6.895357e-03 9.491448e-03 6.644190e-03 8.658221e-03
2.743775e-01 6.886144e-03 9.563693e-03 6.639842e-03 8.698710e-03
2.763775e-01 6.881084e-03 9.631776e-03 6.635450e-03 8.738994e-03
2.783775e-01 6.880139e-03 9.694902e-03 6.631016e-03 8.779063e-03
2.803775e-01 6.883131e-03 9.752462e-03 6.626538e-03 8.818911e-03
2.823775e-01 6.889738e-03 9.804061e-03 6.622015e-03 8.858532e-03
2.843775e-01 6.899512e-03 9.849546e-03 6.617444e-03 8.897923e-03
2.863775e-01 6.911883e-03 9.889015e-03 6.612822e-03 8.937081e-03
2.883775e-01 6.926178e-03 9.922816e-03 6.608143e-03 8.976006e-03
2.903775e-01 6.941642e-03 9.951530e-03 6.603403e-03 9.014698e-03
2.923775e-01 6.957457e-03 9.975948e-03 6.598596e-03 9.053160e-03
2.943775e-01 6.972777e-03 9.997031e-03 6.593717e-03 9.091394e-03
2.963775e-01 6.986754e-03 1.001587e-02 6.588759e-03 9.129403e-03
2.983775e-01 6.998573e-03 1.003363e-02 6.583720e-03 9.167192e-03
3.003775e-01 7.007489e-03 1.005152e-02 6.578593e-03 9.204765e-03
3.023775e-01 7.012855e-03 1.007071e-02 6.573377e-03 9.242126e-03
3.043775e-01 7.014159e-03 1.009232e-02 6.568068e-03 9.279277e-03
3.063775e-01 7.011040e-03 1.011736e-02 6.562665e-03 9.316221e-03
3.083775e-01 7.003315e-03 1.014671e-02 6.557170e-03 9.352960e-03
3.103775e-01 6.990980e-03 1.018108e-02 6.551582e-03 9.389492e-03
3.123775e-01 6.974216e-03 1.022097e-02 6.545906e-03 9.425817e-03
3.143775e-01 6.953375e-03 1.026669e-02 6.540146e-03 9.461930e-03
3.163775e-01 6.928967e-03 1.031833e-02 6.534306e-03 9.497827e-03
3.183775e-01 6.901632e-03 1.037575e-02 6.528393e-03 9.533500e-03
3.203775e-01 6.872112e-03 1.043860e-02 6.522415e-03 9.568941e-03
3.223775e-01 6.841218e-03 1.050630e-02 6.516379e-03 9.604139e-03
3.243775e-01 6.809798e-03 1.057806e-02 6.510294e-03 9.639083e-03
3.263775e-01 6.778700e-03 1.065292e-02 6.504168e-03 9.673761e-03
3.283775e-01 6.748745e-03 1.072976e-02 6.498009e-03 9.708158e-03
3.303775e-01 6.720700e-03 1.080734e-02 6.491826e-03 9.742262e-03
3.323775e-01 6.695252e-03 1.088433e-02 6.485626e-03 9.776059e-03
3.343775e-01 6.672993e-03 1.095937e-02 6.479415e-03 9.809535e-03
3.363775e-01 6.654399e-03 1.103112e-02 6.473199e-03 9.842677e-03
3.383775e-01 6.639825e-03 1.109834e-02 6.466982e-03 9.875476e-03
3.403775e-01 6.629495e-03 1.115989e-02 6.460766e-03 9.907919e-03
3.423775e-01 6.623495e-03 1.121485e-02 6.454553e-03 9.940000e-03
3.443775e-01 6.621776e-03 1.126250e-02 6.448343e-03 9.971712e-03
3.463775e-01 6.624149e-03 1.130243e-02 6.442134e-03 1.000305e-02
3.483775e-01 6.630296e-03 1.133451e-02 6.435924e-03 1.003401e-02
3.503775e-01 6.639769e-03 1.135891e-02 6.429709e-03 1.006460e-02
3.523775e-01 6.652007e-03 1.137611e-02 6.423482e-03 1.009482e-02
3.543775e-01 6.666347e-03 1.138687e-02 6.417239e-03 1.012466e-02
3.563775e-01 6.682038e-03 1.139219e-02 6.410972e-03 1.015414e-02
3.583775e-01 6.698270e-03 1.139326e-02 6.404674e-03 1.018327e-02
3.603775e-01 6.714195e-03 1.139143e-02 6.398338e-03 1.021204e-02
3.623775e-01 6.728955e-03 1.138812e-02 6.391958e-03 1.024048e-02
3.643775e-01 6.741719e-03 1.138479e-02 6.385526e-03 1.026859e-02
3.663775e-01 6.751711e-03 1.138287e-02 6.379036e-03 1.029637e-02
3.683775e-01 6.758246e-03 1.138372e-02 6.372484e-03 1.032384e-02
3.703775e-01 6.760759e-03 1.138854e-02 6.365866e-03 1.035101e-02
3.723775e-01 6.758833e-03 1.139841e-02 6.359179e-03 1.037787e-02
3.743775e-01 6.752215e-03 1.141419e-02 6.352423e-03 1.040444e-02
3.763775e-01 6.740833e-03 1.143652e-02 6.345596e-03 1.043071e-02
3.783775e-01 6.724795e-03 1.146581e-02 6.338703e-03 1.045669e-02
3.803775e-01 6.704387e-03 1.150222e-02 6.331745e-03 1.048237e-02
3.823775e-01 6.680056e-03 1.154565e-02 6.324727e-03 1.050774e-02
3.843775e-01 6.652391e-03 1.159573e-02 6.317657e-03 1.053281e-02
3.863775e-01 6.622094e-03 1.165187e-02 6.310540e-03 1.055756e-02
3.883775e-01 6.589949e-03 1.171323e-02 6.303384e-03 1.058199e-02
3.903775e-01 6.556791e-03 1.177874e-02 6.296199e-03 1.060607e-02
3.923775e-01 6.523472e-03 1.184715e-02 6.288993e-03 1.062980e-02
3.943775e-01 6.490831e-03 1.191707e-02 6.281776e-03 1.065315e-02
3.963775e-01 6.459670e-03 1.198697e-02 6.274555e-03 1.067613e-02
3.983775e-01 6.430723e-03 1.205528e-02 6.267340e-03 1.069871e-02
4.003775e-01 6.404643e-03 1.212042e-02 6.260138e-03 1.072087e-02
4.023775e-01 6.381982e-03 1.218087e-02 6.252955e-03 1.074262e-02
4.043775e-01 6.363180e-03 1.223523e-02 6.245797e-03 1.076393e-02
4.063775e-01 6.348560e-03 1.228230e-02 6.238668e-03 1.078479e-02
4.083775e-01 6.338313e-03 1.232112e-02 6.231569e-03 1.080521e-02
4.103775e-01 6.332506e-03 1.235101e-02 6.224503e-03 1.082517e-02
4.123775e-01 6.331072e-03 1.237162e-02 6.217469e-03 1.084468e-02
4.143775e-01 6.333815e-03 1.238297e-02 6.210463e-03 1.086373e-02
4.163775e-01 6.340414e-03 1.238540e-02 6.203482e-03 1.088234e-02
4.183775e-01 6.350427e-03 1.237958e-02 6.196522e-03 1.090050e-02
4.203775e-01 6.363300e-03 1.236652e-02 6.189575e-03 1.091822e-02
4.223775e-01 6.378382e-03 1.234743e-02 6.182635e-03 1.093552e-02
4.243775e-01 6.394937e-03 1.232376e-02 6.175694e-03 1.095241e-02
4.263775e-01 6.412162e-03 1.229708e-02 6.168742e-03 1.096891e-02
4.283775e-01 6.429218e-03 1.226904e-02 6.161772e-03 1.098502e-02
4.303775e-01 6.445248e-03 1.224130e-02 6.154775e-03 1.100076e-02
4.323775e-01 6.459413e-03 1.221545e-02 6.147743e-03 1.101615e-02
4.343775e-01 6.470922e-03 1.219299e-02 6.140668e-03 1.103121e-02
4.363775e-01 6.479064e-03 1.217529e-02 6.133545e-03 1.104593e-02
4.383775e-01 6.483236e-03 1.216349e-02 6.126369e-03 1.106034e-02
4.403775e-01 6.482974e-03 1.215855e-02 6.119135e-03 1.107445e-02
4.423775e-01 6.477973e-03 1.216117e-02 6.111841e-03 1.108825e-02
4.443775e-01 6.468102e-03 1.217179e-02 6.104487e-03 1.110176e-02
4.463775e-01 6.453405e-03 1.219059e-02 6.097074e-03 1.111497e-02
4.483775e-01 6.434107e-03 1.221746e-02 6.089605e-03 1.112788e-02
4.503775e-01 6.410598e-03 1.225205e-02 6.082083e-03 1.114050e-02
4.523775e-01 6.383412e-03 1.229371e-02 6.074516e-03 1.115280e-02
4.543775e-01 6.353208e-03 1.234156e-02 6.066909e-03 1.116478e-02
4.563775e-01 6.320738e-03 1.239447e-02 6.059271e-03 1.117643e-02
4.583775e-01 6.286813e-03 1.245110e-02 6.051611e-03 1.118774e-02
4.603775e-01 6.252279e-03 1.250995e-02 6.043939e-03 1.119869e-02
4.623775e-01 6.217979e-03 1.256937e-02 6.036263e-03 1.120927e-02
4.643775e-01 6.184731e-03 1.262767e-02 6.028595e-03 1.121945e-02
4.663775e-01 6.153300e-03 1.268308e-02 6.020943e-03 1.122924e-02
4.683775e-01 6.124381e-03 1.273392e-02 6.013316e-03 1.123860e-02
4.703775e-01 6.098580e-03 1.277860e-02 6.005723e-03 1.124754e-02
4.723775e-01 6.076405e-03 1.281573e-02 5.998169e-03 1.125604e-02
4.743775e-01 6.058252e-03 1.284412e-02 5.990660e-03 1.126410e-02
4.763775e-01 6.044402e-03 1.286292e-02 5.983200e-03 1.127170e-02
4.783775e-01 6.035014e-03 1.287160e-02 5.975790e-03 1.127885e-02
4.803775e-01 6.030128e-03 1.287000e-02 5.968433e-03 1.128555e-02
4.823775e-01 6.029657e-03 1.285832e-02 5.961125e-03 1.129181e-02
4.843775e-01 6.033395e-03 1.283715e-02 5.953864e-03 1.129763e-02
4.863775e-01 6.041015e-03 1.280740e-02 5.946646e-03 1.130303e-02
4.883775e-01 6.052079e-03 1.277028e-02 5.939464e-03 1.130801e-02
4.903775e-01 6.066041e-03 1.272724e-02 5.932311e-03 1.131260e-02
4.923775e-01 6.082260e-03 1.267990e-02 5.925179e-03 1.131682e-02
4.943775e-01 6.100014e-03 1.263000e-02 5.918058e-03 1.132067e-02
4.963775e-01 6.118516e-03 1.257931e-02 5.910939e-03 1.132418e-02
4.983775e-01 6.136936e-03 1.252960e-02 5.903812e-03 1.132738e-02
5.003775e-01 6.154425e-03 1.248254e-02 5.896668e-03 1.133028e-02
5.023775e-01 6.170145e-03 1.243968e-02 5.889496e-03 1.133290e-02
5.043775e-01 6.183299e-03 1.240239e-02 5.882289e-03 1.133526e-02
5.063775e-01 6.193159e-03 1.237186e-02 5.875038e-03 1.133737e-02
5.083775e-01 6.199099e-03 1.234903e-02 5.867739e-03 1.133924e-02
5.103775e-01 6.200622e-03 1.233458e-02 5.860386e-03 1.134089e-02
5.123775e-01 6.197382e-03 1.232894e-02 5.852975e-03 1.134232e-02
5.143775e-01 6.189198e-03 1.233228e-02 5.845506e-03 1.134353e-02
5.163775e-01 6.176068e-03 1.234447e-02 5.837979e-03 1.134453e-02
5.183775e-01 6.158160e-03 1.236512e-02 5.830396e-03 1.134531e-02
5.203775e-01 6.135812e-03 1.239359e-02 5.822761e-03 1.134586e-02
5.223775e-01 6.109512e-03 1.242896e-02 5.815080e-03 1.134618e-02
5.243775e-01 6.079876e-03 1.247008e-02 5.807359e-03 1.134624e-02
5.263775e-01 6.047618e-03 1.251558e-02 5.799608e-03 1.134605e-02
5.283775e-01 6.013528e-03 1.256394e-02 5.791835e-03 1.134558e-02
5.303775e-01 5.978432e-03 1.261347e-02 5.784050e-03 1.134481e-02
5.323775e-01 5.943169e-03 1.266238e-02 5.776264e-03 1.134374e-02
5.343775e-01 5.908563e-03 1.270887e-02 5.768488e-03 1.134233e-02
5.363775e-01 5.875395e-03 1.275116e-02 5.760733e-03 1.134059e-02
5.383775e-01 5.844387e-03 1.278755e-02 5.753007e-03 1.133849e-02
5.403775e-01 5.816182e-03 1.281652e-02 5.745321e-03 1.133602e-02
5.423775e-01 5.791335e-03 1.283677e-02 5.737683e-03 1.133318e-02
5.443775e-01 5.770300e-03 1.284727e-02 5.730098e-03 1.132995e-02
5.463775e-01 5.753424e-03 1.284736e-02 5.722573e-03 1.132633e-02
5.483775e-01 5.740944e-03 1.283671e-02 5.715112e-03 1.132234e-02
5.503775e-01 5.732983e-03 1.281538e-02 5.707715e-03 1.131796e-02
5.523775e-01 5.729547e-03 1.278384e-02 5.700383e-03 1.131321e-02
5.543775e-01 5.730530e-03 1.274286e-02 5.693113e-03 1.130810e-02
5.563775e-01 5.735710e-03 1.269357e-02 5.685903e-03 1.130264e-02
5.583775e-01 5.744754e-03 1.263736e-02 5.678746e-03 1.129685e-02
5.603775e-01 5.757223e-03 1.257581e-02 5.671635e-03 1.129076e-02
5.623775e-01 5.772577e-03 1.251066e-02 5.664562e-03 1.128437e-02
5.643775e-01 5.790185e-03 1.244371e-02 5.657518e-03 1.127773e-02
5.663775e-01 5.809337e-03 1.237676e-02 5.650492e-03 1.127084e-02
5.683775e-01 5.829260e-03 1.231158e-02 5.643473e-03 1.126373e-02
5.703775e-01 5.849138e-03 1.224983e-02 5.636450e-03 1.125643e-02
5.723775e-01 5.868132e-03 1.219301e-02 5.629413e-03 1.124896e-02
5.743775e-01 5.885411e-03 1.214246e-02 5.622351e-03 1.124133e-02
5.763775e-01 5.900178e-03 1.209929e-02 5.615255e-03 1.123357e-02
5.783775e-01 5.911698e-03 1.206438e-02 5.608115e-03 1.122568e-02
5.803775e-01 5.919332e-03 1.203838e-02 5.600925e-03 1.121769e-02
5.823775e-01 5.922560e-03 1.202167e-02 5.593679e-03 1.120959e-02
5.843775e-01 5.921008e-03 1.201437e-02 5.586372e-03 1.120139e-02
5.863775e-01 5.914461e-03 1.201636e-02 5.579004e-03 1.119310e-02
5.883775e-01 5.902874e-03 1.202722e-02 5.571573e-03 1.118470e-02
5.903775e-01 5.886376e-03 1.204631e-02 5.564082e-03 1.117618e-02
5.923775e-01 5.865262e-03 1.207274e-02 5.556533e-03 1.116755e-02
5.943775e-01 5.839977e-03 1.210538e-02 5.548933e-03 1.115879e-02
5.963775e-01 5.811100e-03 1.214290e-02 5.541288e-03 1.114987e-02
5.983775e-01 5.779313e-03 1.218379e-02 5.533607e-03 1.114078e-02
6.003775e-01 5.745377e-03 1.222638e-02 5.525900e-03 1.113151e-02
6.023775e-01 5.710101e-03 1.226893e-02 5.518178e-03 1.112204e-02
6.043775e-01 5.674314e-03 1.230962e-02 5.510451e-03 1.111234e-02
6.063775e-01 5.638834e-03 1.234664e-02 5.502731e-03 1.110239e-02
6.083775e-01 5.604452e-03 1.237829e-02 5.495030e-03 1.109219e-02
6.103775e-01 5.571903e-03 1.240295e-02 5.487359e-03 1.108171e-02
6.123775e-01 5.541855e-03 1.241925e-02 5.479728e-03 1.107095e-02
6.143775e-01 5.514894e-03 1.242607e-02 5.472148e-03 1.105989e-02
6.163775e-01 5.491517e-03 1.242259e-02 5.464625e-03 1.104854e-02
6.183775e-01 5.472119e-03 1.240835e-02 5.457167e-03 1.103688e-02
6.203775e-01 5.456995e-03 1.238326e-02 5.449779e-03 1.102491e-02
6.223775e-01 5.446336e-03 1.234761e-02 5.442464e-03 1.101266e-02
6.243775e-01 5.440223e-03 1.230205e-02 5.435223e-03 1.100012e-02
6.263775e-01 5.438630e-03 1.224754e-02 5.428055e-03 1.098731e-02
6.283775e-01 5.441426e-03 1.218535e-02 5.420958e-03 1.097425e-02
6.303775e-01 5.448370e-03 1.211697e-02 5.413926e-03 1.096095e-02
6.323775e-01 5.459121e-03 1.204405e-02 5.406954e-03 1.094744e-02
6.343775e-01 5.473236e-03 1.196833e-02 5.400032e-03 1.093375e-02
6.363775e-01 5.490177e-03 1.189162e-02 5.393152e-03 1.091989e-02
6.383775e-01 5.509321e-03 1.181568e-02 5.386304e-03 1.090589e-02
6.403775e-01 5.529969e-03 1.174219e-02 5.379474e-03 1.089178e-02
6.423775e-01 5.551359e-03 1.167274e-02 5.372652e-03 1.087758e-02
6.443775e-01 5.572688e-03 1.160875e-02 5.365825e-03 1.086332e-02
6.463775e-01 5.593131e-03 1.155144e-02 5.358982e-03 1.084901e-02
6.483775e-01 5.611863e-03 1.150185e-02 5.352110e-03 1.083468e-02
6.503775e-01 5.628094e-03 1.146078e-02 5.345199e-03 1.082033e-02
6.523775e-01 5.641089e-03 1.142880e-02 5.338239e-03 1.080598e-02
6.543775e-01 5.650202e-03 1.140625e-02 5.331223e-03 1.079164e-02
6.563775e-01 5.654904e-03 1.139323e-02 5.324143e-03 1.077731e-02
6.583775e-01 5.654801e-03 1.138958e-02 5.316995e-03 1.076299e-02
6.603775e-01 5.649655e-03 1.139494e-02 5.309777e-03 1.074867e-02
6.623775e-01 5.639395e-03 1.140867e-02 5.302487e-03 1.073435e-02
6.643775e-01 5.624119e-03 1.142992e-02 5.295126e-03 1.072001e-02
6.663775e-01 5.604088e-03 1.145765e-02 5.287699e-03 1.070564e-02
6.683775e-01 5.579716e-03 1.149058e-02 5.280210e-03 1.069122e-02
6.703775e-01 5.551551e-03 1.152727e-02 5.272667e-03 1.067673e-02
6.723775e-01 5.520247e-03 1.156616e-02 5.265078e-03 1.066215e-02
6.743775e-01 5.486541e-03 1.160554e-02 5.257453e-03 1.064746e-02
6.763775e-01 5.451225e-03 1.164367e-02 5.249804e-03 1.063264e-02
6.783775e-01 5.415111e-03 1.167878e-02 5.242143e-03 1.061765e-02
6.803775e-01 5.379015e-03 1.170915e-02 5.234482e-03 1.060249e-02
6.823775e-01 5.343723e-03 1.173318e-02 5.226833e-03 1.058714e-02
6.843775e-01 5.309979e-03 1.174943e-02 5.219208e-03 1.057158e-02
6.863775e-01 5.278465e-03 1.175671e-02 5.211621e-03 1.055579e-02
6.883775e-01 5.249786e-03 1.175408e-02 5.204080e-03 1.053978e-02
6.903775e-01 5.224466e-03 1.174096e-02 5.196596e-03 1.052352e-02
6.923775e-01 5.202938e-03 1.171709e-02 5.189177e-03 1.050704e-02
6.943775e-01 5.185539e-03 1.168259e-02 5.181829e-03 1.049031e-02
6.963775e-01 5.172507e-03 1.163794e-02 5.174556e-03 1.047337e-02
6.983775e-01 5.163984e-03 1.158393e-02 5.167362e-03 1.045620e-02
7.003775e-01 5.160010e-03 1.152165e-02 5.160246e-03 1.043884e-02
7.023775e-01 5.160523e-03 1.145245e-02 5.153207e-03 1.042129e-02
7.043775e-01 5.165365e-03 1.137786e-02 5.146240e-03 1.040359e-02
7.063775e-01 5.174276e-03 1.129952e-02 5.139341e-03 1.038574e-02
7.083775e-01 5.186900e-03 1.121916e-02 5.132501e-03 1.036779e-02
7.103775e-01 5.202788e-03 1.113849e-02 5.125710e-03 1.034975e-02
7.123775e-01 5.221402e-03 1.105920e-02 5.118959e-03 1.033165e-02
7.143775e-01 5.242121e-03 1.098289e-02 5.112235e-03 1.031351e-02
7.163775e-01 5.264253e-03 1.091100e-02 5.105525e-03 1.029537e-02
7.183775e-01 5.287047e-03 1.084484e-02 5.098816e-03 1.027724e-02
7.203775e-01 5.309710e-03 1.078555e-02 5.092096e-03 1.025915e-02
7.223775e-01 5.331429e-03 1.073404e-02 5.085349e-03 1.024111e-02
7.243775e-01 5.351390e-03 1.069105e-02 5.078565e-03 1.022313e-02
7.263775e-01 5.368809e-03 1.065709e-02 5.071731e-03 1.020524e-02
7.283775e-01 5.382957e-03 1.063244e-02 5.064836e-03 1.018743e-02
7.303775e-01 5.393192e-03 1.061719e-02 5.057872e-03 1.016971e-02
7.323775e-01 5.398978e-03 1.061120e-02 5.050830e-03 1.015207e-02
7.343775e-01 5.399916e-03 1.061410e-02 5.043707e-03 1.013452e-02
7.363775e-01 5.395756e-03 1.062532e-02 5.036498e-03 1.011703e-02
7.383775e-01 5.386411e-03 1.064409e-02 5.029202e-03 1.009960e-02
7.403775e-01 5.371960e-03 1.066942e-02 5.021821e-03 1.008221e-02
7.423775e-01 5.352646e-03 1.070016e-02 5.014356e-03 1.006484e-02
7.443775e-01 5.328858e-03 1.073496e-02 5.006815e-03 1.004746e-02
7.463775e-01 5.301124e-03 1.077236e-02 4.999202e-03 1.003006e-02
7.483775e-01 5.270076e-03 1.081075e-02 4.991529e-03 1.001260e-02
7.503775e-01 5.236433e-03 1.084848e-02 4.983805e-03 9.995072e-03
7.523775e-01 5.200968e-03 1.088385e-02 4.976041e-03 9.977440e-03
7.543775e-01 5.164484e-03 1.091518e-02 4.968251e-03 9.959685e-03
7.563775e-01 5.127785e-03 1.094090e-02 4.960447e-03 9.941784e-03
7.583775e-01 5.091655e-03 1.095953e-02 4.952644e-03 9.923720e-03
7.603775e-01 5.056838e-03 1.096983e-02 4.944853e-03 9.905475e-03
7.623775e-01 5.024019e-03 1.097078e-02 4.937088e-03 9.887038e-03
7.643775e-01 4.993818e-03 1.096166e-02 4.929360e-03 9.868401e-03
7.663775e-01 4.966774e-03 1.094208e-02 4.921681e-03 9.849558e-03
7.683775e-01 4.943343e-03 1.091197e-02 4.914060e-03 9.830510e-03
7.703775e-01 4.923891e-03 1.087164e-02 4.906504e-03 9.811261e-03
7.723775e-01 4.908694e-03 1.082169e-02 4.899019e-03 9.791820e-03
7.743775e-01 4.897935e-03 1.076303e-02 4.891608e-03 9.772198e-03
7.763775e-01 4.891703e-03 1.069684e-02 4.884274e-03 9.752413e-03
7.783775e-01 4.889996e-03 1.062449e-02 4.877014e-03 9.732483e-03
7.803775e-01 4.892717e-03 1.054750e-02 4.869827e-03 9.712431e-03
7.823775e-01 4.899676e-03 1.046749e-02 4.862706e-03 9.692281e-03
7.843775e-01 4.910591e-03 1.038611e-02 4.855646e-03 9.672059e-03
7.863775e-01 4.925091e-03 1.030498e-02 4.848635e-03 9.651792e-03
7.883775e-01 4.942716e-03 1.022569e-02 4.841664e-03 9.631506e-03
7.903775e-01 4.962921e-03 1.014971e-02 4.834720e-03 9.611228e-03
7.923775e-01 4.985085e-03 1.007837e-02 4.827789e-03 9.590983e-03
7.943775e-01 5.008520e-03 1.001287e-02 4.820858e-03 9.570794e-03
7.963775e-01 5.032481e-03 9.954226e-03 4.813912e-03 9.550682e-03
7.983775e-01 5.056183e-03 9.903275e-03 4.806936e-03 9.530664e-03
8.003775e-01 5.078821e-03 9.860666e-03 4.799915e-03 9.510754e-03
8.023775e-01 5.099594e-03 9.826853e-03 4.792836e-03 9.490962e-03
8.043775e-01 5.117727e-03 9.802097e-03 4.785685e-03 9.471294e-03
8.063775e-01 5.132500e-03 9.786462e-03 4.778451e-03 9.451751e-03
8.083775e-01 5.143278e-03 9.779817e-03 4.771125e-03 9.432331e-03
8.103775e-01 5.149531e-03 9.781838e-03 4.763697e-03 9.413026e-03
8.123775e-01 5.150862e-03 9.792008e-03 4.756162e-03 9.393825e-03
8.143775e-01 5.147020e-03 9.809622e-03 4.748516e-03 9.374712e-03
8.163775e-01 5.137916e-03 9.833792e-03 4.740756e-03 9.355670e-03
8.183775e-01 5.123622e-03 9.863456e-03 4.732885e-03 9.336676e-03
8.203775e-01 5.104371e-03 9.897395e-03 4.724903e-03 9.317706e-03
8.223775e-01 5.080545e-03 9.934246e-03 4.716817e-03 9.298735e-03
8.243775e-01 5.052656e-03 9.972530e-03 4.708634e-03 9.279734e-03
8.263775e-01 5.021326e-03 1.001068e-02 4.700363e-03 9.260678e-03
8.283775e-01 4.987260e-03 1.004710e-02 4.692013e-03 9.241539e-03
8.303775e-01 4.951220e-03 1.008017e-02 4.683598e-03 9.222290e-03
8.323775e-01 4.913996e-03 1.010834e-02 4.675130e-03 9.202908e-03
8.343775e-01 4.876384e-03 1.013015e-02 4.666623e-03 9.183369e-03
8.363775e-01 4.839160e-03 1.014432e-02 4.658091e-03 9.163655e-03
8.383775e-01 4.803065e-03 1.014975e-02 4.649547e-03 9.143751e-03
8.403775e-01 4.768784e-03 1.014563e-02 4.641005e-03 9.123642e-03
8.423775e-01 4.736940e-03 1.013143e-02 4.632478e-03 9.103323e-03
8.443775e-01 4.708080e-03 1.010694e-02 4.623978e-03 9.082790e-03
8.463775e-01 4.682672e-03 1.007225e-02 4.615513e-03 9.062042e-03
8.483775e-01 4.661101e-03 1.002782e-02 4.607094e-03 9.041085e-03
8.503775e-01 4.643666e-03 9.974350e-03 4.598726e-03 9.019930e-03
8.523775e-01 4.630580e-03 9.912846e-03 4.590413e-03 8.998588e-03
8.543775e-01 4.621969e-03 9.844516e-03 4.582158e-03 8.977077e-03
8.563775e-01 4.617871e-03 9.770741e-03 4.573961e-03 8.955418e-03
8.583775e-01 4.618239e-03 9.693016e-03 4.565818e-03 8.933633e-03
8.603775e-01 4.622938e-03 9.612898e-03 4.557725e-03 8.911747e-03
8.623775e-01 4.631747e-03 9.531954e-03 4.549674e-03 8.889786e-03
8.643775e-01 4.644359e-03 9.451718e-03 4.541656e-03 8.867777e-03
8.663775e-01 4.660381e-03 9.373650e-03 4.533660e-03 8.845747e-03
8.683775e-01 4.679338e-03 9.299105e-03 4.525672e-03 8.823721e-03
8.703775e-01 4.700676e-03 9.229307e-03 4.517679e-03 8.801725e-03
8.723775e-01 4.723770e-03 9.165336e-03 4.509664e-03 8.779781e-03
8.743775e-01 4.747927e-03 9.108109e-03 4.501611e-03 8.757908e-03
8.763775e-01 4.772404e-03 9.058377e-03 4.493505e-03 8.736124e-03
8.783775e-01 4.796423e-03 9.016720e-03 4.485327e-03 8.714441e-03
8.803775e-01 4.819185e-03 8.983543e-03 4.477062e-03 8.692868e-03
8.823775e-01 4.839898e-03 8.959075e-03 4.468695e-03 8.671409e-03
8.843775e-01 4.857800e-03 8.943373e-03 4.460209e-03 8.650065e-03
8.863775e-01 4.872183e-03 8.936318e-03 4.451594e-03 8.628831e-03
8.883775e-01 4.882423e-03 8.937618e-03 4.442836e-03 8.607699e-03
8.903775e-01 4.888004e-03 8.946810e-03 4.433927e-03 8.586655e-03
8.923775e-01 4.888541e-03 8.963260e-03 4.424859e-03 8.565682e-03
8.943775e-01 4.883794e-03 8.986167e-03 4.415628e-03 8.544760e-03
8.963775e-01 4.873681e-03 9.014569e-03 4.406230e-03 8.523864e-03
8.983775e-01 4.858282e-03 9.047356e-03 4.396664e-03 8.502968e-03
9.003775e-01 4.837832e-03 9.083277e-03 4.386934e-03 8.482045e-03
9.023775e-01 4.812713e-03 9.120967e-03 4.377044e-03 8.461063e-03
9.043775e-01 4.783438e-03 9.158968e-03 4.366999e-03 8.439993e-03
9.063775e-01 4.750621e-03 9.195765e-03 4.356809e-03 8.418805e-03
9.083775e-01 4.714963e-03 9.229820e-03 4.346483e-03 8.397468e-03
9.103775e-01 4.677216e-03 9.259626e-03 4.336033e-03 8.375955e-03
