OLD protocol (10 -> 0 T) ramp, wx = 1.5 meV, model A, quadratic, kT = 0.05 meV; recomputed from saved npz (no SCF).
M_win300 = int_{|x|<300nm}(n_up - n_dn) - same window of the clean wire at that B.
 B[T]    M_loc M_win300         M   M_wire   it    t[s]         N   nup_far   ndn_far  top_up  top_dn mu-top_up mu-top_dn  conv
   10   0.1749   0.1317   35.5456  35.3706   43   290.6  138.3245  0.017538  0.010463  0.1830  1.7563   +0.8899   -1.1386  True
    9   0.1977   0.1530   33.0073  32.8096   30   196.1  138.3323  0.017282  0.010719  0.1783  1.7221   +0.8825   -1.0744  True
    8   0.2164   0.1728   30.5277  30.3112   30   202.5  138.3404  0.017032  0.010969  0.1755  1.6835   +0.8735   -1.0059  True
    7   0.2315   0.1914   28.0849  27.8534   31   189.7  138.3487  0.016786  0.011215  0.1749  1.6402   +0.8627   -0.9329  True
    6   0.2438   0.2088   25.6461  25.4023   31   215.2  138.3572  0.016541  0.011460  0.1771  1.5914   +0.8493   -0.8544  True
    5   0.2551   0.2259   23.1552  22.9002   32   216.2  138.3661  0.016291  0.011710  0.1831  1.5354   +0.8323   -0.7687  True
    4   0.2671   0.2436   20.5088  20.2417   31   195.8  138.3753  0.016025  0.011976  0.1947  1.4684   +0.8092   -0.6717  True
    3   0.2792   0.2599   17.5021  17.2229   38   250.8  138.3853  0.015723  0.012278  0.2180  1.3793   +0.7737   -0.5520  True
    2   0.2638   0.2454   13.6874  13.4237   45   284.2  138.3975  0.015343  0.012658  0.2788  1.2297   +0.6986   -0.3705  True
    1   0.1755   0.1564    8.1556   7.9801   55   370.7  138.4116  0.014799  0.013202  0.4340  1.0016   +0.5243   -0.1079  True
  0.5   0.1553   0.1425    4.4320   4.2766   59   380.2  138.4162  0.014428  0.013572  0.5248  0.9005   +0.4207   +0.0113  True
 0.25   0.1248   0.1179    2.3079   2.1831   55   388.6  138.4179  0.014219  0.013782  0.5873  0.8343   +0.3506   +0.0866  True
    0  -0.0003  -0.0003   -0.0003   0.0000   45   317.0  138.4190  0.014000  0.014000  0.7096  0.7093   +0.2200   +0.2203  True
    0   0.0013   0.0013    0.0013   0.0000   53   342.5  138.4190  0.014000  0.014000  0.7085  0.7103   +0.2211   +0.2193  True   (qpc_wx1.5_B0_seed.npz)
