clean-wire scan, kT = 0.0086 meV, a_image = 100.0 nm
    N  mu-e0[meV]  e1-e0[meV]  e1-mu[ueV]  N(subband 1)  pred[meV]   it
  100      0.5613       1.244      +682.5         0.000     0.5612   12
  110      0.6793       1.147      +468.1         0.000     0.6791    9
  120      0.8082       1.061      +252.5         0.000     0.8082    9
  130      0.9447       0.983       +38.7         0.120     0.9467   13
  140      0.9543       0.948        -6.1         9.828     0.9510   13
  150      0.9475       0.922       -25.2        20.038     0.9479   14
  160      0.9520       0.900       -51.6        29.903     0.9499   13
  170      0.9671       0.880       -86.7        39.138     0.9611   15
  185      0.9978       0.850      -148.3        51.325     1.0029   12
