Hartree: kernel W (263, 35, 35) built in 0.87 s
Janak ramp (down): wx = 1.0 meV, lead = interacting (model A), interp = exchange, B = [6.0, 4.0, 2.0, 1.0, 0.5, 0.25, 0.0]

##### B = 6 T: leads (interacting) mu = 8.86248 meV, M_wire = 29.0279 (2.9 s)
SCF: spin-polarised, mu = 8.8625 meV, B = 6.0 T, kT = 0.05 meV, method = dense, interp = exchange
  it   residual    mu(meV)          N          M    nb    t(s)
   1  9.143e+00    8.86248   131.0606   26.98156   160    5.88
   2  7.521e+00    8.86248   139.0351   28.62927   160    5.02
   3  4.856e+00    8.86248   136.5713   27.35377   160    4.30
   4  4.732e+00    8.86248   139.1767   28.63221   160    5.36
   5  3.517e+00    8.86248   136.3188   27.56524   160    4.27
   6  2.764e+00    8.86248   138.8804   28.51121   160    4.80
   7  1.985e+00    8.86248   136.9626   28.02565   160    7.21
   8  8.376e-01    8.86248   137.1785   28.25251   160    4.81
   9  1.004e+00    8.86248   136.8975   28.09871   160    4.47
  10  7.142e-01    8.86248   137.4272   28.47015   160    4.52
  11  5.444e-01    8.86248   137.2797   28.41480   160    4.39
  12  4.208e-01    8.86248   137.3368   28.47773   160    7.66
  13  6.948e-01    8.86248   137.0455   28.67267   160    5.88
  14  5.074e-01    8.86248   137.7400   28.91191   160    4.67
  15  4.530e-01    8.86248   137.2726   28.83627   160    4.32
  16  2.857e-01    8.86248   137.5075   28.91891   160    5.70
  17  2.650e-01    8.86248   137.4222   28.89495   160   11.84
  18  2.096e-01    8.86248   137.4148   28.96301   160   11.05
  19  1.374e-01    8.86248   137.4569   28.99800   160   16.12
  20  1.694e-01    8.86248   137.4318   28.98831   160   22.74
  21  1.350e-01    8.86248   137.4363   29.01904   160   10.49
  22  1.203e-01    8.86248   137.4922   29.05476   160   12.60
  23  8.962e-02    8.86248   137.4107   29.03920   160   17.44
  24  8.073e-02    8.86248   137.4820   29.08867   160   11.14
  25  7.110e-02    8.86248   137.4202   29.06941   160    9.53
  26  4.194e-02    8.86248   137.4557   29.09673   160    9.45
  27  2.768e-02    8.86248   137.4465   29.09613   160   10.69
  28  3.079e-02    8.86248   137.4576   29.10592   160    6.05
  29  2.610e-02    8.86248   137.4451   29.10350   160    8.54
  30  1.774e-02    8.86248   137.4535   29.10975   160    7.78
  31  1.707e-02    8.86248   137.4459   29.10764   160    4.48
  32  1.551e-02    8.86248   137.4482   29.11027   160    4.70
  33  9.165e-03    8.86248   137.4507   29.11255   160    6.19
  34  6.072e-03    8.86248   137.4461   29.11050   160    9.46
  35  5.611e-03    8.86248   137.4504   29.11304   160   15.93
  36  4.806e-03    8.86248   137.4465   29.11179   160   13.75
  37  4.057e-03    8.86248   137.4493   29.11369   160   10.93
  38  3.561e-03    8.86248   137.4470   29.11284   160    5.42
  39  1.646e-03    8.86248   137.4482   29.11353   160    6.83
  40  1.604e-03    8.86248   137.4480   29.11337   160    6.33
  41  1.522e-03    8.86248   137.4479   29.11323   160    5.71
  42  1.342e-03    8.86248   137.4483   29.11331   160    5.54
  43  1.469e-03    8.86248   137.4473   29.11260   160   11.39
  44  1.053e-03    8.86248   137.4486   29.11313   160    6.75
  45  7.095e-04    8.86248   137.4479   29.11266   160    9.11
  46  6.558e-04    8.86248   137.4482   29.11275   160    8.62
  47  6.249e-04    8.86248   137.4480   29.11257   160    9.57
  48  5.815e-04    8.86248   137.4482   29.11258   160   10.07
  49  4.981e-04    8.86248   137.4481   29.11241   160    9.98
  50  3.522e-04    8.86248   137.4481   29.11234   160    9.63
  51  3.360e-04    8.86248   137.4481   29.11231   160    6.01
  52  2.827e-04    8.86248   137.4480   29.11219   160    4.35
  53  2.212e-04    8.86248   137.4482   29.11226   160    4.42
  54  1.762e-04    8.86248   137.4481   29.11218   160    5.35
  55  1.628e-04    8.86248   137.4482   29.11223   160    6.96
  56  1.293e-04    8.86248   137.4481   29.11217   160   10.59
  57  1.008e-04    8.86248   137.4481   29.11220   160    9.12
  58  8.917e-05    8.86248   137.4481   29.11218   160    4.39
SCF converged after 58 iterations, 471.0 s
saved results/qpc_wx1.0_A_B6.npz
 B[T]    M_loc M_win300         M   M_wire   it    t[s]         N   nup_far   ndn_far  top_up  top_dn mu-top_up mu-top_dn  conv
    6   0.0843  -0.0082   29.1122  29.0279   58   471.0  137.4481  0.016904  0.011097  0.2330  1.3411   +0.8064   -0.6479  True
  M = 29.1122, M_loc = 0.0843, M_win300 = -0.0082
  [up] peaks: x=-104.8 nm h=0.2330, x=+104.8 nm h=0.2330
  [up] e_0(0)-e_0(far) = -0.0238 meV;  mu - e_0(far) = 1.0394 meV
  [dn] peaks: x=+0.0 nm h=1.3411
  [dn] e_0(0)-e_0(far) = 1.3411 meV;  mu - e_0(far) = 0.6932 meV
  n_1D(0) = 0.013693 nm^-1 (up 0.013579, dn 0.000114)

##### B = 4 T: leads (interacting) mu = 8.89359 meV, M_wire = 23.5443 (1.9 s)
SCF: spin-polarised, mu = 8.8936 meV, B = 4.0 T, kT = 0.05 meV, method = dense, interp = exchange
  it   residual    mu(meV)          N          M    nb    t(s)
   1  3.084e+00    8.89359   140.5324   27.61923   160    7.58
   2  4.766e+00    8.89359   133.9149   24.04809   160    6.81
   3  3.271e+00    8.89359   136.3970   25.25355   160    5.53
   4  2.073e+00    8.89359   136.7320   24.66014   160    7.41
   5  4.968e-01    8.89359   137.4204   24.12069   160    4.74
   6  3.088e-01    8.89359   137.5232   23.98430   160    4.67
   7  2.218e-01    8.89359   137.5259   23.86839   160    4.81
   8  1.230e-01    8.89359   137.5061   23.77006   160    8.77
   9  1.088e-01    8.89359   137.4930   23.74129   160    6.19
  10  9.957e-02    8.89359   137.4903   23.72850   160    8.31
  11  7.989e-02    8.89359   137.4870   23.70946   160    5.82
  12  6.469e-02    8.89359   137.4776   23.69807   160    4.67
  13  6.116e-02    8.89359   137.4710   23.68589   160    5.97
  14  5.071e-02    8.89359   137.4922   23.69181   160    4.57
  15  4.079e-02    8.89359   137.4711   23.67424   160    4.58
  16  2.889e-02    8.89359   137.4848   23.67545   160    3.98
  17  2.199e-02    8.89359   137.4821   23.66727   160    4.70
  18  1.872e-02    8.89359   137.4781   23.66303   160    4.00
  19  1.644e-02    8.89359   137.4809   23.66339   160    4.84
  20  1.267e-02    8.89359   137.4802   23.66358   160    4.50
  21  9.273e-03    8.89359   137.4803   23.66482   160    4.63
  22  6.515e-03    8.89359   137.4809   23.66606   160    4.03
  23  5.122e-03    8.89359   137.4802   23.66641   160    4.11
  24  3.673e-03    8.89359   137.4806   23.66693   160    4.52
  25  2.500e-03    8.89359   137.4797   23.66665   160    5.31
  26  2.332e-03    8.89359   137.4806   23.66722   160    4.34
  27  1.923e-03    8.89359   137.4797   23.66696   160    5.27
  28  1.636e-03    8.89359   137.4799   23.66733   160    5.91
  29  1.414e-03    8.89359   137.4801   23.66765   160    4.90
  30  1.303e-03    8.89359   137.4798   23.66781   160    4.02
  31  1.110e-03    8.89359   137.4802   23.66825   160    4.87
  32  8.954e-04    8.89359   137.4799   23.66827   160    4.53
  33  8.031e-04    8.89359   137.4800   23.66841   160    4.72
  34  8.440e-04    8.89359   137.4799   23.66844   160    4.44
  35  6.562e-04    8.89359   137.4800   23.66864   160    4.67
  36  5.326e-04    8.89359   137.4799   23.66869   160    4.38
  37  3.593e-04    8.89359   137.4801   23.66887   160    5.18
  38  2.463e-04    8.89359   137.4799   23.66883   160    4.23
  39  1.824e-04    8.89359   137.4800   23.66892   160    4.20
  40  1.620e-04    8.89359   137.4800   23.66894   160    4.36
  41  1.285e-04    8.89359   137.4800   23.66894   160    4.65
  42  1.168e-04    8.89359   137.4800   23.66896   160    4.21
  43  9.477e-05    8.89359   137.4800   23.66895   160    4.80
SCF converged after 43 iterations, 219.2 s
saved results/qpc_wx1.0_A_B4.npz
 B[T]    M_loc M_win300         M   M_wire   it    t[s]         N   nup_far   ndn_far  top_up  top_dn mu-top_up mu-top_dn  conv
    4   0.1247   0.0304   23.6690  23.5443   43   219.2  137.4800  0.016356  0.011645  0.2824  1.2962   +0.7316   -0.5365  True
  M = 23.6690, M_loc = 0.1247, M_win300 = 0.0304
  [up] peaks: x=-95.2 nm h=0.2824, x=+95.2 nm h=0.2824
  [up] e_0(0)-e_0(far) = -0.0329 meV;  mu - e_0(far) = 1.0140 meV
  [dn] peaks: x=+0.0 nm h=1.2962
  [dn] e_0(0)-e_0(far) = 1.2962 meV;  mu - e_0(far) = 0.7597 meV
  n_1D(0) = 0.013492 nm^-1 (up 0.013288, dn 0.000204)

##### B = 2 T: leads (interacting) mu = 8.92526 meV, M_wire = 17.2617 (1.7 s)
SCF: spin-polarised, mu = 8.9253 meV, B = 2.0 T, kT = 0.05 meV, method = dense, interp = exchange
  it   residual    mu(meV)          N          M    nb    t(s)
   1  3.340e+00    8.92526   140.8201   22.10319   160    4.40
   2  4.999e+00    8.92526   133.6102   18.36761   160    4.23
   3  3.429e+00    8.92526   136.3259   19.62630   160    4.24
   4  2.204e+00    8.92526   136.8171   19.00121   160    4.73
   5  5.555e-01    8.92526   137.5918   18.16106   160    4.45
   6  3.752e-01    8.92526   137.5981   17.91779   160    4.83
   7  2.658e-01    8.92526   137.5068   17.72241   160    4.47
   8  1.790e-01    8.92526   137.4797   17.55848   160    4.09
   9  1.321e-01    8.92526   137.5282   17.56424   160    4.38
  10  1.389e-01    8.92526   137.5000   17.50719   160    4.65
  11  1.549e-01    8.92526   137.4387   17.48546   160    4.26
  12  1.101e-01    8.92526   137.5409   17.43605   160    5.25
  13  1.319e-01    8.92526   137.5546   17.39981   160    4.27
  14  1.048e-01    8.92526   137.5182   17.38992   160    4.44
  15  1.102e-01    8.92526   137.5457   17.38783   160    4.10
  16  7.751e-02    8.92526   137.5496   17.37882   160    4.40
  17  4.920e-02    8.92526   137.5208   17.36631   160    4.41
  18  3.695e-02    8.92526   137.5068   17.36577   160    5.36
  19  2.609e-02    8.92526   137.5191   17.36752   160    5.67
  20  2.137e-02    8.92526   137.5192   17.36813   160    8.11
  21  1.809e-02    8.92526   137.5092   17.36337   160    4.93
  22  1.124e-02    8.92526   137.5155   17.36302   160    5.30
  23  9.684e-03    8.92526   137.5193   17.36279   160    5.43
  24  6.537e-03    8.92526   137.5150   17.36040   160    5.10
  25  5.001e-03    8.92526   137.5163   17.36029   160    5.24
  26  4.278e-03    8.92526   137.5177   17.36017   160    4.38
  27  3.139e-03    8.92526   137.5167   17.35960   160    4.72
  28  2.841e-03    8.92526   137.5156   17.35912   160    4.24
  29  1.757e-03    8.92526   137.5161   17.35932   160    4.35
  30  1.312e-03    8.92526   137.5168   17.35964   160    4.47
  31  8.376e-04    8.92526   137.5160   17.35939   160    4.37
  32  6.487e-04    8.92526   137.5162   17.35948   160    4.79
  33  6.408e-04    8.92526   137.5165   17.35964   160    4.01
  34  4.543e-04    8.92526   137.5163   17.35954   160    4.89
  35  3.813e-04    8.92526   137.5163   17.35954   160    4.64
  36  3.388e-04    8.92526   137.5164   17.35960   160    4.57
  37  2.785e-04    8.92526   137.5164   17.35959   160    4.10
  38  2.343e-04    8.92526   137.5162   17.35952   160    4.49
  39  2.203e-04    8.92526   137.5162   17.35948   160    4.11
  40  1.819e-04    8.92526   137.5163   17.35953   160    3.88
  41  2.143e-04    8.92526   137.5162   17.35944   160    4.96
  42  1.846e-04    8.92526   137.5162   17.35940   160    4.15
  43  1.451e-04    8.92526   137.5163   17.35940   160    4.10
  44  1.241e-04    8.92526   137.5163   17.35938   160    5.44
  45  1.021e-04    8.92526   137.5163   17.35934   160    4.42
  46  8.282e-05    8.92526   137.5163   17.35933   160    4.25
SCF converged after 46 iterations, 214.6 s
saved results/qpc_wx1.0_A_B2.npz
 B[T]    M_loc M_win300         M   M_wire   it    t[s]         N   nup_far   ndn_far  top_up  top_dn mu-top_up mu-top_dn  conv
    2   0.0976   0.0245   17.3593  17.2617   46   214.6  137.5163  0.015727  0.012274  0.3737  1.2142   +0.6137   -0.3853  True
  M = 17.3593, M_loc = 0.0976, M_win300 = 0.0245
  [up] peaks: x=-85.7 nm h=0.3737, x=+85.7 nm h=0.3737
  [up] e_0(0)-e_0(far) = -0.0224 meV;  mu - e_0(far) = 0.9874 meV
  [dn] peaks: x=+0.0 nm h=1.2142
  [dn] e_0(0)-e_0(far) = 1.2142 meV;  mu - e_0(far) = 0.8289 meV
  n_1D(0) = 0.013064 nm^-1 (up 0.012659, dn 0.000405)

##### B = 1 T: leads (interacting) mu = 8.94172 meV, M_wire = 12.5159 (1.6 s)
SCF: spin-polarised, mu = 8.9417 meV, B = 1.0 T, kT = 0.05 meV, method = dense, interp = exchange
  it   residual    mu(meV)          N          M    nb    t(s)
   1  2.070e+00    8.94172   139.5859   16.35123   160    4.74
   2  3.040e+00    8.94172   135.0023   14.29305   160    4.42
   3  1.980e+00    8.94172   136.8361   15.00478   160    4.62
   4  1.371e+00    8.94172   137.1379   14.50123   160    4.82
   5  3.826e-01    8.94172   137.6175   13.54461   160    4.88
   6  2.544e-01    8.94172   137.6083   13.22922   160    4.10
   7  2.290e-01    8.94172   137.5492   13.11038   160    5.26
   8  1.945e-01    8.94172   137.4805   12.92273   160    4.67
   9  1.341e-01    8.94172   137.5221   12.89588   160    4.98
  10  1.100e-01    8.94172   137.5057   12.82702   160    3.94
  11  9.416e-02    8.94172   137.4884   12.80796   160    4.52
  12  4.740e-02    8.94172   137.5257   12.78602   160    4.35
  13  4.762e-02    8.94172   137.5530   12.78959   160    5.19
  14  3.468e-02    8.94172   137.5333   12.77202   160    4.85
  15  3.703e-02    8.94172   137.5337   12.77266   160    4.58
  16  4.201e-02    8.94172   137.5536   12.76370   160    4.00
  17  3.882e-02    8.94172   137.5475   12.74432   160    4.44
  18  3.288e-02    8.94172   137.5337   12.73868   160    4.24
  19  3.570e-02    8.94172   137.5431   12.73840   160    4.96
  20  3.286e-02    8.94172   137.5431   12.73864   160    4.58
  21  2.246e-02    8.94172   137.5307   12.74300   160    4.59
  22  1.670e-02    8.94172   137.5297   12.75421   160    4.37
  23  1.465e-02    8.94172   137.5377   12.76345   160    4.09
  24  1.002e-02    8.94172   137.5352   12.76716   160    4.23
  25  7.221e-03    8.94172   137.5311   12.77338   160    4.45
  26  4.354e-03    8.94172   137.5341   12.77554   160    4.45
  27  3.395e-03    8.94172   137.5353   12.77592   160    4.20
  28  2.859e-03    8.94172   137.5336   12.77636   160    4.28
  29  1.716e-03    8.94172   137.5340   12.77626   160    4.11
  30  1.046e-03    8.94172   137.5345   12.77610   160    4.57
  31  7.836e-04    8.94172   137.5339   12.77590   160    3.95
  32  8.909e-04    8.94172   137.5337   12.77579   160    4.56
  33  7.250e-04    8.94172   137.5339   12.77565   160    4.45
  34  6.553e-04    8.94172   137.5341   12.77568   160    4.34
  35  4.890e-04    8.94172   137.5338   12.77534   160    4.11
  36  3.363e-04    8.94172   137.5339   12.77517   160    4.79
  37  3.643e-04    8.94172   137.5341   12.77498   160    4.10
  38  2.510e-04    8.94172   137.5340   12.77490   160    4.64
  39  2.023e-04    8.94172   137.5339   12.77484   160    5.13
  40  1.639e-04    8.94172   137.5340   12.77482   160    5.09
  41  1.131e-04    8.94172   137.5340   12.77482   160    4.13
  42  8.485e-05    8.94172   137.5340   12.77483   160    4.67
SCF converged after 42 iterations, 189.9 s
saved results/qpc_wx1.0_A_B1.npz
 B[T]    M_loc M_win300         M   M_wire   it    t[s]         N   nup_far   ndn_far  top_up  top_dn mu-top_up mu-top_dn  conv
    1   0.2589   0.1996   12.7748  12.5159   42   189.9  137.5340  0.015253  0.012748  0.4158  1.2006   +0.5544   -0.3320  True
  M = 12.7748, M_loc = 0.2589, M_win300 = 0.1996
  [up] peaks: x=-85.7 nm h=0.4158, x=+85.7 nm h=0.4158
  [up] e_0(0)-e_0(far) = -0.0155 meV;  mu - e_0(far) = 0.9702 meV
  [dn] peaks: x=+0.0 nm h=1.2006
  [dn] e_0(0)-e_0(far) = 1.2006 meV;  mu - e_0(far) = 0.8686 meV
  n_1D(0) = 0.012971 nm^-1 (up 0.012458, dn 0.000513)

##### B = 0.5 T: leads (interacting) mu = 8.95024 meV, M_wire = 8.4804 (2.0 s)
SCF: spin-polarised, mu = 8.9502 meV, B = 0.5 T, kT = 0.05 meV, method = dense, interp = exchange
  it   residual    mu(meV)          N          M    nb    t(s)
   1  1.290e+00    8.95024   138.8244   12.07960   160    3.95
   2  1.939e+00    8.95024   135.8660   11.02075   160    4.78
   3  1.137e+00    8.95024   137.1816   11.39896   160    4.34
   4  8.789e-01    8.95024   137.3042   10.99028   160    4.45
   5  3.932e-01    8.95024   137.5429   10.02288   160    5.05
   6  2.545e-01    8.95024   137.5662    9.55806   160    4.11
   7  2.306e-01    8.95024   137.5285    9.42113   160    5.45
   8  1.944e-01    8.95024   137.4858    9.23588   160    4.44
   9  1.114e-01    8.95024   137.5206    9.11555   160    4.33
  10  6.610e-02    8.95024   137.5284    9.03628   160    4.69
  11  4.459e-02    8.95024   137.5271    9.00964   160    4.49
  12  3.273e-02    8.95024   137.5286    8.99706   160    4.79
  13  2.028e-02    8.95024   137.5532    8.99561   160    4.45
  14  1.518e-02    8.95024   137.5417    8.98776   160    5.00
  15  1.190e-02    8.95024   137.5384    8.98590   160    4.44
  16  9.079e-03    8.95024   137.5432    8.98724   160    4.52
  17  6.343e-03    8.95024   137.5445    8.98609   160    4.11
  18  5.505e-03    8.95024   137.5421    8.98531   160    4.20
  19  4.747e-03    8.95024   137.5428    8.98485   160    4.17
  20  5.097e-03    8.95024   137.5431    8.98463   160    4.90
  21  4.484e-03    8.95024   137.5422    8.98426   160    4.16
  22  4.143e-03    8.95024   137.5417    8.98353   160    5.15
  23  3.708e-03    8.95024   137.5433    8.98323   160    4.11
  24  3.323e-03    8.95024   137.5438    8.98280   160    4.42
  25  2.999e-03    8.95024   137.5422    8.98179   160    4.31
  26  2.547e-03    8.95024   137.5428    8.98119   160    4.71
  27  2.134e-03    8.95024   137.5434    8.98052   160    5.99
  28  2.030e-03    8.95024   137.5428    8.97983   160    6.07
  29  1.657e-03    8.95024   137.5430    8.97910   160    4.66
  30  1.365e-03    8.95024   137.5432    8.97827   160    4.41
  31  9.296e-04    8.95024   137.5431    8.97739   160    4.26
  32  7.119e-04    8.95024   137.5430    8.97671   160    4.57
  33  6.537e-04    8.95024   137.5429    8.97644   160    4.22
  34  4.904e-04    8.95024   137.5433    8.97619   160    4.13
  35  3.721e-04    8.95024   137.5430    8.97599   160    4.91
  36  2.718e-04    8.95024   137.5431    8.97581   160    4.21
  37  2.445e-04    8.95024   137.5431    8.97575   160    4.40
  38  1.984e-04    8.95024   137.5430    8.97570   160    4.79
  39  1.566e-04    8.95024   137.5431    8.97566   160    4.95
  40  1.443e-04    8.95024   137.5431    8.97560   160    5.09
  41  1.122e-04    8.95024   137.5431    8.97554   160    7.24
  42  1.039e-04    8.95024   137.5431    8.97550   160    4.48
  43  8.641e-05    8.95024   137.5431    8.97543   160    4.34
SCF converged after 43 iterations, 200.7 s
saved results/qpc_wx1.0_A_B0.5.npz
 B[T]    M_loc M_win300         M   M_wire   it    t[s]         N   nup_far   ndn_far  top_up  top_dn mu-top_up mu-top_dn  conv
  0.5   0.4951   0.4460    8.9754   8.4804   43   200.7  137.5431  0.014849  0.013152  0.4247  1.2036   +0.5324   -0.3102  True
  M = 8.9754, M_loc = 0.4951, M_win300 = 0.4460
  [up] peaks: x=-85.7 nm h=0.4247, x=+85.7 nm h=0.4247
  [up] e_0(0)-e_0(far) = -0.0160 meV;  mu - e_0(far) = 0.9571 meV
  [dn] peaks: x=+0.0 nm h=1.2036
  [dn] e_0(0)-e_0(far) = 1.2036 meV;  mu - e_0(far) = 0.8935 meV
  n_1D(0) = 0.012966 nm^-1 (up 0.012396, dn 0.000569)

##### B = 0.25 T: leads (interacting) mu = 8.95427 meV, M_wire = 5.1628 (1.9 s)
SCF: spin-polarised, mu = 8.9543 meV, B = 0.25 T, kT = 0.05 meV, method = dense, interp = exchange
  it   residual    mu(meV)          N          M    nb    t(s)
   1  7.006e-01    8.95427   138.2437    8.50228   160    4.29
   2  1.107e+00    8.95427   136.5826    8.05660   160    4.71
   3  6.218e-01    8.95427   137.4008    8.20640   160    4.25
   4  5.242e-01    8.95427   137.4254    7.92459   160    4.57
   5  3.137e-01    8.95427   137.5050    7.12802   160    4.24
   6  2.159e-01    8.95427   137.5289    6.62886   160    4.43
   7  1.931e-01    8.95427   137.5109    6.45717   160    4.33
   8  1.538e-01    8.95427   137.4981    6.23324   160    4.12
   9  9.751e-02    8.95427   137.5395    6.11100   160    4.78
  10  5.973e-02    8.95427   137.5506    6.00393   160    4.48
  11  4.419e-02    8.95427   137.5333    5.97804   160    4.54
  12  3.019e-02    8.95427   137.5396    5.93882   160    4.29
  13  2.533e-02    8.95427   137.5635    5.91896   160    4.91
  14  1.434e-02    8.95427   137.5459    5.90805   160    4.44
  15  1.180e-02    8.95427   137.5435    5.90673   160    4.57
  16  9.828e-03    8.95427   137.5463    5.90374   160    4.59
  17  7.625e-03    8.95427   137.5458    5.90088   160    5.44
  18  6.017e-03    8.95427   137.5447    5.89759   160    4.04
  19  5.066e-03    8.95427   137.5461    5.89509   160    4.79
  20  4.326e-03    8.95427   137.5481    5.89401   160    4.75
  21  3.587e-03    8.95427   137.5473    5.89292   160    4.50
  22  3.529e-03    8.95427   137.5467    5.89206   160    4.45
  23  2.725e-03    8.95427   137.5484    5.89061   160    4.21
  24  2.128e-03    8.95427   137.5480    5.88918   160    4.70
  25  1.729e-03    8.95427   137.5471    5.88815   160    5.16
  26  1.556e-03    8.95427   137.5473    5.88759   160    4.31
  27  1.442e-03    8.95427   137.5475    5.88732   160    4.42
  28  1.379e-03    8.95427   137.5470    5.88695   160    4.28
  29  1.134e-03    8.95427   137.5472    5.88635   160    4.01
  30  9.451e-04    8.95427   137.5473    5.88594   160    4.29
  31  7.341e-04    8.95427   137.5475    5.88553   160    4.30
  32  6.618e-04    8.95427   137.5474    5.88525   160    4.28
  33  5.507e-04    8.95427   137.5474    5.88497   160    4.90
  34  4.721e-04    8.95427   137.5475    5.88467   160    4.16
  35  4.223e-04    8.95427   137.5474    5.88445   160    4.89
  36  3.858e-04    8.95427   137.5474    5.88424   160    4.60
  37  3.237e-04    8.95427   137.5475    5.88407   160    4.57
  38  2.901e-04    8.95427   137.5474    5.88384   160    5.47
  39  2.456e-04    8.95427   137.5474    5.88365   160    5.06
  40  2.094e-04    8.95427   137.5474    5.88341   160    4.60
  41  1.885e-04    8.95427   137.5474    5.88332   160    4.55
  42  1.524e-04    8.95427   137.5474    5.88316   160    4.66
  43  1.323e-04    8.95427   137.5474    5.88307   160    4.45
  44  1.027e-04    8.95427   137.5475    5.88295   160    4.54
  45  8.547e-05    8.95427   137.5474    5.88288   160    4.84
SCF converged after 45 iterations, 205.2 s
saved results/qpc_wx1.0_A_B0.25.npz
 B[T]    M_loc M_win300         M   M_wire   it    t[s]         N   nup_far   ndn_far  top_up  top_dn mu-top_up mu-top_dn  conv
 0.25   0.7201   0.6870    5.8829   5.1628   45   205.2  137.5474  0.014517  0.013484  0.4238  1.2094   +0.5228   -0.2999  True
  M = 5.8829, M_loc = 0.7201, M_win300 = 0.6870
  [up] peaks: x=-85.7 nm h=0.4238, x=+85.7 nm h=0.4238
  [up] e_0(0)-e_0(far) = -0.0197 meV;  mu - e_0(far) = 0.9466 meV
  [dn] peaks: x=+0.0 nm h=1.2094
  [dn] e_0(0)-e_0(far) = 1.2094 meV;  mu - e_0(far) = 0.9095 meV
  n_1D(0) = 0.012971 nm^-1 (up 0.012371, dn 0.000600)

##### B = 0 T: leads (interacting) mu = 8.95648 meV, M_wire = -0.0000 (2.3 s)
SCF: spin-polarised, mu = 8.9565 meV, B = 0.0 T, kT = 0.05 meV, method = dense, interp = exchange
  it   residual    mu(meV)          N          M    nb    t(s)
   1  6.305e-01    8.95648   137.9334    5.25240   160    4.38
   2  7.405e-01    8.95648   136.9887    5.03140   160    4.30
   3  6.558e-01    8.95648   137.4598    5.05636   160    4.13
   4  5.145e-01    8.95648   137.4676    4.40947   160    4.93
   5  3.558e-01    8.95648   137.5318    3.19179   160    4.34
   6  3.029e-01    8.95648   137.5396    2.68931   160    4.32
   7  2.711e-01    8.95648   137.5090    2.38850   160    4.37
   8  1.938e-01    8.95648   137.4831    1.80357   160    4.23
   9  1.238e-01    8.95648   137.5430    1.52214   160    4.42
  10  7.832e-02    8.95648   137.5514    1.30958   160    4.19
  11  5.634e-02    8.95648   137.5236    1.21402   160    4.84
  12  3.518e-02    8.95648   137.5447    1.15029   160    4.12
  13  3.020e-02    8.95648   137.5602    1.14754   160    4.07
  14  2.089e-02    8.95648   137.5487    1.11922   160    4.68
  15  1.833e-02    8.95648   137.5456    1.12292   160    4.27
  16  1.406e-02    8.95648   137.5525    1.11634   160    4.13
  17  1.131e-02    8.95648   137.5510    1.11081   160    4.85
  18  1.149e-02    8.95648   137.5471    1.10950   160    4.36
  19  1.090e-02    8.95648   137.5495    1.11114   160    4.38
  20  1.046e-02    8.95648   137.5532    1.11526   160    4.14
  21  9.250e-03    8.95648   137.5497    1.11602   160    4.26
  22  8.761e-03    8.95648   137.5499    1.11746   160    4.07
  23  8.216e-03    8.95648   137.5521    1.11851   160    4.37
  24  7.851e-03    8.95648   137.5512    1.11796   160    4.85
  25  6.909e-03    8.95648   137.5491    1.11727   160    4.35
  26  6.575e-03    8.95648   137.5500    1.11621   160    4.57
  27  6.358e-03    8.95648   137.5507    1.11432   160    4.29
  28  6.038e-03    8.95648   137.5495    1.11158   160    4.19
  29  5.560e-03    8.95648   137.5493    1.10723   160    4.11
  30  4.923e-03    8.95648   137.5506    1.10331   160    4.85
  31  4.379e-03    8.95648   137.5500    1.09954   160    4.46
  32  3.901e-03    8.95648   137.5496    1.09589   160    4.26
  33  3.521e-03    8.95648   137.5502    1.09342   160    4.89
  34  3.098e-03    8.95648   137.5507    1.09015   160    4.36
  35  2.692e-03    8.95648   137.5498    1.08740   160    4.50
  36  2.388e-03    8.95648   137.5496    1.08473   160    5.06
  37  1.898e-03    8.95648   137.5505    1.08260   160    4.12
  38  1.687e-03    8.95648   137.5501    1.08110   160    4.45
  39  1.658e-03    8.95648   137.5498    1.08040   160    4.03
  40  1.563e-03    8.95648   137.5501    1.07955   160    4.54
  41  1.405e-03    8.95648   137.5501    1.07916   160    3.96
  42  1.287e-03    8.95648   137.5498    1.07897   160    4.36
  43  1.059e-03    8.95648   137.5498    1.07853   160    5.20
  44  9.042e-04    8.95648   137.5502    1.07831   160    4.19
  45  8.225e-04    8.95648   137.5500    1.07809   160    4.51
  46  7.591e-04    8.95648   137.5498    1.07790   160    3.95
  47  7.145e-04    8.95648   137.5501    1.07772   160    4.60
  48  6.726e-04    8.95648   137.5500    1.07748   160    4.44
  49  6.278e-04    8.95648   137.5500    1.07725   160    4.96
  50  5.896e-04    8.95648   137.5500    1.07703   160    4.71
  51  5.449e-04    8.95648   137.5501    1.07672   160    4.10
  52  4.899e-04    8.95648   137.5500    1.07638   160    4.40
  53  4.537e-04    8.95648   137.5499    1.07599   160    4.43
  54  4.208e-04    8.95648   137.5500    1.07566   160    4.49
  55  4.033e-04    8.95648   137.5500    1.07548   160    4.59
  56  3.740e-04    8.95648   137.5499    1.07517   160    5.13
  57  3.280e-04    8.95648   137.5500    1.07489   160    4.09
  58  2.980e-04    8.95648   137.5500    1.07469   160    4.27
  59  2.644e-04    8.95648   137.5500    1.07455   160    4.74
  60  2.272e-04    8.95648   137.5500    1.07436   160    4.22
  61  1.854e-04    8.95648   137.5500    1.07426   160    4.97
  62  1.603e-04    8.95648   137.5500    1.07413   160    4.09
  63  1.463e-04    8.95648   137.5500    1.07404   160    4.97
  64  1.443e-04    8.95648   137.5500    1.07400   160    4.45
  65  1.277e-04    8.95648   137.5500    1.07393   160    4.75
  66  1.186e-04    8.95648   137.5500    1.07388   160    4.10
  67  1.112e-04    8.95648   137.5500    1.07383   160    5.01
  68  1.067e-04    8.95648   137.5500    1.07379   160    4.35
  69  1.004e-04    8.95648   137.5500    1.07373   160    4.15
  70  9.437e-05    8.95648   137.5500    1.07369   160    4.32
SCF converged after 70 iterations, 311.3 s
saved results/qpc_wx1.0_A_B0.npz
 B[T]    M_loc M_win300         M   M_wire   it    t[s]         N   nup_far   ndn_far  top_up  top_dn mu-top_up mu-top_dn  conv
    0   1.0737   1.0964    1.0737  -0.0000   70   311.3  137.5500  0.014001  0.014000  0.4156  1.2199   +0.5140   -0.2903  True
  M = 1.0737, M_loc = 1.0737   # HMW: ~0.85, M_win300 = 1.0964
  [up] peaks: x=-85.7 nm h=0.4156, x=+85.7 nm h=0.4156   # HMW: two peaks at x ~ +-80 nm, ~0.6 meV (nearly flat top over ~160 nm)
  [up] e_0(0)-e_0(far) = -0.0294 meV   # HMW: ~0.45 meV (shallow dip ~0.15 meV);  mu - e_0(far) = 0.9296 meV   # HMW: ~1.1 meV
  [dn] peaks: x=-123.8 nm h=0.1159, x=+0.0 nm h=1.2199, x=+123.8 nm h=0.1159   # HMW: one peak ~1.2 meV (just above mu)
  [dn] e_0(0)-e_0(far) = 1.2199 meV;  mu - e_0(far) = 0.9296 meV   # HMW: ~1.1 meV
  n_1D(0) = 0.012979 nm^-1 (up 0.012347, dn 0.000632)   # HMW: ~1.5e-2 nm^-1 total

 B[T]    M_loc M_win300         M   M_wire   it    t[s]         N   nup_far   ndn_far  top_up  top_dn mu-top_up mu-top_dn  conv
    6   0.0843  -0.0082   29.1122  29.0279   58   471.0  137.4481  0.016904  0.011097  0.2330  1.3411   +0.8064   -0.6479  True
    4   0.1247   0.0304   23.6690  23.5443   43   219.2  137.4800  0.016356  0.011645  0.2824  1.2962   +0.7316   -0.5365  True
    2   0.0976   0.0245   17.3593  17.2617   46   214.6  137.5163  0.015727  0.012274  0.3737  1.2142   +0.6137   -0.3853  True
    1   0.2589   0.1996   12.7748  12.5159   42   189.9  137.5340  0.015253  0.012748  0.4158  1.2006   +0.5544   -0.3320  True
  0.5   0.4951   0.4460    8.9754   8.4804   43   200.7  137.5431  0.014849  0.013152  0.4247  1.2036   +0.5324   -0.3102  True
 0.25   0.7201   0.6870    5.8829   5.1628   45   205.2  137.5474  0.014517  0.013484  0.4238  1.2094   +0.5228   -0.2999  True
    0   1.0737   1.0964    1.0737  -0.0000   70   311.3  137.5500  0.014001  0.014000  0.4156  1.2199   +0.5140   -0.2903  True

largest B with two spin-up barrier peaks: 6.0 T;  largest B with M_loc < 0.1: 6.0 T (B values in ramp order: [(6.0, 0.0843), (4.0, 0.1247), (2.0, 0.0976), (1.0, 0.2589), (0.5, 0.4951), (0.25, 0.7201), (0.0, 1.0737)])

=== RECOMPUTED (no SCF, 2026-10-04): table with D_dn = top_dn - top_unpol, D_up0 = e_0,up(0) - top_unpol (top_unpol = 0.6282 meV, A, wx 1.0)
    (replaces the line 'largest B with M_loc < 0.1' above)
 B[T]    M_loc M_win300         M   M_wire   it    t[s]         N   nup_far   ndn_far  top_up  top_dn mu-top_up mu-top_dn    D_dn   D_up0  conv
    6   0.0843  -0.0082   29.1122  29.0279   58   470.3  137.4481  0.016904  0.011097  0.2330  1.3411   +0.8064   -0.6479  +0.713  -0.652  True
    4   0.1247   0.0304   23.6690  23.5443   43   218.7  137.4800  0.016356  0.011645  0.2824  1.2962   +0.7316   -0.5365  +0.668  -0.661  True
    2   0.0976   0.0245   17.3593  17.2617   46   214.1  137.5163  0.015727  0.012274  0.3737  1.2142   +0.6137   -0.3853  +0.586  -0.651  True
    1   0.2589   0.1996   12.7748  12.5159   42   189.4  137.5340  0.015253  0.012748  0.4158  1.2006   +0.5544   -0.3320  +0.572  -0.644  True
  0.5   0.4951   0.4460    8.9754   8.4804   43   200.3  137.5431  0.014849  0.013152  0.4247  1.2036   +0.5324   -0.3102  +0.575  -0.644  True
 0.25   0.7201   0.6870    5.8829   5.1628   45   204.7  137.5474  0.014517  0.013484  0.4238  1.2094   +0.5228   -0.2999  +0.581  -0.648  True
    0   1.0737   1.0964    1.0737  -0.0000   70   310.5  137.5500  0.014001  0.014000  0.4156  1.2199   +0.5140   -0.2903  +0.592  -0.658  True
    0   1.0732   1.0964    1.0732  -0.0000   63   275.3  137.5500  0.014000  0.014000  0.4156  1.2199   +0.5140   -0.2903  +0.592  -0.658  True   (qpc_wx1.0_A_B0_largeseed.npz)
largest B with two spin-up barrier peaks: 6.0 T
B at the minimum of M_loc(B): 6 T (M_loc = 0.0843)
M_loc(B = 0): 1.0737
M_loc(B) in ramp order: [(6.0, 0.0843), (4.0, 0.1247), (2.0, 0.0976), (1.0, 0.2589), (0.5, 0.4951), (0.25, 0.7201), (0.0, 1.0737)]
