Hartree: kernel W (263, 35, 35) built in 0.88 s
leads (interacting): mu = 8.95648 meV (1.3 s)
results/qpc_wx1.5_unpol.npz exists and is converged; loading (use --force to recompute)
seeded B = 0, wx = 1.5 meV, lead = interacting, interp = exchange, Pulay, maxiter = 150: initial M = 0.1519
SCF: spin-polarised, mu = 8.9565 meV, B = 0.0 T, kT = 0.05 meV, method = dense, interp = exchange
  it   residual    mu(meV)          N          M    nb    t(s)
   1  6.751e-02    8.95648   138.4193    0.10532   160    4.73
   2  5.950e-02    8.95648   138.4187    0.10114   160    4.17
   3  4.230e-02    8.95648   138.4241    0.07389   160    4.64
   4  1.998e-02    8.95648   138.4185    0.07143   160    4.97
   5  1.881e-02    8.95648   138.4187    0.07033   160    4.67
   6  1.939e-02    8.95648   138.4204    0.06703   160    4.56
   7  1.284e-02    8.95648   138.4187    0.06598   160    4.27
   8  1.433e-02    8.95648   138.4183    0.06618   160    4.47
   9  1.767e-02    8.95648   138.4209    0.06727   160    5.22
  10  1.717e-02    8.95648   138.4172    0.06798   160    4.51
  11  1.556e-02    8.95648   138.4207    0.06786   160    4.88
  12  1.842e-02    8.95648   138.4152    0.06539   160    4.40
  13  1.623e-02    8.95648   138.4226    0.05877   160    4.47
  14  1.521e-02    8.95648   138.4159    0.05449   160    4.71
  15  1.391e-02    8.95648   138.4212    0.04945   160    4.85
  16  1.474e-02    8.95648   138.4177    0.04422   160    4.53
  17  1.153e-02    8.95648   138.4197    0.03778   160    5.20
  18  9.380e-03    8.95648   138.4186    0.03466   160    3.93
  19  8.809e-03    8.95648   138.4201    0.03176   160    4.76
  20  8.856e-03    8.95648   138.4167    0.02938   160    4.43
  21  7.048e-03    8.95648   138.4212    0.02594   160    4.17
  22  5.229e-03    8.95648   138.4179    0.02375   160    4.31
  23  4.796e-03    8.95648   138.4199    0.02307   160    4.63
  24  4.476e-03    8.95648   138.4184    0.02241   160    4.50
  25  4.182e-03    8.95648   138.4193    0.02179   160    4.18
  26  3.941e-03    8.95648   138.4189    0.02130   160    4.41
  27  3.245e-03    8.95648   138.4190    0.02119   160    4.04
  28  3.395e-03    8.95648   138.4191    0.02096   160    4.61
  29  3.526e-03    8.95648   138.4192    0.02108   160    5.20
  30  3.402e-03    8.95648   138.4188    0.02162   160    4.21
  31  3.621e-03    8.95648   138.4193    0.02191   160    4.69
  32  3.720e-03    8.95648   138.4185    0.02220   160    4.61
  33  3.579e-03    8.95648   138.4192    0.02241   160    4.69
  34  3.379e-03    8.95648   138.4190    0.02240   160    4.55
  35  3.601e-03    8.95648   138.4192    0.02220   160    4.44
  36  3.612e-03    8.95648   138.4189    0.02201   160    4.44
  37  3.241e-03    8.95648   138.4190    0.02164   160    4.52
  38  3.334e-03    8.95648   138.4188    0.02149   160    6.21
  39  3.287e-03    8.95648   138.4189    0.02125   160    5.52
  40  3.357e-03    8.95648   138.4190    0.02085   160    4.76
  41  3.269e-03    8.95648   138.4187    0.02024   160    5.28
  42  3.226e-03    8.95648   138.4187    0.01997   160    5.66
  43  3.370e-03    8.95648   138.4188    0.02008   160    5.81
  44  3.393e-03    8.95648   138.4189    0.01976   160    5.37
  45  3.336e-03    8.95648   138.4187    0.01914   160    8.66
  46  3.232e-03    8.95648   138.4193    0.01884   160    6.85
  47  3.192e-03    8.95648   138.4187    0.01870   160    5.57
  48  3.035e-03    8.95648   138.4191    0.01884   160    7.39
  49  3.036e-03    8.95648   138.4191    0.01884   160    5.63
  50  3.061e-03    8.95648   138.4188    0.01819   160    4.94
  51  3.389e-03    8.95648   138.4188    0.01869   160    4.90
  52  3.355e-03    8.95648   138.4189    0.01919   160    4.39
  53  3.380e-03    8.95648   138.4192    0.01949   160    5.96
  54  3.700e-03    8.95648   138.4190    0.01888   160    4.83
  55  3.759e-03    8.95648   138.4182    0.01823   160    5.12
  56  4.029e-03    8.95648   138.4202    0.01779   160    5.32
  57  4.036e-03    8.95648   138.4178    0.01635   160    4.90
  58  3.362e-03    8.95648   138.4192    0.01390   160    8.02
  59  2.681e-03    8.95648   138.4192    0.01092   160    7.00
  60  2.695e-03    8.95648   138.4187    0.00928   160    5.63
  61  2.588e-03    8.95648   138.4198    0.00746   160    4.97
  62  3.241e-03    8.95648   138.4180    0.00649   160    5.18
  63  2.498e-03    8.95648   138.4190    0.00457   160    4.65
  64  2.065e-03    8.95648   138.4192    0.00399   160    4.37
  65  2.135e-03    8.95648   138.4183    0.00349   160    5.38
  66  1.925e-03    8.95648   138.4197    0.00355   160    5.77
  67  1.571e-03    8.95648   138.4191    0.00290   160    4.97
  68  1.313e-03    8.95648   138.4191    0.00336   160    4.42
  69  1.336e-03    8.95648   138.4191    0.00305   160    4.53
  70  1.416e-03    8.95648   138.4191    0.00344   160    4.73
  71  1.426e-03    8.95648   138.4192    0.00397   160    5.33
  72  1.717e-03    8.95648   138.4189    0.00454   160    5.28
  73  2.189e-03    8.95648   138.4192    0.00463   160    5.32
  74  1.507e-03    8.95648   138.4194    0.00452   160    5.34
  75  1.662e-03    8.95648   138.4182    0.00437   160    4.24
  76  1.557e-03    8.95648   138.4195    0.00428   160    4.42
  77  1.452e-03    8.95648   138.4189    0.00337   160    6.56
  78  8.613e-04    8.95648   138.4188    0.00182   160    4.84
  79  6.918e-04    8.95648   138.4191    0.00150   160    4.40
  80  6.344e-04    8.95648   138.4189    0.00104   160    5.25
  81  6.315e-04    8.95648   138.4191    0.00075   160    4.61
  82  6.031e-04    8.95648   138.4189    0.00047   160    5.43
  83  4.775e-04    8.95648   138.4189    0.00040   160    5.88
  84  5.059e-04    8.95648   138.4192    0.00036   160    4.72
  85  4.129e-04    8.95648   138.4189    0.00039   160    4.22
  86  3.696e-04    8.95648   138.4190    0.00043   160    4.13
  87  3.179e-04    8.95648   138.4190    0.00044   160    4.73
  88  3.284e-04    8.95648   138.4190    0.00039   160    4.26
  89  3.197e-04    8.95648   138.4190    0.00032   160    4.17
  90  3.266e-04    8.95648   138.4190    0.00033   160    5.01
  91  3.282e-04    8.95648   138.4190    0.00033   160    4.08
  92  3.429e-04    8.95648   138.4190    0.00034   160    4.81
  93  3.637e-04    8.95648   138.4190    0.00036   160    4.38
  94  3.320e-04    8.95648   138.4189    0.00041   160    4.06
  95  2.708e-04    8.95648   138.4190    0.00045   160    4.29
  96  3.156e-04    8.95648   138.4190    0.00040   160    4.27
  97  3.187e-04    8.95648   138.4190    0.00033   160    4.78
  98  2.909e-04    8.95648   138.4190    0.00028   160    4.07
  99  2.915e-04    8.95648   138.4190    0.00020   160    4.72
 100  2.820e-04    8.95648   138.4190    0.00014   160    4.29
 101  2.855e-04    8.95648   138.4190    0.00019   160    4.65
 102  2.750e-04    8.95648   138.4190    0.00020   160    4.18
 103  2.681e-04    8.95648   138.4190    0.00022   160    4.97
 104  2.581e-04    8.95648   138.4190    0.00021   160    3.93
 105  2.662e-04    8.95648   138.4190    0.00026   160    4.70
 106  2.816e-04    8.95648   138.4190    0.00030   160    4.43
 107  2.827e-04    8.95648   138.4190    0.00027   160    4.81
 108  2.761e-04    8.95648   138.4190    0.00026   160    4.54
 109  2.809e-04    8.95648   138.4190    0.00023   160    4.50
 110  3.186e-04    8.95648   138.4189    0.00027   160    4.17
 111  3.019e-04    8.95648   138.4190    0.00030   160    3.92
 112  2.805e-04    8.95648   138.4190    0.00030   160    4.43
 113  2.797e-04    8.95648   138.4189    0.00026   160    4.76
 114  2.592e-04    8.95648   138.4189    0.00026   160    6.03
 115  2.425e-04    8.95648   138.4189    0.00030   160    4.01
 116  2.485e-04    8.95648   138.4189    0.00028   160    4.71
 117  2.512e-04    8.95648   138.4189    0.00020   160    4.14
 118  2.540e-04    8.95648   138.4189    0.00018   160    4.70
 119  2.595e-04    8.95648   138.4189    0.00006   160    4.32
 120  2.562e-04    8.95648   138.4190    0.00002   160    4.42
 121  2.409e-04    8.95648   138.4190    0.00007   160    5.50
 122  2.720e-04    8.95648   138.4190    0.00012   160    4.28
 123  2.611e-04    8.95648   138.4190    0.00014   160    4.43
 124  2.578e-04    8.95648   138.4190    0.00018   160    4.60
 125  2.532e-04    8.95648   138.4190    0.00020   160    4.06
 126  2.914e-04    8.95648   138.4190    0.00007   160    4.85
 127  2.719e-04    8.95648   138.4190   -0.00010   160    4.51
 128  2.561e-04    8.95648   138.4190   -0.00014   160    5.79
 129  2.546e-04    8.95648   138.4190   -0.00008   160    3.97
 130  2.438e-04    8.95648   138.4190   -0.00006   160    4.67
 131  2.683e-04    8.95648   138.4190   -0.00006   160    4.19
 132  2.849e-04    8.95648   138.4189   -0.00025   160    5.17
 133  3.380e-04    8.95648   138.4190   -0.00040   160    4.31
 134  2.839e-04    8.95648   138.4190   -0.00057   160    4.99
 135  3.193e-04    8.95648   138.4189   -0.00039   160    4.46
 136  3.078e-04    8.95648   138.4190   -0.00039   160    4.13
 137  3.032e-04    8.95648   138.4189   -0.00032   160    3.96
 138  2.871e-04    8.95648   138.4190   -0.00030   160    8.81
 139  2.868e-04    8.95648   138.4190   -0.00030   160    4.60
 140  2.738e-04    8.95648   138.4190   -0.00029   160    4.14
 141  2.682e-04    8.95648   138.4190   -0.00035   160    4.39
 142  2.643e-04    8.95648   138.4189   -0.00034   160    4.37
 143  2.786e-04    8.95648   138.4190   -0.00036   160    4.55
 144  2.694e-04    8.95648   138.4189   -0.00034   160    4.74
 145  2.855e-04    8.95648   138.4190   -0.00023   160    4.24
 146  2.821e-04    8.95648   138.4189   -0.00020   160    4.16
 147  2.831e-04    8.95648   138.4190   -0.00018   160    5.39
 148  2.761e-04    8.95648   138.4190   -0.00012   160    4.76
 149  2.601e-04    8.95648   138.4190   -0.00013   160    4.77
 150  2.600e-04    8.95648   138.4190   -0.00008   160    5.38
SCF NOT converged after 150 iterations, 727.5 s

 B[T]    M_loc M_win300         M   M_wire   it    t[s]         N   nup_far   ndn_far  top_up  top_dn mu-top_up mu-top_dn  conv
    0  -0.0002   0.0002   -0.0001  -0.0000  150   727.5  138.4190  0.014000  0.014000  0.7093  0.7096   +0.2203   +0.2200 False

=== seeded B = 0: wx = 1.5, lead = interacting, interp = exchange ===
mu (leads, N=140)             : 8.95648 meV
converged                     : False in 150 iterations, 727.5 s
time per iteration            : mean 4.84 s, max 8.81 s
N                             : 138.4190
M = N_up - N_dn               : -0.00008
far-field n_1D (|x|>1.5um)    : 0.028001 nm^-1  (max dev 0.004 %)
n_1D(x = 0)                   : 0.012061 nm^-1
[up] e_0(far)                 : 8.02687 meV
[up] barrier top - e_0(far)   : 0.70927 meV  (top at x = 0.0 nm; e_0(0) - e_0(far) = 0.70927; bare 3.0)
[up] mu - e_0(far)            : 0.92962 meV
[up] mu - barrier top         : +0.22034 meV
[dn] e_0(far)                 : 8.02687 meV
[dn] barrier top - e_0(far)   : 0.70958 meV  (top at x = 0.0 nm; e_0(0) - e_0(far) = 0.70958; bare 3.0)
[dn] mu - e_0(far)            : 0.92962 meV
[dn] mu - barrier top         : +0.22003 meV
