#  it  M_loc M_win300   N_up   N_dn  nup(0)  ndn(0) cnt_up cnt_dn dmin_up dmin_dn   resid
1 2.1001 1.0945 69.1398 67.0397 0.012541 0.000561384 22 19 0.0189059 -0.00697496 2.05724
2 2.07986 1.09044 69.9271 67.8472 0.0126084 0.000608859 22 19 0.00897788 0.00736276 1.45134
3 2.02474 1.08599 69.7926 67.7678 0.0126248 0.000624316 22 19 0.0098453 0.00765309 1.22624
4 1.86038 1.07228 69.7291 67.8687 0.0126427 0.000654835 21 20 0.00905102 0.00505948 0.81915
5 1.68176 1.05754 69.5998 67.918 0.0126234 0.000668623 21 20 0.00966041 0.00377108 0.62688
6 1.51321 1.04113 69.5232 68.01 0.0126134 0.000700983 21 20 0.0105577 0.00275138 0.484699
7 1.21562 1.01043 69.3726 68.157 0.0125924 0.000764426 22 20 0.0124059 0.00114859 0.240713
8 1.02443 0.988157 69.2785 68.2541 0.0125615 0.000806073 22 21 0.0136788 0.000120085 0.0878515
9 0.98512 0.981224 69.263 68.2778 0.0125499 0.000822107 22 21 0.0139341 -0.000174753 0.0623641
10 0.977183 0.97792 69.2587 68.2815 0.0125451 0.000832497 22 21 0.0140158 -0.000265913 0.0574584
11 0.965297 0.969313 69.2529 68.2876 0.0125318 0.000861216 22 21 0.0141838 -0.000475291 0.0480496
12 0.957988 0.963773 69.2493 68.2913 0.0125223 0.000879368 22 21 0.0142908 -0.000608988 0.044288
13 0.977614 0.980817 69.2595 68.2819 0.0125552 0.000825733 22 21 0.013966 -0.000221322 0.0526682
14 0.991416 0.996034 69.2649 68.2735 0.0125848 0.000778576 22 21 0.0137122 0.000121656 0.0552276
15 1.04706 1.04954 69.2913 68.2442 0.0126849 0.000620769 22 21 0.0127923 0.00131284 0.0613802
16 1.02423 1.02669 69.2804 68.2562 0.0126456 0.000686594 22 21 0.0131761 0.000814079 0.0615295
17 0.975442 0.981417 69.2568 68.2814 0.0125716 0.000822496 22 21 0.0139646 -0.000215538 0.0639563
18 1.05932 1.05688 69.2981 68.2388 0.0126972 0.000602889 22 21 0.0126871 0.0015314 0.0659234
19 1.0466 1.03994 69.2908 68.2442 0.0126756 0.000645446 22 21 0.012937 0.00117765 0.0665198
20 1.0629 1.04159 69.2989 68.236 0.0126749 0.000643612 22 21 0.0128313 0.00125544 0.0702844
21 1.00953 1.0136 69.272 68.2624 0.0126346 0.000717595 22 21 0.0134473 0.000576911 0.0664973
22 1.03075 1.03739 69.2819 68.2511 0.0126695 0.000651395 22 21 0.0130521 0.00108018 0.0657254
23 0.864382 0.858822 69.2012 68.3368 0.012407 0.00118894 22 21 0.0163631 -0.00275966 0.0790185
24 1.01203 1.01254 69.2714 68.2594 0.0126493 0.000722879 22 21 0.0134959 0.00061165 0.0657418
25 1.3017 1.30877 69.3836 68.0819 0.0127634 8.23796e-05 21 21 0.00956987 0.00744563 0.153241
26 1.30485 1.31149 69.3816 68.0767 0.0127165 7.96419e-05 21 21 0.00959497 0.00758387 0.157449
27 1.35975 1.37784 69.3136 67.9539 0.0115113 2.92554e-05 21 20 0.0103944 0.0111524 0.4161
28 1.33668 1.3545 69.3678 68.0311 0.0123376 5.04515e-05 21 21 0.00955358 0.0090252 0.23587
29 1.34567 1.36469 69.3496 68.0039 0.0120535 4.15749e-05 21 21 0.00982987 0.0097864 0.298432
30 1.30368 1.32746 69.3772 68.0735 0.0126559 7.23328e-05 21 21 0.00944369 0.00780064 0.177922
31 1.1159 1.11999 69.3259 68.21 0.0128669 0.000440545 22 21 0.0116011 0.00273113 0.0569655
32 1.09881 1.10118 69.3182 68.2193 0.0128296 0.000491911 22 21 0.0118614 0.00230254 0.0564107
33 1.08581 1.09254 69.3121 68.2263 0.0128133 0.000513162 22 21 0.0120196 0.00210627 0.0574928
34 1.12495 1.1235 69.3304 68.2054 0.0128623 0.000437934 21 21 0.0115014 0.00278664 0.0568872
35 1.084 1.04079 69.3122 68.2282 0.0127052 0.000652576 22 21 0.0126893 0.00128661 0.0853218
36 0.927171 0.921502 69.2369 68.3097 0.0125276 0.000992493 22 21 0.0149403 -0.00154116 0.063515
37 0.958804 0.949229 69.2526 68.2938 0.0125642 0.000906771 22 21 0.0143943 -0.000915881 0.06596
38 0.891081 0.876996 69.2201 68.329 0.0124302 0.00112171 22 21 0.0157819 -0.00244209 0.0612595
39 0.762684 0.732482 69.1554 68.3928 0.0122405 0.00160009 22 21 0.0188132 -0.00559037 0.105111
40 1.17224 1.17177 69.3493 68.1771 0.0129077 0.000331275 21 21 0.0108329 0.0038784 0.0675297
41 1.30937 1.30592 69.396 68.0866 0.0128866 8.94668e-05 21 21 0.00934771 0.00711313 0.13441
42 1.36796 1.37035 69.3641 67.9962 0.0121179 4.29243e-05 21 21 0.00960382 0.00979451 0.290505
43 1.32042 1.31824 69.3916 68.0712 0.0127536 7.98838e-05 21 21 0.00935618 0.00758244 0.160575
44 1.35153 1.36268 69.1123 67.7608 0.00938536 7.71201e-06 22 21 0.0140037 -0.0128829 0.960623
45 1.17838 1.16147 69.3543 68.176 0.0128711 0.000367455 21 21 0.0108862 0.00366678 0.0700085
46 0.838629 0.833677 69.196 68.3574 0.0123938 0.00129003 22 21 0.0165694 -0.00363189 0.0594014
47 1.20232 1.19668 69.3685 68.1661 0.0129727 0.000269887 21 21 0.0104033 0.00431957 0.0555092
48 1.04684 1.03823 69.2971 68.2503 0.0127137 0.00065961 22 21 0.0127552 0.00091553 0.0529603
49 1.09338 1.08551 69.3187 68.2254 0.01279 0.000533223 22 21 0.0120114 0.00194789 0.051423
50 1.30979 1.30632 69.3949 68.0852 0.0127977 8.60812e-05 21 21 0.00941292 0.00721147 0.129155
51 1.34849 1.35178 69.0594 67.711 0.0088367 4.98178e-06 22 21 0.0150431 -0.0116485 1.11438
52 1.33799 1.32958 69.0153 67.6773 0.00847395 4.13764e-06 22 21 0.0159873 -0.0109188 1.22045
53 1.35668 1.34986 69.0682 67.7115 0.0088473 5.19125e-06 22 21 0.0149571 -0.0117109 1.11202
54 1.17649 1.16054 68.6918 67.5153 0.0063345 1.5431e-06 22 20 -0.0199868 -0.00698352 1.86419
55 1.15876 1.14559 68.6661 67.5074 0.00618356 1.44802e-06 21 20 -0.0195554 -0.0067811 1.90494
56 1.1755 1.16191 68.6936 67.5181 0.00635771 1.55347e-06 21 20 -0.0200594 -0.00704692 1.85497
57 1.23289 1.21348 68.7886 67.5557 0.006946 1.99989e-06 22 20 0.0209523 -0.00802133 1.68531
58 1.23313 1.21457 68.7903 67.5572 0.00695954 2.01203e-06 22 20 0.020907 -0.00805161 1.68068
59 1.27902 1.30002 69.3644 68.0854 0.0127685 8.20203e-05 21 21 0.00996523 0.00749387 0.199223
60 0.44622 0.437323 68.9659 68.5196 0.0117254 0.00252536 22 21 0.0226737 -0.011229 0.221171
61 0.824681 0.818842 69.175 68.3504 0.0124863 0.00122945 22 21 0.0176011 -0.00327852 0.0875596
62 0.861646 0.840783 69.2117 68.35 0.0124769 0.00119758 22 21 0.0163092 -0.00332461 0.0796479
63 1.10341 1.08391 69.3289 68.2255 0.012833 0.000505626 22 21 0.0119331 0.00196096 0.0951705
64 1.11504 1.10297 69.3291 68.214 0.0129032 0.000441675 22 21 0.0118541 0.00252774 0.0819018
65 0.684104 0.663232 69.1284 68.4443 0.0120597 0.00186942 22 21 0.0199427 -0.00752156 0.0984216
66 0.910491 0.898617 69.2325 68.322 0.0125502 0.00101593 22 21 0.0152193 -0.00205029 0.0577154
67 0.927196 0.915546 69.2429 68.3157 0.0125608 0.000962648 22 21 0.0148293 -0.00172584 0.0634552
68 0.977034 0.953334 69.2623 68.2853 0.012605 0.000863457 22 21 0.0142265 -0.000735626 0.0647227
69 0.910335 0.901876 69.2346 68.3242 0.0125514 0.00100348 22 21 0.0150843 -0.0020445 0.0571216
70 1.07324 1.03178 69.3154 68.2422 0.0127328 0.000640382 22 21 0.0126169 0.000876653 0.0914223
71 1.13704 1.13477 69.3289 68.1918 0.012852 0.000418276 22 21 0.0115666 0.00319385 0.0579269
72 1.26082 1.22308 69.3868 68.126 0.0130591 0.000176564 21 21 0.0101172 0.00535443 0.111101
73 1.35423 1.33315 69.3784 68.0242 0.0123825 5.74234e-05 21 21 0.0096015 0.00881301 0.255299
74 1.40027 1.39432 69.2944 67.8941 0.0110537 2.00978e-05 21 20 0.0108116 0.0125558 0.523052
75 1.39158 1.3599 69.3783 67.9868 0.0120991 4.41758e-05 21 21 0.00958851 0.00974749 0.294691
76 1.19515 1.16833 69.3592 68.1641 0.0130281 0.000289254 21 21 0.0108973 0.00410373 0.0883554
77 1.13973 1.10555 69.3376 68.1979 0.0128056 0.000482622 22 21 0.011717 0.00257407 0.0676501
78 1.18724 1.15784 69.3577 68.1705 0.0129101 0.000353646 21 21 0.0109501 0.0036821 0.0683868
79 1.20869 1.18946 69.3647 68.156 0.0129875 0.000274919 21 21 0.0105986 0.00438968 0.072467
80 1.28985 1.27076 69.3895 68.0997 0.0129438 0.000120597 21 21 0.00973566 0.00643218 0.12496
81 1.28234 1.24462 69.3924 68.11 0.0130301 0.000148541 21 21 0.00992593 0.00589435 0.126303
82 0.985569 0.951838 69.2608 68.2753 0.0126571 0.00086079 22 21 0.0143837 -0.00058254 0.0779551
83 1.22494 1.15216 69.3756 68.1506 0.0129242 0.000365877 21 21 0.0109314 0.00381686 0.112561
84 0.978434 0.935984 69.2593 68.2809 0.0126751 0.000880608 22 21 0.0146227 -0.000843123 0.0917977
85 1.35317 1.34442 69.3854 68.0322 0.0124385 6.02925e-05 21 21 0.00944185 0.00866586 0.216574
86 1.34127 1.32736 69.3888 68.0475 0.0125698 7.05263e-05 21 21 0.00945574 0.00813277 0.188622
87 1.32114 1.29991 69.4012 68.08 0.0128411 9.74265e-05 21 21 0.00938643 0.00705603 0.134435
88 1.19618 1.18834 69.3591 68.1629 0.0129948 0.000272812 21 21 0.0106345 0.00433486 0.0690013
89 1.01868 0.985295 69.2775 68.2588 0.0126908 0.00078238 22 21 0.0137705 6.78545e-05 0.0729345
90 1.01957 0.973689 69.2785 68.2589 0.0127353 0.000775784 22 21 0.0138746 -6.52679e-05 0.0887821
91 0.758993 0.726703 69.143 68.384 0.0124564 0.00148199 22 21 0.0194545 -0.00519878 0.12316
92 1.30325 1.26128 69.3936 68.0903 0.0129611 0.000126832 21 21 0.00977977 0.00646053 0.164147
93 1.32853 1.27495 69.4044 68.0759 0.0129125 0.000117709 21 21 0.00955641 0.00678749 0.180267
94 1.17075 1.14637 69.3422 68.1715 0.012986 0.000346561 21 21 0.0112962 0.00370208 0.102003
95 1.1999 1.15834 69.3573 68.1574 0.0130216 0.000311407 21 21 0.0110489 0.00403233 0.113933
96 1.04365 1.03721 69.283 68.2393 0.0128222 0.000606452 22 21 0.0130814 0.0012634 0.0834575
97 1.04019 1.03395 69.2815 68.2413 0.0128053 0.000621449 22 21 0.0131319 0.00116576 0.0815076
98 1.02668 1.02373 69.2747 68.2481 0.0128094 0.0006397 22 21 0.0133343 0.000973967 0.0876992
99 1.08275 1.07995 69.3018 68.2191 0.0129131 0.000488988 22 21 0.0123435 0.0021583 0.0894926
100 1.07754 1.07688 69.299 68.2215 0.0129398 0.000478728 22 21 0.0124265 0.00215814 0.0874255
101 1.10814 1.10176 69.3135 68.2053 0.0129821 0.000418 22 21 0.0120009 0.00271792 0.0950535
102 1.09072 1.08748 69.3054 68.2147 0.0129601 0.000451673 22 21 0.0122405 0.0023979 0.090396
103 1.11041 1.11414 69.3148 68.2044 0.0129859 0.000395206 22 21 0.0118568 0.00292269 0.0865199
104 0.763279 0.775422 69.1483 68.385 0.0125554 0.00130487 22 21 0.018332 -0.00438013 0.092684
105 1.23023 1.22352 69.3671 68.1368 0.0130776 0.000173275 21 21 0.0102872 0.00534814 0.113956
106 1.24979 1.24361 69.3728 68.123 0.0130323 0.000141478 21 21 0.010072 0.00584483 0.12393
107 1.25925 1.25862 69.3734 68.1141 0.0129913 0.000128198 21 21 0.00995147 0.00619492 0.132586
108 1.22449 1.21177 69.3671 68.1426 0.0130912 0.000190879 21 21 0.0103826 0.00506866 0.10524
109 1.19407 1.18372 69.3559 68.1618 0.013058 0.000256648 21 21 0.0106976 0.00434882 0.0902698
110 1.19938 1.20786 69.3548 68.1554 0.0130959 0.000198631 21 21 0.010479 0.00487707 0.111082
111 1.22345 1.20788 69.3678 68.1444 0.0130945 0.000199748 21 21 0.0103772 0.00495467 0.106284
112 1.21315 1.19532 69.3638 68.1506 0.0130812 0.000227088 21 21 0.0105279 0.00468095 0.103502
113 1.19772 1.18461 69.3572 68.1595 0.0130824 0.000244435 21 21 0.010681 0.00443058 0.0957568
114 1.27568 1.2459 69.382 68.1063 0.0129947 0.000133761 21 21 0.00996025 0.00608506 0.154376
115 1.27935 1.28077 69.386 68.1066 0.012896 0.000110319 21 21 0.0096221 0.00651268 0.106673
116 0.995804 0.992497 69.2708 68.275 0.0127454 0.000723619 22 21 0.0135993 3.14437e-05 0.0426909
117 1.37671 1.373 69.3761 67.9994 0.0120637 4.26897e-05 21 21 0.00949909 0.00967216 0.255307
118 1.0738 1.08514 69.3037 68.2299 0.0129158 0.000465661 22 21 0.0122665 0.00213228 0.0644747
119 0.901123 0.880761 69.2147 68.3136 0.0126615 0.00100352 22 21 0.016017 -0.00196 0.0846783
120 1.30975 1.27303 69.3976 68.0879 0.0128906 0.000117218 21 21 0.00967199 0.00662161 0.146582
121 1.28661 1.28091 69.3882 68.1016 0.0128825 0.000114148 21 21 0.00962558 0.00651481 0.120278
122 1.30402 1.29084 69.3956 68.0916 0.0128227 0.000102555 21 21 0.00953937 0.00682672 0.112962
123 1.15838 1.16945 69.3414 68.183 0.0130122 0.000278676 21 21 0.0109861 0.00391818 0.0688936
124 0.970242 0.908082 69.249 68.2788 0.0126913 0.000926253 22 21 0.0152804 -0.00120156 0.117337
125 0.965414 0.901776 69.2477 68.2822 0.0127005 0.000936385 22 21 0.0153606 -0.00134055 0.116614
126 1.1301 1.12204 69.3219 68.1918 0.0129168 0.000406424 22 21 0.0117796 0.00312697 0.0872155
127 1.01811 1.00637 69.2744 68.2562 0.0127696 0.000701152 22 21 0.0136156 0.00054929 0.0655419
128 1.19048 1.18414 69.3478 68.1573 0.0130688 0.000252094 21 21 0.0109159 0.00455214 0.120266
129 1.08627 1.07767 69.3009 68.2146 0.0129526 0.000475454 22 21 0.0124887 0.00228415 0.0998201
130 0.781938 0.777897 69.1559 68.3739 0.012565 0.00132135 22 21 0.0182793 -0.00433705 0.101425
131 0.975405 0.978401 69.2513 68.2759 0.0128243 0.000729232 22 21 0.0141352 -7.30784e-06 0.0727116
132 1.08956 1.08186 69.3038 68.2142 0.0129634 0.000467865 22 21 0.0123323 0.00229686 0.0932216
133 1.0779 1.07034 69.2982 68.2203 0.0129502 0.000494583 22 21 0.0125246 0.00205471 0.0927961
134 0.928617 0.933111 69.2269 68.2983 0.0128005 0.000842322 22 21 0.0150418 -0.000930591 0.0852643
135 0.962394 0.964356 69.2434 68.281 0.0128344 0.000761199 22 21 0.0144241 -0.000264195 0.0849668
136 0.957042 0.956116 69.2407 68.2837 0.0128216 0.000782019 22 21 0.0145779 -0.000416794 0.0837325
137 0.934465 0.93964 69.2297 68.2952 0.0128062 0.00082477 22 21 0.0149164 -0.000795693 0.0850197
138 0.951761 0.958062 69.238 68.2863 0.0128221 0.000780443 22 21 0.0145659 -0.000416208 0.0851879
139 0.892197 0.89632 69.2085 68.3163 0.0127711 0.000944478 22 21 0.0158075 -0.00170443 0.0929943
140 0.995959 1.01388 69.2586 68.2626 0.0128799 0.00063476 22 21 0.0135879 0.000733742 0.0899757
141 0.951626 0.956832 69.2376 68.286 0.0128063 0.000790113 22 21 0.0145927 -0.000445782 0.0868635
142 0.960017 0.965972 69.2418 68.2817 0.0128127 0.000767025 22 21 0.0144204 -0.000257186 0.0851308
143 1.00021 1.00913 69.2615 68.2613 0.0128403 0.000661536 22 21 0.0136195 0.000629601 0.0773384
144 1.0034 1.0118 69.263 68.2596 0.0128429 0.000655066 22 21 0.0135679 0.000688288 0.0777134
145 1.30918 1.33008 69.3665 68.0573 0.0125547 6.84075e-05 21 21 0.0096007 0.00818671 0.220155
146 1.3102 1.33409 69.3663 68.0561 0.0125309 6.67753e-05 21 21 0.00957662 0.00826113 0.221062
147 1.34798 1.36969 69.3508 68.0029 0.012114 4.26735e-05 21 21 0.00972756 0.0097872 0.310569
148 1.33827 1.36246 69.358 68.0198 0.0122644 4.73289e-05 21 21 0.00959999 0.00933967 0.282305
149 1.31454 1.34301 69.3616 68.0471 0.0124429 6.07382e-05 21 21 0.00958892 0.00857077 0.244842
150 1.31211 1.33988 69.3643 68.0522 0.0124868 6.36215e-05 21 21 0.00957084 0.00841695 0.232127
151 1.25919 1.29166 69.3643 68.1051 0.0128624 0.000101837 21 21 0.00977504 0.00685136 0.166478
152 1.27801 1.31614 69.3564 68.0784 0.0126519 7.52895e-05 21 21 0.0097676 0.00775364 0.216132
153 1.28139 1.28899 69.3776 68.0963 0.0128747 0.000109172 21 21 0.00969735 0.00685542 0.145402
154 0.860538 0.904746 69.1929 68.3323 0.0127623 0.000907136 22 21 0.0157819 -0.00165663 0.0981024
155 0.785078 0.792987 69.149 68.3639 0.0126632 0.00122954 22 21 0.018315 -0.00375582 0.127923
156 1.04634 1.06453 69.2821 68.2358 0.0129002 0.000526962 22 21 0.0127818 0.00180883 0.0782317
157 1.12053 1.14736 69.3188 68.1983 0.0130047 0.000336914 21 21 0.0115121 0.00349576 0.0848097
158 1.06168 1.07264 69.2923 68.2306 0.0128739 0.000531753 22 21 0.0125287 0.00186828 0.0710667
159 1.03017 1.0558 69.2779 68.2477 0.0128571 0.00057104 22 21 0.0128428 0.0014343 0.0709346
160 1.0176 1.05324 69.2686 68.251 0.012863 0.000569062 22 21 0.0130364 0.00144529 0.0871604
161 0.962163 0.978645 69.2416 68.2795 0.0128302 0.000729666 22 21 0.014257 1.17733e-05 0.0821678
162 1.01924 1.03496 69.2692 68.25 0.012891 0.000591027 22 21 0.0132317 0.0011944 0.0850976
163 0.987982 1.01115 69.2537 68.2657 0.012848 0.000652667 22 21 0.0137078 0.000676854 0.0845662
164 1.03046 1.04575 69.2741 68.2436 0.0128822 0.00057061 22 21 0.0130721 0.00143286 0.0808504
165 1.02321 1.03887 69.2711 68.2479 0.0128739 0.000589354 22 21 0.0131893 0.0012715 0.0789884
166 1.04843 1.06675 69.2828 68.2343 0.0129013 0.000521488 22 21 0.0127274 0.00185797 0.0822004
167 1.27352 1.26998 69.3815 68.108 0.0130281 0.000127097 21 21 0.00977507 0.00632755 0.136117
168 0.910259 0.9337 69.2178 68.3075 0.0127556 0.000865403 22 21 0.01514 -0.00103023 0.0831916
169 1.01327 1.03878 69.2664 68.2532 0.0128784 0.000576709 22 21 0.0131911 0.00125508 0.0824917
170 1.03006 1.05168 69.2745 68.2444 0.0128958 0.000546958 22 21 0.0129739 0.00154568 0.078206
171 1.03015 1.04439 69.2748 68.2447 0.0128837 0.000567229 22 21 0.0130549 0.00140846 0.0752847
172 1.00698 1.04303 69.2627 68.2558 0.0129418 0.000540049 22 21 0.0132352 0.00138797 0.0868638
173 1.00652 1.0281 69.2626 68.2561 0.0128634 0.000607111 22 21 0.0133748 0.00105048 0.0822069
174 0.931633 0.956611 69.2266 68.295 0.0127989 0.000784182 22 21 0.014689 -0.000480085 0.0875635
175 1.05147 1.0753 69.2848 68.2333 0.0129405 0.000491992 22 21 0.0125252 0.00199743 0.089427
176 1.07271 1.08742 69.2939 68.2212 0.0129251 0.000470954 22 21 0.0123572 0.00233296 0.0808379
177 1.02494 1.04344 69.2714 68.2465 0.0128801 0.000570835 22 21 0.0130963 0.00138348 0.0805907
178 0.973796 0.990111 69.2478 68.274 0.0128164 0.000709965 22 21 0.0140189 0.000234569 0.0741513
179 1.06059 1.0829 69.2885 68.228 0.0129138 0.000482062 22 21 0.0124389 0.00218365 0.0798442
180 1.05847 1.07926 69.2887 68.2302 0.0128671 0.000510207 22 21 0.0124768 0.00199476 0.0782961
181 1.24799 1.26267 69.3669 68.1189 0.0130006 0.000125308 21 21 0.00998403 0.00620003 0.126938
182 1.10318 1.1338 69.3089 68.2057 0.0129643 0.000373526 22 21 0.0116643 0.00318604 0.0913359
183 1.00523 1.02209 69.263 68.2577 0.0128341 0.000641602 22 21 0.0134301 0.000867985 0.078218
184 0.992965 1.03319 69.2575 68.2645 0.012864 0.000604652 22 21 0.013358 0.00100706 0.0874574
185 1.03782 1.05718 69.2788 68.241 0.012888 0.000543872 22 21 0.0128321 0.00162484 0.0758256
186 0.970937 0.980832 69.2481 68.2772 0.012811 0.000733827 22 21 0.0141233 -9.18051e-08 0.0753986
187 0.92759 0.955858 69.2266 68.299 0.0127907 0.000793768 22 21 0.0146551 -0.000579799 0.0844882
188 0.999541 1.02775 69.2618 68.2622 0.0128776 0.000608513 22 21 0.0133137 0.000921806 0.0854753
189 1.0543 1.04938 69.289 68.2347 0.0128857 0.000577839 22 21 0.0128581 0.00146304 0.0800035
190 1.03329 1.04987 69.2771 68.2438 0.0128899 0.00055894 22 21 0.0129338 0.00148176 0.0800707
191 1.00845 1.02804 69.2656 68.2572 0.0128545 0.000613306 22 21 0.0133185 0.00100437 0.0741385
192 1.05031 1.06337 69.2862 68.2359 0.0128895 0.000531597 22 21 0.012686 0.00176165 0.0712167
193 0.970238 0.98624 69.2473 68.2771 0.0128481 0.000706812 22 21 0.0140554 0.000174512 0.0786552
194 1.00728 1.01937 69.2673 68.26 0.0127359 0.000670635 22 21 0.0134336 0.000707184 0.0766209
195 0.83709 0.844182 69.1862 68.3491 0.0125683 0.00115396 22 21 0.0167718 -0.00309235 0.0599102
196 1.21325 1.23385 69.3535 68.1402 0.0130546 0.000148418 21 21 0.010324 0.00556408 0.114705
197 1.05342 1.05389 69.2843 68.2309 0.0129123 0.000540009 22 21 0.0128123 0.00170951 0.0923107
198 1.12287 1.14269 69.3165 68.1936 0.0130023 0.000347565 22 21 0.0114957 0.00347102 0.0962292
199 0.847021 0.878305 69.1861 68.3391 0.0126838 0.00101826 22 21 0.0161868 -0.00222106 0.0998086
200 0.944577 0.961191 69.2331 68.2885 0.012827 0.00076821 22 21 0.0145424 -0.000373328 0.0844608
201 0.997382 1.00368 69.2586 68.2613 0.0128408 0.000672877 22 21 0.013733 0.000580777 0.0775656
202 1.02092 1.02901 69.27 68.2491 0.0128822 0.000604586 22 21 0.0132759 0.00109708 0.0779385
203 1.00058 1.01418 69.2603 68.2597 0.0128611 0.000640631 22 21 0.0135602 0.000764397 0.0750953
204 1.06447 1.03747 69.2936 68.2291 0.0128908 0.000592788 22 21 0.0129881 0.00134374 0.0898837
205 0.844106 0.857091 69.1844 68.3403 0.0127132 0.00106424 22 21 0.0166608 -0.00261339 0.101347
206 1.05741 1.0661 69.2882 68.2307 0.0129362 0.000508204 22 21 0.0126329 0.0018977 0.0805118
207 0.936984 0.931625 69.2319 68.2949 0.012793 0.000852018 22 21 0.0150107 -0.000926193 0.0930001
208 1.07996 1.08933 69.3 68.22 0.0129548 0.00045875 22 21 0.0122423 0.00236439 0.0805494
209 1.11285 1.11721 69.3162 68.2034 0.0129641 0.000399625 22 21 0.011777 0.00296068 0.0782408
210 1.13645 1.14829 69.3266 68.1901 0.0130241 0.000332189 21 21 0.0113581 0.003578 0.0814951
211 1.1184 1.1244 69.3184 68.2 0.0129635 0.000395107 22 21 0.0116791 0.00307674 0.0861
212 1.09453 1.10167 69.3072 68.2127 0.0129492 0.000437364 22 21 0.0120246 0.00262702 0.0839727
213 1.14605 1.15044 69.3311 68.185 0.0129999 0.000337499 21 21 0.0112885 0.00364927 0.086228
214 1.16307 1.18024 69.3374 68.1743 0.0130566 0.000267629 21 21 0.0109075 0.00424073 0.0973931
215 0.970251 0.983863 69.246 68.2758 0.0127885 0.00072743 22 21 0.0140972 0.000116852 0.0748123
216 1.02666 1.03079 69.2722 68.2455 0.0128545 0.000608294 22 21 0.0132263 0.0011582 0.0856641
217 1.02907 1.03723 69.2727 68.2436 0.0128634 0.000590232 22 21 0.0131391 0.00129057 0.0786626
218 0.923433 0.941419 69.2242 68.3008 0.0127387 0.000844797 22 21 0.0148972 -0.000833168 0.0737458
219 0.752525 0.757419 69.1363 68.3838 0.0125418 0.00136816 22 21 0.0188727 -0.00466722 0.108863
220 1.08953 1.10172 69.3019 68.2123 0.0129649 0.000431145 22 21 0.0120935 0.00265498 0.0852923
221 1.15567 1.16617 69.332 68.1763 0.0130397 0.000295052 21 21 0.0111271 0.00403338 0.0953082
222 1.06925 1.08787 69.2931 68.2238 0.0129519 0.000463414 22 21 0.0123224 0.00231846 0.0867579
223 1.04794 1.06246 69.2835 68.2356 0.0129159 0.000522447 22 21 0.012716 0.00179349 0.0815483
224 1.03732 1.05292 69.2787 68.2413 0.0129103 0.000542676 22 21 0.0128766 0.00158709 0.0799013
225 1.04521 1.05996 69.2822 68.237 0.0129137 0.00052831 22 21 0.0127556 0.00173914 0.0814698
226 1.07269 1.08579 69.2951 68.2224 0.0129427 0.000468175 22 21 0.0123307 0.00229338 0.0823038
227 1.03618 1.05309 69.2777 68.2416 0.0129105 0.000542141 22 21 0.0128825 0.00158591 0.0819938
228 1.02926 1.04662 69.2746 68.2453 0.0128977 0.000559861 22 21 0.0129943 0.00144147 0.0808598
229 1.03862 1.0548 69.2789 68.2403 0.0129107 0.000538945 22 21 0.0128519 0.00162591 0.0825958
230 1.00371 1.02434 69.2625 68.2588 0.0128721 0.000614817 22 21 0.0133903 0.000949522 0.0818781
231 0.794333 0.823831 69.1593 68.365 0.0126719 0.00115485 22 21 0.0174235 -0.0033583 0.115964
232 0.969143 0.983755 69.2467 68.2775 0.0128057 0.000725184 22 21 0.0140731 8.2164e-05 0.0737988
233 1.01351 1.03012 69.2674 68.2539 0.0128602 0.000605868 22 21 0.0132607 0.00107346 0.0748904
234 1.1037 1.13156 69.3096 68.2059 0.0129796 0.00036753 22 21 0.0116728 0.00318306 0.0868225
235 0.950706 0.969948 69.2376 68.2869 0.0127985 0.000765201 22 21 0.0143574 -0.000241872 0.0796736
236 0.952784 0.968943 69.2387 68.2859 0.012793 0.000763968 22 21 0.0143563 -0.00023893 0.0764652
237 0.959134 0.97203 69.2421 68.2829 0.0127916 0.00075984 22 21 0.014285 -0.000175199 0.0761062
238 0.964059 0.976813 69.2445 68.2805 0.0127956 0.000747317 22 21 0.0141972 -7.7032e-05 0.074971
239 1.32966 1.31461 69.3894 68.0598 0.0127383 7.98056e-05 21 21 0.00947527 0.0077719 0.187643
240 1.32345 1.31411 69.382 68.0586 0.0126883 7.73412e-05 21 21 0.00957299 0.00785478 0.190003
241 1.268 1.27144 69.3716 68.1036 0.0129094 0.000115815 21 21 0.00988739 0.00658673 0.144627
242 1.26321 1.26923 69.3701 68.1069 0.0129268 0.000118962 21 21 0.0099148 0.00650774 0.140118
243 1.29095 1.29437 69.3774 68.0864 0.0128357 9.40086e-05 21 21 0.00967804 0.00715888 0.161351
244 0.966732 0.983364 69.2458 68.279 0.0128092 0.000718299 22 21 0.0141041 0.000100394 0.0805623
245 1.0202 1.04573 69.27 68.2498 0.012886 0.000559944 22 21 0.0130576 0.00142001 0.0863445
246 0.643188 0.672616 69.081 68.4378 0.0124642 0.00162035 22 21 0.0211249 -0.0065542 0.146123
247 1.01093 1.03703 69.2649 68.254 0.0128862 0.000583255 22 21 0.0132091 0.00121162 0.0860219
248 0.998805 1.03248 69.2583 68.2595 0.0128882 0.000593649 22 21 0.0133429 0.00109941 0.0955926
249 0.99139 1.02753 69.2548 68.2634 0.0128891 0.000601687 22 21 0.0134362 0.000995017 0.0971124
250 1.0041 1.0403 69.261 68.257 0.0129001 0.000571354 22 21 0.0132073 0.00125666 0.0961143
251 1.06879 1.09171 69.2906 68.2219 0.0129951 0.000445556 22 21 0.0123573 0.00244672 0.0974466
252 1.2537 1.27596 69.3579 68.1042 0.0129054 0.000106557 21 21 0.0100014 0.00676691 0.171512
253 1.29118 1.31262 69.3565 68.0653 0.0126308 7.44654e-05 21 21 0.00985007 0.00795959 0.22237
254 1.28313 1.30546 69.3573 68.0741 0.0127061 7.92912e-05 21 21 0.00987355 0.00770663 0.210994
255 1.27655 1.29475 69.361 68.0845 0.0128097 8.67556e-05 21 21 0.00989135 0.00735152 0.189096
256 1.29072 1.30349 69.3642 68.0734 0.0127369 8.15957e-05 21 21 0.00982027 0.00762166 0.193993
257 1.35652 1.36495 69.3447 67.9882 0.0120505 4.14995e-05 21 21 0.00992506 0.0100717 0.332942
258 1.33594 1.34902 69.3578 68.0218 0.0123323 5.2941e-05 21 21 0.00970525 0.00915792 0.276402
259 0.752935 0.757406 69.145 68.392 0.0125271 0.00137938 22 21 0.0185606 -0.00488532 0.0934875
260 1.18698 1.21767 69.3478 68.1609 0.0130899 0.000184737 21 21 0.01046 0.00496369 0.109467
261 1.08709 1.10515 69.3011 68.2141 0.012987 0.000412177 22 21 0.0120701 0.00271785 0.0861806
262 0.826048 0.85348 69.1755 68.3494 0.012697 0.00106654 22 21 0.0167476 -0.00270331 0.101148
263 1.39018 1.35884 69.363 67.9728 0.0120189 4.17663e-05 21 21 0.00985467 0.010164 0.343355
264 1.36995 1.36201 69.3497 67.9798 0.0119811 4.04522e-05 21 20 0.00995792 0.010173 0.332562
265 1.4201 1.36864 69.0918 67.6717 0.00889944 4.87436e-06 22 21 0.0147617 -0.0111028 1.15806
266 1.43596 1.38598 69.206 67.7701 0.0099896 1.06423e-05 21 21 0.0126884 -0.0135443 0.859675
267 1.37157 1.32003 68.9832 67.6116 0.00816857 3.27021e-06 22 20 0.0170057 -0.00962056 1.36896
268 1.40199 1.38156 69.2303 67.8283 0.0103967 1.36509e-05 21 21 0.0120941 0.0141759 0.711596
269 1.43312 1.3736 69.1282 67.6951 0.00914925 5.91377e-06 22 21 0.0141441 -0.0117472 1.06494
270 1.43283 1.37373 69.1295 67.6967 0.00916287 5.9799e-06 22 21 0.0141179 -0.0117838 1.06044
271 1.32013 1.28917 68.9154 67.5953 0.00776842 2.70674e-06 22 20 0.0183123 -0.00906907 1.45175
272 1.29841 1.26285 68.8659 67.5674 0.00743045 2.30659e-06 22 20 0.0193838 -0.00843138 1.55409
273 1.26288 1.23217 68.8038 67.5409 0.00703033 1.92214e-06 22 20 0.020695 -0.00774199 1.66558
274 0.806807 0.817654 69.1875 68.3807 0.0126196 0.00119516 22 21 0.0167875 -0.00400475 0.0802563
275 0.879154 0.871758 69.2121 68.333 0.0126198 0.00103155 22 21 0.016012 -0.00247879 0.0509025
276 0.701085 0.690959 69.1138 68.4127 0.0126001 0.00151258 22 21 0.0205409 -0.00601164 0.136205
277 0.928864 0.924651 69.2301 68.3012 0.0127233 0.000895932 22 21 0.0151099 -0.00123196 0.0702122
278 0.9188 0.872848 69.2298 68.311 0.012672 0.00102556 22 21 0.0159353 -0.00224136 0.0965415
279 0.910103 0.925018 69.2185 68.3084 0.0126197 0.000903893 22 21 0.0152374 -0.00124176 0.0785261
280 0.971242 0.976278 69.2545 68.2832 0.0126876 0.000799728 22 21 0.0140352 -0.000349 0.0649018
281 0.878173 0.904447 69.207 68.3289 0.0126894 0.000953932 22 21 0.0154994 -0.00185276 0.0697044
282 0.906627 0.936782 69.2195 68.3129 0.0126756 0.000866175 22 21 0.0148962 -0.00111106 0.0680249
283 0.896798 0.92013 69.2127 68.3159 0.0126741 0.000905749 22 21 0.0152607 -0.00138651 0.0710775
284 0.933283 0.947072 69.2375 68.3042 0.0126781 0.000853365 22 21 0.0144823 -0.000990563 0.0504635
285 0.954869 0.969173 69.2482 68.2934 0.0126766 0.000798521 22 21 0.0140625 -0.000521617 0.0505669
286 0.976651 1.00589 69.2488 68.2722 0.0127159 0.000705485 22 21 0.0138348 0.000428084 0.0798732
287 0.977158 1.00169 69.2521 68.275 0.0127017 0.000705401 22 21 0.0137368 0.000323458 0.0701545
288 1.0086 1.02659 69.2672 68.2586 0.0127188 0.000662865 22 21 0.0132758 0.000838509 0.0720826
289 0.973941 0.99046 69.2557 68.2818 0.012667 0.000753045 22 21 0.013819 -3.22079e-05 0.0480681
290 0.99298 0.997394 69.2648 68.2718 0.0126735 0.000736064 22 21 0.0136661 0.000166187 0.0486505
291 0.958048 0.995803 69.2471 68.289 0.0126703 0.000741735 22 21 0.0137891 -4.28022e-06 0.0715251
292 0.888456 0.903476 69.2141 68.3257 0.0126484 0.000956388 22 21 0.0155134 -0.00183764 0.060529
293 0.984144 1.01652 69.2603 68.2761 0.0127019 0.000672505 22 21 0.0134024 0.000526745 0.0660479
294 0.926081 0.942427 69.2348 68.3087 0.0126867 0.000865256 22 21 0.0146559 -0.00104793 0.0555199
295 0.974061 0.96963 69.2576 68.2836 0.0126679 0.000801266 22 21 0.0140627 -0.000390279 0.0550046
296 1.02181 1.03283 69.2785 68.2567 0.0127183 0.000652374 22 21 0.0130848 0.000882873 0.0498891
297 0.999725 0.99782 69.2683 68.2686 0.012665 0.000735875 22 21 0.0136081 0.000218271 0.0464367
298 0.994388 0.996915 69.2652 68.2708 0.0126618 0.00073095 22 21 0.0136298 0.000218235 0.0494293
299 1.01372 1.01767 69.2724 68.2586 0.0127072 0.000669544 22 21 0.0132666 0.000703997 0.0614208
300 0.965097 0.969883 69.251 68.2859 0.0126385 0.000820871 22 21 0.0141661 -0.000424991 0.045223
