#  it  M_loc M_win300   N_up   N_dn  nup(0)  ndn(0) cnt_up cnt_dn dmin_up dmin_dn   resid
1 2.37958 1.11526 69.9882 67.6087 0.0126622 0.000574145 24 23 -0.00368428 -0.012733 0.703822
2 2.33253 1.11265 69.9351 67.6026 0.0126624 0.000574621 24 23 -0.00322132 -0.0126329 0.680485
3 2.16285 1.10292 69.8895 67.7267 0.0126647 0.000578194 24 23 -0.00290034 -0.0137079 0.579693
4 1.1945 1.04759 69.3776 68.1831 0.0126756 0.000599971 23 25 0.00122817 0.0156589 0.136354
5 1.11038 1.04229 69.3273 68.2169 0.0126697 0.000603966 23 25 0.0015684 0.0153626 0.102704
6 1.0821 1.0403 69.3204 68.2383 0.0126588 0.000604852 23 25 0.00156287 0.0151845 0.0816914
7 1.04831 1.03799 69.3032 68.2549 0.0126443 0.000606285 23 25 0.00163569 0.0150866 0.0547857
8 1.03699 1.03735 69.2902 68.2532 0.0126442 0.000609833 23 25 0.00170138 0.015149 0.0390876
9 1.02618 1.03673 69.288 68.2618 0.0126508 0.000617834 23 25 0.00163813 0.0151451 0.0170095
10 1.01951 1.03606 69.2866 68.2671 0.0126515 0.000620289 23 25 0.00163078 0.015115 0.013237
11 1.01716 1.03528 69.2844 68.2673 0.0126503 0.000622524 23 25 0.00164419 0.0151221 0.011104
12 1.01818 1.03446 69.2854 68.2672 0.0126488 0.00062507 23 25 0.00163622 0.0151241 0.00994251
13 1.01429 1.03244 69.2848 68.2705 0.0126464 0.000630515 23 25 0.00164232 0.0150947 0.0106553
14 1.00871 1.02835 69.2803 68.2716 0.0126421 0.000641752 23 25 0.00168789 0.015076 0.0108515
15 1.00609 1.02378 69.2796 68.2735 0.0126374 0.000654533 23 25 0.00170042 0.0150388 0.0126116
16 1.0046 1.01799 69.279 68.2744 0.0126314 0.000670825 23 25 0.00171023 0.0150007 0.0141927
17 0.99249 1.00857 69.273 68.2805 0.0126223 0.000695623 23 25 0.00176906 0.0149065 0.0141932
18 0.974716 0.996319 69.2644 68.2897 0.0126107 0.000727827 23 25 0.00185179 0.014778 0.0141668
19 0.963913 0.984474 69.2593 68.2954 0.0125985 0.000759982 23 25 0.00190988 0.014682 0.0130819
20 0.94743 0.966136 69.2514 68.3039 0.0125783 0.000810404 23 25 0.0019918 0.0145389 0.0110199
21 0.958289 0.976252 69.2565 68.2982 0.0125907 0.00078293 23 25 0.00194212 0.0146256 0.0116221
22 0.960177 0.97698 69.2575 68.2973 0.0125912 0.000780798 23 25 0.0019365 0.0146325 0.0119264
23 0.959027 0.976276 69.2569 68.2978 0.0125905 0.000782755 23 25 0.00194145 0.0146264 0.0118311
24 0.958562 0.976561 69.2567 68.2981 0.0125908 0.000781884 23 25 0.00194183 0.0146269 0.012022
25 0.959642 0.977803 69.257 68.2974 0.0125925 0.000778501 23 25 0.00193712 0.0146369 0.0118247
26 0.970323 0.988627 69.2622 68.2919 0.0126058 0.00074874 23 25 0.00188244 0.0147202 0.011949
27 0.931401 0.946286 69.2438 68.3124 0.0125546 0.000867428 23 25 0.00207209 0.014403 0.0114157
28 0.958813 0.973483 69.2571 68.2983 0.0125895 0.000791132 23 25 0.00194227 0.0146189 0.0117074
29 0.997476 1.00859 69.2754 68.2779 0.0126342 0.000695405 23 25 0.0017568 0.0149134 0.0136929
30 0.955188 0.965557 69.2547 68.2995 0.0125802 0.000814135 23 25 0.00197262 0.0145908 0.0119898
31 0.926715 0.937457 69.2415 68.3148 0.0125455 0.000894286 23 25 0.00210135 0.0143763 0.013018
32 0.936206 0.947389 69.2463 68.3101 0.0125583 0.000865291 23 25 0.00205652 0.0144456 0.0123374
33 0.95284 0.965112 69.254 68.3011 0.0125814 0.000813559 23 25 0.00198255 0.0145734 0.0113781
34 0.960883 0.974118 69.258 68.2971 0.0125933 0.000787215 23 25 0.00194352 0.0146335 0.0109559
35 0.971844 0.987055 69.263 68.2911 0.0126102 0.000750669 23 25 0.00188622 0.0147287 0.010811
36 0.961673 0.976016 69.2581 68.2965 0.0125966 0.00078143 23 25 0.00193943 0.0146441 0.0109159
37 0.958474 0.972814 69.2566 68.2982 0.0125928 0.000790419 23 25 0.00195462 0.0146187 0.0110326
38 0.983189 0.996307 69.2684 68.2852 0.0126207 0.000725113 23 25 0.00183715 0.0148093 0.0108498
39 0.990543 1.00325 69.2718 68.2813 0.0126294 0.000705729 23 25 0.00180302 0.0148662 0.0111252
40 0.999803 1.01136 69.276 68.2762 0.0126393 0.000684512 23 25 0.00175539 0.014935 0.0117574
41 0.977766 0.990705 69.2656 68.2878 0.0126135 0.000740585 23 25 0.00186662 0.0147684 0.010642
42 0.950778 0.966961 69.2527 68.302 0.0125852 0.000806301 23 25 0.0019909 0.0145723 0.00981914
43 0.951809 0.969557 69.2531 68.3013 0.0125885 0.000798533 23 25 0.0019857 0.0145871 0.00919768
44 0.934901 0.953258 69.2453 68.3104 0.0125675 0.000844602 23 25 0.00206005 0.0144583 0.00980133
45 0.993895 1.01097 69.2731 68.2792 0.0126407 0.000684346 23 25 0.0017788 0.0149138 0.00949666
46 1.01042 1.02821 69.2814 68.271 0.0126612 0.000639278 23 25 0.00168334 0.0150507 0.0118146
47 1.01741 1.03343 69.2847 68.2673 0.0126693 0.000624342 23 25 0.00165217 0.0150965 0.0111875
48 1.03893 1.05486 69.2947 68.2558 0.012698 0.000568626 23 25 0.00153271 0.015276 0.0139716
49 1.0075 1.02222 69.2797 68.2722 0.0126551 0.000653318 23 25 0.00171636 0.0150052 0.0100305
50 0.992693 1.00734 69.2728 68.2801 0.0126365 0.00069304 23 25 0.00179543 0.0148823 0.00979787
51 0.987644 1.00263 69.2703 68.2827 0.0126309 0.000705785 23 25 0.00182115 0.0148431 0.00979621
52 0.994192 1.00922 69.2733 68.2791 0.0126391 0.000687496 23 25 0.00178991 0.0148952 0.00999568
53 1.00011 1.01439 69.276 68.2759 0.0126456 0.00067405 23 25 0.00176082 0.0149431 0.0102635
54 0.975006 0.988908 69.2641 68.2891 0.0126127 0.000743631 23 25 0.00188884 0.0147435 0.00929397
55 0.976204 0.988632 69.2647 68.2885 0.0126117 0.000744842 23 25 0.00188192 0.0147502 0.0091906
56 0.969204 0.980509 69.2614 68.2922 0.0126018 0.000767768 23 25 0.0019155 0.0146916 0.00959346
57 0.935736 0.948823 69.2454 68.3097 0.0125626 0.000857059 23 25 0.00207081 0.0144407 0.0100971
58 0.998775 1.01151 69.2753 68.2765 0.0126418 0.00068188 23 25 0.00176792 0.0149354 0.00960784
59 1.00767 1.0219 69.2797 68.272 0.0126539 0.000654221 23 25 0.00171485 0.015012 0.00988825
60 1.00829 1.02184 69.2799 68.2716 0.0126547 0.00065402 23 25 0.00171497 0.0150142 0.00990977
61 1.05304 1.06561 69.3008 68.2477 0.0127117 0.000540329 23 25 0.00147097 0.0153806 0.0154205
62 1.01726 1.03162 69.284 68.2668 0.012667 0.00062845 23 25 0.00166346 0.0150938 0.0104105
63 1.01711 1.03192 69.2842 68.2671 0.012668 0.000627156 23 25 0.00166359 0.0150884 0.0106693
64 1.00893 1.02443 69.2804 68.2715 0.0126585 0.000646725 23 25 0.00170525 0.0150213 0.0098832
65 1.00681 1.02251 69.2795 68.2727 0.0126562 0.000651853 23 25 0.00171494 0.0150044 0.0095294
66 0.998626 1.01333 69.2755 68.2769 0.0126444 0.000676987 23 25 0.00176048 0.014938 0.00903313
67 1.02292 1.0385 69.2868 68.2639 0.0126781 0.000609726 23 25 0.0016288 0.0151358 0.0110677
68 1.04858 1.06274 69.2987 68.2501 0.0127094 0.000547549 23 25 0.00148627 0.0153467 0.0140951
69 1.05186 1.06574 69.3002 68.2484 0.0127133 0.000540054 23 25 0.00146835 0.015373 0.014685
70 0.955766 0.97271 69.2552 68.2994 0.0125943 0.000787333 23 25 0.00196979 0.0146098 0.00752911
71 0.945429 0.962703 69.2502 68.3048 0.0125823 0.00081549 23 25 0.00201828 0.0145318 0.00789481
72 1.02966 1.04451 69.29 68.2603 0.0126844 0.000593939 23 25 0.00159277 0.0151962 0.0109887
73 1.01788 1.03263 69.2844 68.2665 0.0126696 0.000624684 23 25 0.00165796 0.0150997 0.0097804
74 0.988092 1.00304 69.2704 68.2823 0.0126342 0.00070209 23 25 0.00181264 0.0148595 0.00753749
75 0.966255 0.981149 69.2601 68.2939 0.0126076 0.00076137 23 25 0.00192031 0.0146853 0.00692805
76 0.944814 0.959817 69.2498 68.305 0.012582 0.000820882 23 25 0.00202195 0.0145196 0.00747311
77 0.939899 0.955025 69.2475 68.3076 0.0125764 0.000834448 23 25 0.002044 0.0144824 0.00770132
78 0.938276 0.953508 69.2467 68.3084 0.0125745 0.000838738 23 25 0.00205132 0.0144703 0.00781699
79 0.940818 0.955846 69.2479 68.3071 0.0125775 0.000832034 23 25 0.00204012 0.0144891 0.00764302
80 0.941543 0.956319 69.2482 68.3067 0.0125781 0.000830683 23 25 0.00203732 0.0144941 0.00769626
81 0.933343 0.948158 69.2443 68.311 0.0125683 0.000853976 23 25 0.00207394 0.0144316 0.0081297
82 0.948099 0.962741 69.2514 68.3033 0.0125863 0.000812497 23 25 0.00200815 0.0145418 0.00765
83 0.953994 0.969493 69.2543 68.3003 0.0125943 0.000793541 23 25 0.00197819 0.014593 0.00725792
84 0.969748 0.984612 69.2618 68.2921 0.0126127 0.000751456 23 25 0.00190298 0.0147128 0.00716911
85 1.05485 1.06951 69.3016 68.2468 0.012721 0.000527907 23 25 0.00144934 0.0154041 0.0149867
86 0.92154 0.93642 69.2386 68.3171 0.0125545 0.000887729 23 25 0.00212632 0.0143422 0.00904445
87 0.923441 0.938211 69.2396 68.3161 0.0125562 0.000883112 23 25 0.00211723 0.0143561 0.00885834
88 0.913897 0.92871 69.2349 68.321 0.0125453 0.000910395 23 25 0.00215969 0.0142844 0.00993921
89 0.892777 0.907416 69.2246 68.3319 0.0125203 0.00097268 23 25 0.00224774 0.0141262 0.0121751
90 0.895149 0.909974 69.2258 68.3307 0.0125233 0.000965086 23 25 0.00223725 0.0141438 0.0117491
91 0.903126 0.917865 69.2297 68.3266 0.0125321 0.000942149 23 25 0.00220358 0.0142036 0.010676
92 0.89144 0.905951 69.2239 68.3325 0.0125183 0.000977238 23 25 0.00225321 0.0141169 0.0124203
93 0.883817 0.898572 69.2202 68.3364 0.01251 0.000998812 23 25 0.00228505 0.014061 0.0133207
94 0.886603 0.901456 69.2215 68.3349 0.0125132 0.00099026 23 25 0.00227363 0.0140818 0.012842
95 0.888684 0.903581 69.2226 68.3339 0.0125156 0.000983993 23 25 0.00226473 0.0140981 0.0126041
96 0.884761 0.89975 69.2206 68.3359 0.0125112 0.000995307 23 25 0.00228121 0.0140688 0.0130756
97 0.867198 0.882105 69.212 68.3448 0.0124907 0.00104795 23 25 0.00235264 0.0139395 0.0161596
98 1.0145 1.02896 69.2828 68.2683 0.0126675 0.000632593 23 25 0.00167628 0.0150728 0.00945257
99 0.988098 1.00178 69.2705 68.2824 0.0126329 0.000706164 23 25 0.0018142 0.014858 0.00792656
100 1.01048 1.02403 69.2809 68.2705 0.0126605 0.000646662 23 25 0.00170028 0.0150391 0.00944141
101 0.892913 0.906339 69.2246 68.3317 0.0125192 0.000977038 23 25 0.00224805 0.0141259 0.0127869
102 0.991647 1.00727 69.2721 68.2805 0.0126396 0.000690377 23 25 0.00179294 0.0148935 0.0072567
103 1.03517 1.05217 69.2925 68.2573 0.0126969 0.000572377 23 25 0.00155695 0.0152556 0.0116047
104 0.924026 0.938751 69.2399 68.3159 0.0125563 0.000881427 23 25 0.00211427 0.0143614 0.00829511
105 0.949552 0.964768 69.2522 68.3026 0.0125875 0.000807289 23 25 0.001998 0.0145592 0.00674298
106 0.95825 0.973775 69.2563 68.298 0.0125984 0.000782068 23 25 0.00195743 0.0146291 0.00648866
107 0.963227 0.978868 69.2586 68.2954 0.0126048 0.000767947 23 25 0.00193423 0.0146701 0.00641448
108 0.997993 1.01408 69.2751 68.2771 0.0126484 0.00067193 23 25 0.00176012 0.0149474 0.00728665
109 1.02386 1.04027 69.2871 68.2633 0.0126817 0.000602967 23 25 0.00162163 0.0151598 0.00967329
110 1.03617 1.05272 69.2929 68.2567 0.0126977 0.000570971 23 25 0.00155253 0.0152623 0.0113459
111 1.03004 1.04648 69.29 68.26 0.0126896 0.000586837 23 25 0.00158719 0.0152105 0.0104525
112 0.973435 0.989245 69.2635 68.2901 0.0126174 0.000739221 23 25 0.00188375 0.0147499 0.00630706
113 0.984706 1.00074 69.2688 68.2841 0.0126317 0.000707799 23 25 0.00182745 0.0148401 0.0065797
114 0.8946 0.909115 69.2255 68.3309 0.0125219 0.00096778 23 25 0.00224122 0.014141 0.0115157
115 1.00658 1.02268 69.2791 68.2725 0.0126592 0.000649034 23 25 0.00171505 0.0150168 0.00791033
116 1.02283 1.03911 69.2867 68.2639 0.0126801 0.000605975 23 25 0.00162728 0.0151506 0.00954467
117 0.968954 0.98459 69.2614 68.2924 0.0126118 0.000752075 23 25 0.00190615 0.014714 0.0062993
118 0.886773 0.901318 69.2217 68.3349 0.0125129 0.000990729 23 25 0.00227422 0.0140829 0.0126249
119 0.886666 0.901188 69.2216 68.335 0.0125127 0.000991106 23 25 0.00227463 0.0140817 0.0126325
120 0.877969 0.892366 69.2173 68.3394 0.0125025 0.00101725 23 25 0.00231028 0.0140167 0.0140132
121 0.850456 0.864507 69.2037 68.3533 0.0124706 0.00110075 23 25 0.00241924 0.0138134 0.0192216
122 0.846814 0.860802 69.2019 68.3551 0.0124663 0.00111195 23 25 0.00243339 0.0137866 0.0200038
123 0.853768 0.867857 69.2054 68.3516 0.0124744 0.00109061 23 25 0.00240648 0.0138376 0.0185218
124 0.841017 0.854955 69.199 68.358 0.0124597 0.00112962 23 25 -0.00243896 0.0137441 0.0212526
125 0.840413 0.854344 69.1987 68.3583 0.012459 0.00113147 23 25 -0.00242446 0.0137397 0.0213895
126 0.847004 0.861063 69.202 68.355 0.0124667 0.0011111 23 25 0.00243269 0.0137881 0.0199391
127 0.859568 0.873648 69.2082 68.3487 0.0124811 0.00107319 23 25 0.00238388 0.01388 0.0173946
128 0.898009 0.912556 69.2272 68.3292 0.0125259 0.000957575 23 25 0.00222764 0.0141661 0.0110172
129 1.03515 1.05158 69.2924 68.2573 0.0126962 0.000574 23 25 0.00155845 0.0152539 0.0112458
130 0.831415 0.845191 69.1942 68.3628 0.0124484 0.0011595 23 25 -0.0022053 0.0136746 0.0236078
131 0.819821 0.833387 69.1884 68.3685 0.0124351 0.00119552 23 25 -0.00192117 0.0135899 0.0264782
132 0.931509 0.946349 69.2435 68.3119 0.0125653 0.000859677 23 25 0.00208178 0.0144207 0.00758798
133 0.843703 0.857333 69.2004 68.3567 0.0124621 0.00112242 23 25 0.00244553 0.013762 0.0207202
134 0.9462 0.961415 69.2505 68.3043 0.0125836 0.000817011 23 25 0.00201402 0.0145359 0.00676603
135 0.990779 1.00659 69.2717 68.2809 0.0126388 0.000692199 23 25 0.00179674 0.0148886 0.0067811
136 1.05527 1.07186 69.3018 68.2465 0.0127228 0.000523082 23 25 0.00144059 0.0154237 0.0144842
137 0.943044 0.958245 69.249 68.3059 0.0125799 0.000825888 23 25 0.00202834 0.0145107 0.0068116
138 0.901567 0.916246 69.2289 68.3273 0.0125302 0.000946874 23 25 0.00221168 0.0141938 0.0104764
139 0.916175 0.931161 69.236 68.3198 0.0125477 0.000903469 23 25 0.00214846 0.0143053 0.00882513
140 0.904624 0.919419 69.2304 68.3258 0.0125339 0.00093758 23 25 0.00219861 0.0142172 0.0101022
141 0.862542 0.876788 69.2097 68.3472 0.0124846 0.00106379 23 25 0.00237143 0.0139026 0.0166963
142 0.89596 0.910613 69.2262 68.3302 0.0125237 0.000963436 23 25 0.00223514 0.0141522 0.0112443
143 0.865971 0.88025 69.2114 68.3454 0.0124886 0.00105346 23 25 0.00235779 0.013928 0.0160373
144 0.881781 0.896275 69.2192 68.3374 0.0125071 0.00100571 23 25 0.002294 0.0140456 0.0132989
145 0.856652 0.870784 69.2068 68.3501 0.0124777 0.00108184 23 25 0.00239462 0.0138589 0.0178298
146 0.867739 0.881954 69.2123 68.3445 0.0124905 0.00104837 23 25 0.0023507 0.0139407 0.0157279
147 0.869108 0.883342 69.213 68.3439 0.0124921 0.00104422 23 25 0.00234522 0.0139509 0.0154781
148 0.869868 0.884121 69.2133 68.3435 0.0124931 0.00104195 23 25 0.00234199 0.013957 0.0153687
149 1.01094 1.02704 69.2811 68.2702 0.0126645 0.000637687 23 25 0.00169066 0.0150529 0.00812707
150 1.04477 1.06131 69.2969 68.2521 0.0127087 0.000549456 23 25 0.00150173 0.0153351 0.0125392
151 0.984847 1.00064 69.2689 68.284 0.0126315 0.000708227 23 25 0.00182669 0.0148408 0.00646002
152 1.0393 1.05581 69.2943 68.255 0.0127016 0.000563356 23 25 0.00153386 0.0152895 0.0117292
153 1.05627 1.073 69.3022 68.2459 0.0127243 0.000520345 23 25 0.00143437 0.0154342 0.0147757
154 1.04506 1.06166 69.297 68.2519 0.0127093 0.000548573 23 25 0.00150059 0.0153384 0.0126907
155 1.05145 1.06815 69.3 68.2485 0.0127179 0.00053233 23 25 0.00146305 0.0153928 0.0138352
156 1.04379 1.06038 69.2964 68.2526 0.0127076 0.000551772 23 25 0.00150796 0.0153276 0.0124706
157 1.02589 1.04226 69.2881 68.2622 0.0126841 0.000597941 23 25 0.00160964 0.015177 0.00983491
158 1.0088 1.02494 69.2801 68.2713 0.0126619 0.000643183 23 25 0.0017026 0.0150358 0.00799373
159 1.06151 1.07827 69.3046 68.2431 0.0127314 0.000507366 23 24 0.00140269 0.0154792 0.0158426
160 1.05067 1.06723 69.2996 68.2489 0.0127167 0.000534703 23 25 0.00146749 0.0153861 0.013719
161 0.892464 0.906914 69.2245 68.332 0.0125193 0.000974267 23 25 0.00224973 0.0141246 0.0116567
162 1.08051 1.0975 69.3133 68.2328 0.0127576 0.000461067 23 24 0.00128427 0.0156457 0.0203789
163 1.10117 1.11841 69.3227 68.2215 0.0127866 0.000412337 23 24 0.00114897 0.0158303 0.0263312
164 1.12542 1.14293 69.3337 68.2083 0.0128217 0.000357407 23 24 0.000980876 -0.0157832 0.0347648
165 1.02803 1.04432 69.2891 68.2611 0.0126868 0.000592807 23 25 0.0015973 0.0151955 0.0101791
166 1.02488 1.04119 69.2876 68.2627 0.0126827 0.000600812 23 25 0.00161482 0.0151696 0.00975992
167 1.04332 1.05978 69.2962 68.2529 0.0127069 0.000553366 23 25 0.00151065 0.0153235 0.0124019
168 1.04353 1.06011 69.2963 68.2528 0.0127073 0.000552517 23 25 0.00150915 0.015326 0.0124675
169 1.02987 1.04622 69.2899 68.2601 0.0126893 0.000587855 23 25 0.00158703 0.0152108 0.0104111
170 1.06833 1.08528 69.3077 68.2394 0.0127409 0.000490172 23 24 0.00136147 0.0155381 0.017434
171 1.21311 1.23153 69.3722 68.1591 0.0129564 0.000172449 23 24 0.000288323 -0.0139369 0.0791188
172 0.933912 0.948901 69.2445 68.3106 0.0125687 0.000853036 23 25 0.00206852 0.0144452 0.00779608
173 0.783778 0.796687 69.1699 68.3861 0.0123937 0.00130933 23 25 -0.00100648 0.0133356 0.0371757
174 0.973787 0.989326 69.2636 68.2898 0.0126176 0.000739301 23 25 0.00188161 0.0147539 0.00636116
175 0.9378 0.952833 69.2464 68.3086 0.0125735 0.000841436 23 25 0.00205201 0.014472 0.00726639
176 0.895701 0.910155 69.226 68.3303 0.0125232 0.000964945 23 25 0.00223602 0.0141511 0.0114529
177 0.907021 0.921634 69.2315 68.3245 0.0125366 0.00093141 23 25 0.00218779 0.0142371 0.0100504
178 0.931782 0.946744 69.2435 68.3117 0.0125662 0.00085893 23 25 0.00207894 0.0144268 0.00771699
179 0.943544 0.95866 69.2492 68.3056 0.0125804 0.00082499 23 25 0.00202542 0.0145174 0.00698368
180 0.955217 0.970462 69.2548 68.2995 0.0125946 0.00079176 23 25 0.00197096 0.0146082 0.00653791
181 0.955164 0.970425 69.2547 68.2996 0.0125945 0.000791864 23 25 0.00197118 0.0146079 0.00653568
182 0.977781 0.993347 69.2655 68.2877 0.0126225 0.000728363 23 25 0.00186161 0.0147864 0.00644684
183 0.961173 0.976519 69.2576 68.2964 0.0126019 0.000774855 23 25 0.00194258 0.0146552 0.00641844
184 0.968481 0.98392 69.2611 68.2926 0.0126109 0.000754316 23 25 0.00190733 0.0147127 0.00636233
185 0.980212 0.99584 69.2666 68.2864 0.0126256 0.000721551 23 25 0.00184951 0.0148059 0.00649252
186 1.05668 1.07334 69.3024 68.2457 0.0127248 0.000519524 23 25 0.00143182 0.0154376 0.0148173
187 0.942437 0.957558 69.2486 68.3062 0.0125791 0.000828059 23 25 0.00203067 0.0145084 0.00700331
188 0.954904 0.970192 69.2546 68.2997 0.0125943 0.000792437 23 25 0.0019726 0.0146054 0.00651281
189 0.995649 1.01148 69.2739 68.2783 0.012645 0.000679156 23 25 0.00177134 0.0149297 0.00712824
190 0.990916 1.00665 69.2717 68.2808 0.012639 0.000692187 23 25 0.00179568 0.0148915 0.00687996
191 0.904291 0.918673 69.2302 68.3259 0.0125331 0.000940208 23 25 0.00219937 0.0142163 0.0104739
192 1.00068 1.01656 69.2763 68.2756 0.0126514 0.000665591 23 25 0.00174507 0.0149705 0.00744719
193 0.992237 1.008 69.2723 68.2801 0.0126407 0.000688525 23 25 0.00178878 0.0149022 0.00695022
194 1.00392 1.0199 69.2778 68.2739 0.0126557 0.000656593 23 25 0.00172812 0.0149964 0.0076414
195 1.04276 1.05926 69.2959 68.2532 0.0127063 0.000554744 23 25 0.00151321 0.01532 0.0123891
196 1.05546 1.07208 69.3018 68.2463 0.0127232 0.000522676 23 25 0.00143891 0.0154273 0.0146213
197 1.05485 1.07146 69.3015 68.2467 0.0127224 0.000524203 23 25 0.00144258 0.015422 0.0144973
198 1.06077 1.07743 69.3042 68.2435 0.0127304 0.000509521 23 24 0.00140685 0.0154733 0.0157047
199 1.06213 1.07881 69.3049 68.2427 0.0127322 0.00050615 23 24 0.00139863 0.015485 0.0159906
200 1.06282 1.07951 69.3052 68.2424 0.0127331 0.00050443 23 24 0.00139451 0.015491 0.0161398
201 1.06959 1.08631 69.3083 68.2387 0.0127423 0.000487886 23 24 0.00135313 0.0155494 0.0176892
202 1.01201 1.02803 69.2816 68.2696 0.0126659 0.000635022 23 25 0.00168545 0.0150613 0.00823617
203 1.01764 1.03375 69.2843 68.2666 0.0126732 0.00062018 23 25 0.0016544 0.0151092 0.00893166
204 0.894102 0.908381 69.2253 68.3312 0.012521 0.000969895 23 25 0.00224365 0.0141356 0.0114858
205 1.04073 1.05715 69.295 68.2543 0.0127034 0.000559924 23 25 0.0015258 0.0153013 0.0119557
206 1.05457 1.07127 69.3014 68.2469 0.012722 0.000524322 23 25 0.0014453 0.0154174 0.0142808
207 1.06812 1.08496 69.3077 68.2396 0.0127404 0.000490727 23 24 0.00136342 0.015534 0.0171303
208 1.09587 1.11294 69.3204 68.2245 0.0127789 0.00042467 23 24 0.00118564 0.01578 0.0245571
209 1.1081 1.12531 69.3259 68.2178 0.0127964 0.000396525 23 24 0.00110273 0.0158917 0.0284896
210 1.11004 1.12729 69.3268 68.2167 0.0127992 0.000392118 23 24 0.00108907 0.0159101 0.0291649
211 1.10917 1.12641 69.3264 68.2172 0.012798 0.000394061 23 24 0.00109516 0.0159018 0.0288492
212 1.12236 1.13976 69.3323 68.21 0.0128171 0.000364312 23 24 0.00100311 -0.015848 0.0335392
213 1.13192 1.14944 69.3367 68.2047 0.0128312 0.000343069 23 24 0.000934819 -0.0156501 0.0371991
214 1.12167 1.13909 69.332 68.2104 0.0128161 0.000365671 23 24 0.00100846 -0.0158623 0.0332302
215 1.04388 1.06072 69.2965 68.2526 0.012708 0.000550373 23 25 0.00150911 0.0153252 0.0122964
216 1.02772 1.0441 69.2891 68.2614 0.012686 0.000592234 23 25 0.00160375 0.0151843 0.00960098
217 0.988188 1.004 69.2706 68.2824 0.0126352 0.00069803 23 25 0.00181467 0.0148591 0.00617718
218 0.92168 0.936519 69.2387 68.3171 0.0125538 0.000887511 23 25 0.0021264 0.0143422 0.00802687
219 0.856644 0.870553 69.2069 68.3502 0.0124772 0.00108202 23 25 0.00239651 0.0138534 0.0175298
220 0.916002 0.930777 69.236 68.32 0.0125471 0.000904295 23 25 0.00215069 0.0143007 0.0086944
221 0.907157 0.921807 69.2317 68.3245 0.0125366 0.000930381 23 25 0.00218904 0.0142339 0.00968419
222 0.915743 0.930525 69.2358 68.3201 0.0125468 0.000905044 23 25 0.00215189 0.0142991 0.00873801
223 0.901509 0.916104 69.2289 68.3274 0.0125299 0.000947056 23 25 0.00221302 0.0141912 0.0103482
224 0.905558 0.920195 69.2309 68.3253 0.0125347 0.000935095 23 25 0.00219569 0.0142219 0.00986684
225 0.922002 0.936854 69.2389 68.3169 0.0125543 0.000886796 23 25 0.00212422 0.014347 0.00815043
226 0.939244 0.954323 69.2472 68.3079 0.012575 0.000836802 23 25 0.00204674 0.0144795 0.00686495
227 1.0553 1.07193 69.3018 68.2465 0.0127226 0.000522708 23 25 0.00144102 0.0154223 0.0142738
228 1.00915 1.02515 69.2804 68.2712 0.0126619 0.000642405 23 25 0.00170166 0.0150355 0.00776136
229 1.06262 1.07934 69.3052 68.2426 0.0127327 0.000504492 23 24 0.0013969 0.0154856 0.0158198
230 1.01875 1.03486 69.2848 68.2661 0.0126744 0.000616941 23 25 0.00164985 0.015115 0.00876382
231 0.971473 0.986933 69.2626 68.2911 0.0126145 0.000745589 23 25 0.00189419 0.0147326 0.00610646
232 0.961978 0.977279 69.258 68.2961 0.0126028 0.000772424 23 25 0.00193989 0.0146582 0.00620127
233 0.95355 0.96873 69.254 68.3004 0.0125925 0.000796369 23 25 0.00197974 0.0145927 0.00644214
234 0.979507 0.995046 69.2663 68.2868 0.0126246 0.000723509 23 25 0.00185399 0.014798 0.00636755
235 0.99687 1.01263 69.2745 68.2777 0.0126464 0.000675935 23 25 0.00176571 0.0149377 0.00710711
236 1.00364 1.01952 69.2777 68.2741 0.0126551 0.000657606 23 25 0.00173009 0.0149934 0.00760468
237 1.02358 1.03974 69.287 68.2635 0.0126808 0.000604547 23 25 0.00162254 0.0151575 0.00954801
238 1.05166 1.06819 69.3001 68.2485 0.0127177 0.000531949 23 25 0.00146315 0.0153905 0.0135529
239 1.03028 1.04653 69.2902 68.26 0.0126893 0.000586652 23 25 0.00158648 0.0152093 0.0100563
240 0.994873 1.01065 69.2737 68.2788 0.0126436 0.000680824 23 25 0.00177735 0.0149173 0.00659774
241 0.997614 1.01345 69.275 68.2774 0.012647 0.000673249 23 25 0.00176334 0.0149386 0.00665984
242 0.98226 0.997895 69.2677 68.2855 0.0126277 0.000715253 23 25 0.00184157 0.014815 0.00595356
243 0.961879 0.977251 69.2581 68.2962 0.0126024 0.000772157 23 25 0.00194125 0.0146537 0.00581949
244 0.96778 0.983235 69.2609 68.2931 0.0126097 0.000755551 23 25 0.00191278 0.0147003 0.00577544
245 0.975561 0.991127 69.2646 68.289 0.0126194 0.000733816 23 25 0.00187468 0.0147623 0.00585939
246 0.969729 0.985191 69.2618 68.2921 0.0126121 0.000750202 23 25 0.00190313 0.0147162 0.00582109
247 0.954408 0.969656 69.2545 68.3001 0.0125933 0.000793429 23 25 0.00197662 0.0145957 0.00603075
248 0.965007 0.980398 69.2595 68.2945 0.0126063 0.000763483 23 25 0.00192603 0.014679 0.00585524
249 0.969466 0.984913 69.2617 68.2922 0.0126118 0.000751 23 25 0.00190437 0.0147144 0.0058583
250 0.973114 0.988617 69.2634 68.2903 0.0126164 0.00074087 23 25 0.00188622 0.0147442 0.00593976
251 1.03151 1.0478 69.2908 68.2593 0.012691 0.00058342 23 25 0.00157921 0.01522 0.0102429
252 0.983031 0.998667 69.2681 68.285 0.0126288 0.000713404 23 25 0.00183683 0.0148235 0.00616661
253 0.976274 0.991827 69.2649 68.2886 0.0126204 0.000732119 23 25 0.00187044 0.0147698 0.00601036
254 0.967197 0.982614 69.2606 68.2934 0.0126091 0.000757482 23 25 0.001915 0.0146976 0.00594035
255 0.975766 0.991319 69.2646 68.2889 0.0126197 0.000733415 23 25 0.00187324 0.0147648 0.00591586
256 0.957516 0.972826 69.256 68.2984 0.0125971 0.000784668 23 25 0.0019615 0.014621 0.00599818
257 0.936383 0.951403 69.2458 68.3094 0.0125714 0.000845207 23 25 0.00205939 0.0144573 0.00694726
258 0.96911 0.984583 69.2615 68.2923 0.0126115 0.000752101 23 25 0.0019054 0.0147135 0.00597499
259 0.969888 0.985371 69.2618 68.2919 0.0126125 0.000749888 23 25 0.00190173 0.0147193 0.00594682
260 0.973495 0.989028 69.2635 68.29 0.012617 0.0007399 23 25 0.00188374 0.0147489 0.00605212
261 0.976586 0.992176 69.265 68.2884 0.0126208 0.000731208 23 25 0.00186864 0.014773 0.00605482
262 0.982233 0.997888 69.2677 68.2854 0.0126279 0.00071557 23 25 0.00184065 0.0148177 0.00615642
263 0.985227 1.00092 69.2691 68.2839 0.0126316 0.000707389 23 25 0.00182542 0.0148423 0.00630417
264 1.01242 1.02848 69.2818 68.2694 0.0126664 0.000633877 23 25 0.00168324 0.0150649 0.00824986
265 1.01549 1.03158 69.2833 68.2678 0.0126702 0.000625599 23 25 0.00166727 0.0150887 0.00843613
266 1.01922 1.03536 69.2851 68.2658 0.012675 0.000615647 23 25 0.00164726 0.0151187 0.00876991
267 0.988806 1.00455 69.2708 68.2819 0.0126362 0.000697624 23 25 0.00180694 0.0148721 0.0065307
268 1.01173 1.02778 69.2815 68.2698 0.0126654 0.000635588 23 25 0.00168738 0.0150578 0.00805509
269 1.00674 1.02272 69.2792 68.2725 0.012659 0.00064893 23 25 0.00171403 0.0150168 0.00760781
270 0.885378 0.899714 69.221 68.3356 0.0125108 0.00099562 23 25 0.00227917 0.0140715 0.0126573
271 1.00738 1.02337 69.2795 68.2721 0.01266 0.000647408 23 25 0.00171 0.0150242 0.00786729
272 1.05942 1.07609 69.3036 68.2442 0.0127286 0.000512707 23 24 0.00141564 0.0154609 0.0153843
273 1.06084 1.07752 69.3043 68.2435 0.0127304 0.000509086 23 24 0.00140746 0.0154722 0.0156138
274 1.06617 1.08292 69.3068 68.2406 0.0127377 0.00049593 23 24 0.00137493 0.0155185 0.0167873
275 1.05783 1.07447 69.3029 68.2451 0.0127264 0.000516599 23 24 0.00142557 0.0154464 0.0150086
276 1.08136 1.09831 69.3137 68.2324 0.0127587 0.00045893 23 24 0.0012801 0.0156513 0.0204891
277 1.08205 1.09901 69.314 68.232 0.0127596 0.000457286 23 24 0.00127564 0.0156575 0.0206816
278 1.08141 1.09835 69.3137 68.2323 0.0127587 0.000458842 23 24 0.0012797 0.015652 0.0205198
279 1.08232 1.09927 69.3142 68.2318 0.01276 0.000456672 23 24 0.00127391 0.01566 0.0207594
280 1.08513 1.10212 69.3154 68.2303 0.0127639 0.000449913 23 24 0.0012559 0.0156847 0.0215008
281 1.09382 1.11092 69.3194 68.2256 0.0127761 0.000429299 23 24 0.00119956 0.0157615 0.0239406
282 1.10846 1.12574 69.3261 68.2176 0.012797 0.000395344 23 24 0.00110136 0.0158938 0.0285835
283 0.944611 0.959764 69.2498 68.3052 0.0125814 0.000821253 23 25 0.00202266 0.0145196 0.00641541
284 0.891853 0.906283 69.2242 68.3324 0.0125183 0.00097581 23 25 0.0022538 0.0141164 0.0113963
285 1.0087 1.02471 69.2801 68.2714 0.0126616 0.000643665 23 25 0.00170375 0.0150333 0.0078474
286 1.01943 1.03559 69.2851 68.2657 0.0126755 0.000615162 23 25 0.00164579 0.015122 0.00893788
287 0.991113 1.00688 69.2719 68.2808 0.0126391 0.000691134 23 25 0.0017961 0.014889 0.0065463
288 0.993236 1.00903 69.2729 68.2796 0.0126417 0.000685286 23 25 0.00178542 0.0149056 0.0066093
289 0.998878 1.01474 69.2755 68.2767 0.0126489 0.000669983 23 25 0.00175619 0.0149514 0.00695885
290 1.01224 1.0283 69.2818 68.2696 0.012666 0.000634048 23 25 0.00168552 0.0150607 0.008038
291 1.01187 1.02791 69.2816 68.2697 0.0126656 0.000635118 23 25 0.00168732 0.015058 0.00803836
292 1.00834 1.02433 69.28 68.2716 0.0126611 0.000644591 23 25 0.00170607 0.0150295 0.00775853
293 1.0232 1.03939 69.2869 68.2637 0.0126803 0.000605216 23 25 0.00162538 0.0151524 0.00931786
294 1.02982 1.04609 69.29 68.2602 0.0126889 0.000587923 23 25 0.00158857 0.0152076 0.010169
295 1.07017 1.08696 69.3086 68.2384 0.0127431 0.000486064 23 24 0.0013506 0.0155528 0.0176781
296 1.00025 1.01613 69.2762 68.2759 0.0126507 0.000666329 23 25 0.00174879 0.0149631 0.00709094
297 0.947802 0.962989 69.2513 68.3035 0.0125852 0.000812105 23 25 0.00200788 0.0145437 0.00620962
298 0.930665 0.945618 69.2431 68.3124 0.0125645 0.000861466 23 25 0.00208618 0.014411 0.00717919
299 0.961462 0.976833 69.2579 68.2964 0.012602 0.000773351 23 25 0.00194327 0.0146511 0.00587576
300 0.96467 0.980085 69.2594 68.2947 0.012606 0.000764317 23 25 0.00192785 0.0146764 0.0058469
301 0.983694 0.999365 69.2684 68.2847 0.0126297 0.000711383 23 25 0.00183401 0.0148281 0.00612503
302 0.948358 0.963551 69.2516 68.3032 0.0125859 0.000810557 23 25 0.0020052 0.0145484 0.00622355
303 0.959822 0.975168 69.2571 68.2972 0.0126 0.000778043 23 25 0.00195097 0.0146387 0.00594664
304 0.955607 0.970899 69.2551 68.2994 0.0125948 0.000789937 23 25 0.00197111 0.0146054 0.00601124
305 0.958756 0.974091 69.2566 68.2978 0.0125987 0.000781014 23 25 0.00195617 0.01463 0.00594146
306 0.956815 0.972122 69.2556 68.2988 0.0125963 0.000786517 23 25 0.00196538 0.0146148 0.00598601
307 0.961307 0.97668 69.2578 68.2965 0.0126018 0.000773801 23 25 0.00194395 0.0146501 0.00589716
308 1.08328 1.10024 69.3146 68.2313 0.0127612 0.000454251 23 24 0.0012682 0.015667 0.0208865
309 0.959572 0.974921 69.2569 68.2974 0.0125997 0.000778722 23 25 0.00195219 0.0146367 0.0059405
310 0.951724 0.966968 69.2532 68.3015 0.0125901 0.00080098 23 25 0.00198931 0.0145751 0.00613439
311 0.916407 0.931172 69.2362 68.3198 0.0125474 0.000903123 23 25 0.00214909 0.0143025 0.00846797
312 0.945767 0.960933 69.2503 68.3046 0.0125828 0.000817979 23 25 0.00201709 0.0145287 0.00636109
313 0.946777 0.961956 69.2508 68.304 0.012584 0.000815098 23 25 0.00201238 0.0145366 0.0063241
314 0.930404 0.945357 69.243 68.3126 0.0125642 0.000862296 23 25 0.00208709 0.0144099 0.00727214
315 0.951385 0.966623 69.253 68.3016 0.0125897 0.000801966 23 25 0.00199083 0.0145726 0.00615262
316 0.939896 0.954979 69.2475 68.3076 0.0125757 0.000834838 23 25 0.00204413 0.014483 0.00664355
317 0.936918 0.951957 69.2461 68.3092 0.0125721 0.00084346 23 25 0.00205762 0.0144602 0.00683771
318 0.903377 0.917961 69.2299 68.3265 0.0125319 0.000941589 23 25 0.00220516 0.0142039 0.00993394
319 0.894364 0.908824 69.2255 68.3311 0.0125213 0.00096837 23 25 0.00224323 0.0141358 0.011098
320 0.906063 0.920685 69.2312 68.3251 0.0125351 0.00093362 23 25 0.00219375 0.0142241 0.00960665
321 1.09793 1.11508 69.3213 68.2234 0.0127818 0.000419628 23 24 0.00117249 0.0157976 0.0250877
322 0.99227 1.00807 69.2724 68.2802 0.0126405 0.000687872 23 25 0.00179032 0.0148976 0.00652836
323 0.974128 0.989678 69.2639 68.2897 0.0126177 0.000737903 23 25 0.0018815 0.0147522 0.00594642
324 0.948842 0.964046 69.2518 68.303 0.0125866 0.000809273 23 25 0.00200254 0.0145534 0.00629766
325 0.953289 0.968556 69.2539 68.3006 0.012592 0.000796561 23 25 0.00198182 0.0145878 0.00612128
326 0.930008 0.944953 69.2428 68.3127 0.0125638 0.000863495 23 25 0.00208871 0.0144073 0.00733938
327 0.931121 0.946081 69.2433 68.3122 0.0125651 0.000860277 23 25 0.00208368 0.014416 0.00726714
328 0.91635 0.931107 69.2362 68.3198 0.0125474 0.000903372 23 25 0.00214914 0.0143027 0.00852915
329 0.914125 0.928852 69.2351 68.3209 0.0125447 0.000909903 23 25 0.00215884 0.0142858 0.00875123
330 0.907274 0.921908 69.2317 68.3245 0.0125366 0.0009301 23 25 0.0021884 0.0142338 0.00950727
331 0.908839 0.923495 69.2325 68.3237 0.0125384 0.000925471 23 25 0.00218169 0.0142456 0.00931953
332 0.894899 0.909365 69.2257 68.3308 0.0125219 0.0009668 23 25 0.00224091 0.01414 0.011044
333 0.88956 0.903957 69.2231 68.3335 0.0125156 0.000982734 23 25 0.00226315 0.0141 0.0118085
334 1.12485 1.14233 69.3335 68.2086 0.0128207 0.000358386 23 24 0.000986744 -0.0157963 0.0343909
335 1.05505 1.07167 69.3017 68.2466 0.0127225 0.00052338 23 25 0.00144287 0.0154209 0.0143124
336 0.86051 0.874501 69.2088 68.3483 0.0124817 0.0010705 23 25 0.00238036 0.0138842 0.0168157
337 0.849914 0.863767 69.2035 68.3536 0.0124693 0.00110277 23 25 0.00242189 0.0138056 0.018914
338 0.833132 0.846755 69.1951 68.362 0.01245 0.00115437 23 25 -0.00224896 0.0136829 0.0226912
339 0.793726 0.806815 69.1752 68.3815 0.0124047 0.00127693 23 25 -0.00127379 0.0133972 0.03315
340 0.799327 0.812492 69.1781 68.3787 0.0124111 0.00125939 23 25 -0.00141498 0.0134375 0.0315204
341 0.773776 0.786602 69.165 68.3912 0.0123819 0.00133958 23 25 -0.000765302 0.0132535 0.0392167
342 0.81935 0.832786 69.1882 68.3688 0.0124341 0.001197 23 25 -0.00191275 0.0135823 0.0260809
343 0.786317 0.799309 69.1714 68.3851 0.0123963 0.00130014 23 25 -0.00108629 0.0133436 0.0353352
344 0.748115 0.760604 69.1518 68.4036 0.0123526 0.00142072 23 25 -9.56251e-05 0.01307 0.0478057
345 0.749773 0.76229 69.1526 68.4028 0.0123545 0.00141545 23 25 -0.000139258 0.013082 0.0472486
346 0.625165 0.636087 69.0866 68.4614 0.0122098 0.00181396 23 24 0.00317398 0.0121922 0.0985256
347 0.528291 0.538038 69.0335 68.5052 0.0120907 0.00212499 23 24 0.00345789 0.0114857 0.147548
348 0.975962 0.991467 69.2647 68.2887 0.0126201 0.000733358 23 25 0.00187106 0.0147698 0.00620261
349 1.03201 1.04828 69.2909 68.2589 0.0126919 0.000582609 23 25 0.00157511 0.0152287 0.0106756
350 0.923796 0.938612 69.2397 68.3159 0.0125563 0.00088195 23 25 0.00211551 0.0143617 0.0080059
351 0.931575 0.946504 69.2435 68.3119 0.0125657 0.000859273 23 25 0.00208085 0.014421 0.00733791
352 0.937317 0.952324 69.2462 68.3089 0.0125727 0.000842738 23 25 0.0020546 0.0144663 0.00706537
353 0.950277 0.965456 69.2524 68.3022 0.0125885 0.00080562 23 25 0.00199463 0.0145675 0.00649404
354 0.949037 0.964212 69.2518 68.3028 0.0125871 0.000809218 23 25 0.00200021 0.0145593 0.00668841
355 0.961431 0.976776 69.2577 68.2963 0.0126024 0.000774111 23 25 0.0019414 0.0146573 0.00645896
356 0.960511 0.97584 69.2572 68.2967 0.0126013 0.000776793 23 25 0.00194563 0.014651 0.00656417
357 0.95706 0.972339 69.2556 68.2985 0.0125971 0.000786576 23 25 0.00196199 0.0146239 0.00662298
358 0.883923 0.898213 69.2202 68.3363 0.0125093 0.00100018 23 25 0.0022849 0.0140624 0.0131098
359 0.922929 0.937743 69.2392 68.3163 0.0125556 0.000884724 23 25 0.00211849 0.0143582 0.00838615
360 0.905139 0.919713 69.2306 68.3255 0.0125344 0.000937025 23 25 0.00219581 0.0142229 0.0102552
361 0.907135 0.921737 69.2316 68.3244 0.0125368 0.000931141 23 25 0.00218718 0.0142382 0.0100317
362 0.991221 1.00696 69.2718 68.2806 0.0126396 0.000691462 23 25 0.00179362 0.0148956 0.00708436
363 0.934059 0.949034 69.2445 68.3105 0.0125693 0.000852613 23 25 0.0020679 0.0144471 0.00787228
364 0.928011 0.942903 69.2416 68.3136 0.012562 0.000870142 23 25 0.00209514 0.0144004 0.00829724
365 0.942138 0.957214 69.2484 68.3063 0.012579 0.000829266 23 25 0.00203131 0.0145086 0.00729563
366 0.948943 0.964098 69.2517 68.3028 0.0125872 0.000809757 23 25 0.00199995 0.0145606 0.00689893
367 0.929627 0.944522 69.2424 68.3128 0.0125638 0.000865425 23 25 0.00208811 0.0144116 0.00804906
368 0.93276 0.947698 69.2439 68.3112 0.0125676 0.000856346 23 25 0.00207402 0.0144357 0.00782351
369 0.936584 0.951577 69.2458 68.3092 0.0125722 0.000845273 23 25 0.00205672 0.0144653 0.00757396
370 0.950088 0.965266 69.2523 68.3022 0.0125886 0.000806481 23 25 0.00199457 0.0145697 0.00687412
371 0.942231 0.957298 69.2485 68.3063 0.012579 0.00082897 23 25 0.00203101 0.0145083 0.00717933
372 0.950996 0.966176 69.2527 68.3017 0.0125895 0.000803838 23 25 0.00199049 0.0145755 0.00669019
373 0.971621 0.987075 69.2626 68.2909 0.0126149 0.000745605 23 25 0.00189191 0.0147372 0.00635202
374 0.950193 0.965363 69.2523 68.3021 0.0125886 0.000806147 23 25 0.00199418 0.0145695 0.00674374
375 1.01024 1.02622 69.2808 68.2705 0.0126636 0.000639981 23 25 0.00169437 0.0150482 0.00815655
376 0.956533 0.971791 69.2554 68.2989 0.0125962 0.000788033 23 25 0.00196457 0.0146181 0.00645577
377 0.922749 0.937573 69.2392 68.3164 0.0125553 0.000885182 23 25 0.0021193 0.0143562 0.00832047
378 0.916002 0.930717 69.2359 68.3199 0.0125472 0.000904975 23 25 0.00214905 0.0143047 0.00898453
379 0.927415 0.942276 69.2414 68.314 0.0125609 0.000871632 23 25 0.00209873 0.0143917 0.00793051
380 0.923272 0.938084 69.2394 68.3161 0.0125559 0.000883657 23 25 0.00211726 0.0143598 0.00825877
381 0.920141 0.934883 69.2379 68.3177 0.0125521 0.000892977 23 25 0.00213086 0.0143365 0.0086341
382 0.931503 0.946431 69.2434 68.3119 0.0125658 0.000859765 23 25 0.00208026 0.0144237 0.00766712
383 0.916781 0.931507 69.2363 68.3195 0.0125482 0.000902745 23 25 0.00214543 0.0143112 0.00896159
384 0.893748 0.908154 69.225 68.3313 0.0125209 0.000970943 23 25 0.00224377 0.0141371 0.0117495
385 0.939404 0.954445 69.2472 68.3077 0.0125755 0.000837041 23 25 0.00204408 0.0144863 0.00731873
386 0.940242 0.955295 69.2476 68.3073 0.0125766 0.000834613 23 25 0.00204028 0.0144926 0.00725729
387 0.944893 0.960007 69.2498 68.3049 0.0125821 0.000821214 23 25 0.00201903 0.0145281 0.00696228
388 1.02124 1.03738 69.2859 68.2647 0.0126779 0.000610796 23 25 0.00163487 0.0151395 0.00937504
389 0.931461 0.946392 69.2433 68.3119 0.0125659 0.000859901 23 25 0.00208043 0.0144238 0.00771871
390 0.902509 0.917049 69.2293 68.3268 0.0125313 0.000944837 23 25 0.00220692 0.0142033 0.0106048
391 0.913379 0.928067 69.2346 68.3212 0.0125443 0.000912775 23 25 0.00216012 0.0142862 0.00940526
392 0.92023 0.935004 69.2379 68.3177 0.0125524 0.000892676 23 25 0.00213025 0.0143382 0.00869943
393 0.914343 0.929045 69.2351 68.3207 0.0125454 0.000909926 23 25 0.00215596 0.0142935 0.00929256
394 0.916067 0.93079 69.2359 68.3198 0.0125475 0.00090487 23 25 0.00214845 0.0143066 0.00911861
395 0.918332 0.933086 69.237 68.3187 0.0125502 0.000898219 23 25 0.00213857 0.0143238 0.00888522
396 0.91749 0.932233 69.2366 68.3191 0.0125492 0.000900706 23 25 0.0021422 0.0143176 0.00899096
397 0.912481 0.927156 69.2341 68.3217 0.0125432 0.000915425 23 25 0.00216397 0.0142795 0.00950892
398 0.939045 0.954078 69.247 68.3079 0.0125751 0.000838062 23 25 0.00204583 0.0144833 0.00732645
399 0.943265 0.958353 69.249 68.3058 0.0125802 0.000825897 23 25 0.00202658 0.0145155 0.00705362
400 0.942736 0.957815 69.2488 68.306 0.0125795 0.000827416 23 25 0.00202903 0.0145113 0.0070747
